1 -7.9497810955309043e-19 -1.3748434703159951e-18 4.3655745685100552e-19 1 1.1102230246251565e-16 -4.186185380400412e-17 -1.1102230246251565e-16 1 1.9111194201126082e-17 4.186185380400412e-17 -1.9111194201126075e-17 1 0 0 0 0 0 0 
2 0.36775411765231114 1.3956151779529135e-18 0.32599999999999996 6.123233995736766e-17 0 -1 8.3541132457301788e-33 1 5.1154190230489849e-49 1 -8.3541132457301788e-33 6.123233995736766e-17 0 0 0 0 0 0 
1 -7.9497810955309043e-19 -1.3748434703159951e-18 4.3655745685100552e-19 1 1.6653345369377348e-16 -1.410627818837521e-17 -1.6653345369377348e-16 1 2.6050088105033298e-17 1.4106278188375213e-17 -2.6050088105033295e-17 1 8.7592453721990581e-32 0 8.7592453721990581e-32 -1.5777218104420236e-29 0 2.4308034959995943e-13 
2 0.36775408489600775 1.3956155032104469e-18 0.32649029286097359 6.123233995736766e-17 0 -1 6.9389287939468697e-18 1 4.2488684685092193e-34 1 -6.9389287939468697e-18 6.123233995736766e-17 -1.3091684503312337e-05 1.6618786981995318e-22 0.09804715647131601 -3.3898766768885452e-15 -0.0018358848471290608 -4.1443150316676156e-14 
1 -7.9497810955309043e-19 -1.3748434703159936e-18 4.3655745685100455e-19 1 -3.8857805861880469e-16 -1.4106278188375219e-17 3.8857805861880469e-16 1 3.2988982008940581e-17 1.4106278188375206e-17 -3.2988982008940588e-17 1 -1.722777898594945e-32 1.5883432831566463e-31 -9.0806494076274616e-32 -2.3665827156630354e-30 0 3.5461577015485006e-14 
2 0.36775359549973108 1.3955628136307863e-18 0.32796048753336743 6.123233995736766e-17 0 -1 5.5716107695881439e-22 1 3.4116276475355208e-38 1 -5.5716107695881439e-22 6.123233995736766e-17 -0.0001042170286869127 -1.2598677607901367e-20 0.19595766205860812 4.3922520785374952e-15 -0.014653841273014126 7.6190125714546697e-14 
1 -7.9497810955309014e-19 -1.3748434703159949e-18 4.3655745685100542e-19 1 0 -4.186185380400412e-17 2.1908009333375199e-34 1 5.233406393311631e-18 4.186185380400412e-17 -5.233406393311631e-18 1 6.879255340731218e-32 1.5645433639583207e-31 -1.033374160799968e-31 -6.0035740151173027e-16 3.2154059059911602e-15 4.6504925330181683e-14 
2 0.36775148831698484 1.3955512815003055e-18 0.33040854162910027 6.123233995736766e-17 0 -1 2.8138102664565748e-21 1 1.7229618681120026e-37 1 -2.8138102664565748e-21 6.123233995736766e-17 -0.00034883679667225989 2.1910772561170335e-20 0.29359698161346376 -5.1088690569689454e-15 -0.049262347500437904 -6.5370912892895316e-14 
1 -7.9497810955309024e-19 -1.3748434703159955e-18 4.3655745685100571e-19 1 1.1102230246251565e-16 -4.186185380400412e-17 -1.1102230246251565e-16 1 1.9111194201126082e-17 4.186185380400412e-17 -1.9111194201126075e-17 1 -2.4878855815542384e-31 -2.4833652784282839e-31 3.0198079662626141e-31 5.7154428738302951e-15 -3.0610880661408947e-14 -5.1539038205458189e-15 
2 0.36774587190852326 1.3958891874464794e-18 0.33383108932337535 6.123233995736766e-17 0 -1 3.1233902964073513e-17 1 1.9125249644915826e-33 1 -3.1233902964073513e-17 6.123233995736766e-17 -0.00081729831617189416 3.2796528225437119e-21 0.39083511979145374 -1.356336917779366e-16 -0.11608907061266491 -4.0045007240752106e-15 
1 -7.9497810955308995e-19 -1.374843470315994e-18 4.3655745685100465e-19 1 0 1.3649297427253705e-17 -2.6085437384117626e-34 1 1.9111194201126088e-17 -1.3649297427253705e-17 -1.9111194201126088e-17 1 1.6004223073902564e-31 3.3020010179199779e-31 -2.8709464106115416e-31 -3.5167558695557391e-15 1.8835109826954868e-14 1.8835109826954868e-14 
2 0.36773418481990311 1.395014069585547e-18 0.33822349440789201 6.123233995736766e-17 0 -1 1.3899363772883683e-17 1 8.5109056773233409e-34 1 -1.3899363772883683e-17 6.123233995736766e-17 -0.0015727911878357485 -2.0451727183015898e-19 0.48754859410484569 2.3130369147805752e-15 -0.22498786133569237 4.3003578129030551e-14 
1 -7.9497810955309043e-19 -1.3748434703159955e-18 4.36557456851006e-19 1 1.1102230246251565e-16 -4.186185380400412e-17 -1.1102230246251565e-16 1 1.9111194201126082e-17 4.186185380400412e-17 -1.9111194201126075e-17 1 -5.7785707902655836e-32 -2.6075114814046291e-31 2.2432781626293773e-31 1.9215166632269857e-15 -1.0291296504120471e-14 -8.3969228305603368e-15 
2 0.36771327727939412 1.3921647258871721e-18 0.34357992982202995 6.123233995736766e-17 0 -1 4.4342736775318899e-20 1 2.7152095328663957e-36 1 -4.4342736775318899e-20 6.123233995736766e-17 -0.0026695157930705067 -3.4943019820021707e-19 0.58362317711840561 -4.4604077376053652e-16 -0.38496815348000568 1.06134719068951e-14 
1 -7.9497810955309034e-19 -1.3748434703159951e-18 4.3655745685100552e-19 1 0 -6.961742941963304e-17 8.474042568162118e-34 1 1.2172300297218853e-17 6.961742941963304e-17 -1.2172300297218853e-17 1 -6.7563861383866039e-33 6.6250007724173057e-32 -7.0163853601209316e-32 -2.5357282489838917e-16 1.3580902920894787e-15 9.3290520410532177e-15 
2 0.36767950903712826 1.3895070602857985e-18 0.34989348352214877 6.123233995736766e-17 0 -1 1.3960103823051912e-17 1 8.5480982313326255e-34 1 -1.3960103823051912e-17 6.123233995736766e-17 -0.0041513135417349627 -1.9958922522578132e-19 0.67895637419668742 -2.5968810435372802e-15 -0.60391838844526202 -3.4375280399956409e-14 
1 -7.9497810955309034e-19 -1.3748434703159947e-18 4.3655745685100532e-19 1 0 -1.410627818837521e-17 1.7170585418501147e-34 1 1.2172300297218859e-17 1.410627818837521e-17 -1.2172300297218859e-17 1 9.545674234308195e-33 -1.1834974844730456e-31 1.3414572994057082e-31 4.6649766071933742e-16 -2.4984772897460736e-15 -2.4947796570000272e-14 
2 0.36762885616996327 1.3882441164533449e-18 0.35715628727901699 -0.018132211182721489 3.0820869024347006e-16 -0.99983559794479471 2.7944822392339159e-18 1 3.0820869024347006e-16 0.99983559794479471 2.7944822392339159e-18 -0.018132211182721489 -0.0060511330070133667 -9.2888885226720173e-20 0.77345918354591348 -9.6884306133304676e-16 -0.8883854558083758 -2.2586099657218028e-14 
1 -7.9497810955309024e-19 -1.3748434703159953e-18 4.3655745685100571e-19 1 1.1102230246251565e-16 -4.186185380400412e-17 -1.1102230246251565e-16 1 1.9111194201126082e-17 4.186185380400412e-17 -1.9111194201126075e-17 1 -1.3288984861311403e-33 1.7737672230457873e-33 -8.0414900221287412e-33 -7.8886090522101181e-31 0 1.305212972715767e-14 
2 0.36755702095061987 1.3853105900423465e-18 0.36535966321542424 -0.02872605246301407 5.648228441981969e-16 -0.99958732180329901 4.5202018352802555e-16 1 5.5206591425778549e-16 0.99958732180329901 -4.3597497023780346e-16 -0.02872605246301407 -0.0083904416220351094 -6.7978295445516605e-19 0.86706010294298563 -2.4286128663675299e-16 -1.2430372383012094 -1.5288985355521589e-14 
1 -7.9497810955309034e-19 -1.3748434703159951e-18 4.3655745685100561e-19 1 0 -1.410627818837521e-17 7.3823886456875237e-35 1 5.233406393311631e-18 1.410627818837521e-17 -5.233406393311631e-18 1 -2.6298145355240204e-34 0 -4.2628942272057016e-33 6.1629758220391547e-32 0 -1.0253960866293299e-15 
2 0.36745954337786768 1.3720985545518948e-18 0.37449429733769302 -0.043224192205543077 5.619599603890638e-16 -0.99906539786351234 1.21508107566855e-17 1 5.619599603890638e-16 0.99906539786351234 1.21508107566855e-17 -0.043224192205543077 -0.011180563240588238 -2.0708248168374047e-18 0.959703771255495 6.6613381477509392e-16 -1.6707773075626431 1.0524567328751289e-14 
1 -7.9497810955309034e-19 -1.3748434703159951e-18 4.3655745685100561e-19 1 1.6653345369377348e-16 -1.410627818837521e-17 -1.6653345369377348e-16 1 2.6050088105033298e-17 1.4106278188375213e-17 -2.6050088105033295e-17 1 0 0 2.8178993918223787e-33 7.8886090522101181e-31 0 -1.1517500459700955e-14 
2 0.36733190152130124 1.341331430078477e-18 0.38455042354281627 -0.062351465571645136 4.5066966153273046e-16 -0.99805425440757878 4.5728876430184805e-16 1 4.2298004845402522e-16 0.99805425440757878 -4.300255707755698e-16 -0.062351465571645136 -0.014423125761759479 -4.0312661541662808e-18 1.0513542301621777 1.5612511283791264e-16 -2.1722214470753038 1.7172027688694413e-14 
1 -7.9497810955309034e-19 -1.3748434703159951e-18 4.3655745685100561e-19 1 0 -1.410627818837521e-17 1.7170585418501147e-34 1 1.2172300297218859e-17 1.410627818837521e-17 -1.2172300297218859e-17 1 0 0 -4.8754493819906851e-34 -4.9303806576313238e-31 0 7.5419872756881121e-15 
2 0.3671695947802982 1.2918410083690378e-18 0.39551801073421833 -0.08681333239579242 3.190544804689686e-16 -0.99622459582081069 1.3875283734759604e-17 1 3.190544804689686e-16 0.99622459582081069 1.3875283734759604e-17 -0.08681333239579242 -0.01811244473771062 -5.8583521018704512e-18 1.1419942806498999 -5.6898930012039273e-16 -2.7455752182875672 5.9188765000328658e-15 
1 -7.9497810955309034e-19 -1.3748434703159951e-18 4.3655745685100561e-19 1 1.6653345369377348e-16 -1.410627818837521e-17 -1.6653345369377348e-16 1 2.6050088105033298e-17 1.4106278188375213e-17 -2.6050088105033295e-17 1 -1.9118936449866199e-33 0 -1.9118936449866199e-33 1.4791141972893971e-31 0 -2.2853460935919478e-15 
2 0.36696820292759352 1.2268987744310034e-18 0.40738694134750703 -0.1172593746783452 3.268018700774981e-16 -0.99310132365738157 1.9226610546162659e-17 1 3.268018700774981e-16 0.99310132365738157 1.9226610546162659e-17 -0.1172593746783452 -0.022238463737163587 -7.1648207062155012e-18 1.2316237468847673 -7.6154360595381831e-16 -3.3865500868260594 -3.7556763254897874e-15 
1 -7.9497810955309043e-19 -1.3748434703159951e-18 4.3655745685100552e-19 1 1.1102230246251565e-16 -4.186185380400412e-17 -1.1102230246251565e-16 1 1.9111194201126082e-17 4.186185380400412e-17 -1.9111194201126075e-17 1 -1.5108230962173004e-32 0 -1.5108230962173004e-32 -2.9582283945787943e-31 0 4.6464413861940486e-15 
2 0.36672341136790448 1.1497134846830981e-18 0.4201471653535877 -0.15423892252017041 3.6136802642736384e-16 -0.98803357978350959 2.8036254314912802e-17 1 3.6136802642736384e-16 0.98803357978350959 2.8036254314912802e-17 -0.15423892252017041 -0.026789297584194526 -8.249557597638551e-18 1.320257252589278 -1.0651202142497596e-15 -4.0884047200226892 -1.3253287356462806e-15 
1 -7.9497810955309043e-19 -1.3748434703159951e-18 4.3655745685100552e-19 1 1.1102230246251565e-16 -4.186185380400412e-17 -1.1102230246251565e-16 1 1.9111194201126082e-17 4.186185380400412e-17 -1.9111194201126075e-17 1 1.6690350623806625e-32 0 1.6690350623806625e-32 1.2325951644078309e-32 0 -1.8647874502934287e-16 
2 0.3664310047377588 1.0604977409698027e-18 0.43378882101612426 -0.19814849026708378 3.7624861733891465e-16 -0.98017201337564996 3.7649807687005557e-17 1 3.7624861733891465e-16 0.98017201337564996 3.7649807687005557e-17 -0.19814849026708378 -0.031760297416610218 -9.7069943712442597e-18 1.4079149067358319 -1.2663481374630692e-15 -4.8416464388436662 -4.0939474033052647e-16 
1 -7.9497810955309034e-19 -1.3748434703159951e-18 4.3655745685100561e-19 1 1.1102230246251565e-16 -4.186185380400412e-17 -1.1102230246251565e-16 1 1.9111194201126082e-17 4.186185380400412e-17 -1.9111194201126075e-17 1 2.721030362480097e-33 0 2.721030362480097e-33 0 -0 0 
2 0.36608680246035624 9.5463290283413625e-19 0.44830229085628132 -0.249169390268006 3.624747625525431e-16 -0.96845991912596474 4.5882374690595771e-17 1 3.624747625525431e-16 0.96845991912596474 4.5882374690595771e-17 -0.249169390268006 -0.037150896638325326 -1.152668459327212e-17 1.4946226741628441 -1.7520707107365752e-15 -5.6346520410430649 4.2015002588158268e-15 
1 -7.9497810955309043e-19 -1.3748434703159951e-18 4.3655745685100552e-19 1 1.1102230246251565e-16 -4.186185380400412e-17 -1.1102230246251565e-16 1 1.9111194201126082e-17 4.186185380400412e-17 -1.9111194201126075e-17 1 -6.9923260290406989e-33 0 -6.9923260290406989e-33 0 -0 0 
2 0.36568654391877825 8.2861761015044942e-19 0.46367817767374797 -0.30719829519411296 3.1046783725137923e-16 -0.95164552614396847 4.8869115338105493e-17 1 3.1046783725137923e-16 0.95164552614396847 4.8869115338105493e-17 -0.30719829519411296 -0.042976717939929555 -1.3614444027041903e-17 1.5803986138303692 -2.491062911502695e-15 -6.4532799896043933 5.3602955407683339e-15 
1 -7.9497810955309024e-19 -1.3748434703159951e-18 4.3655745685100571e-19 1 1.1102230246251565e-16 -4.186185380400412e-17 -1.1102230246251565e-16 1 1.9111194201126082e-17 4.186185380400412e-17 -1.9111194201126075e-17 1 3.1404310313959622e-33 0 3.1404310313959622e-33 0 -0 0 
2 0.36522571122860603 6.829276772984086e-19 0.47990718152443879 -0.37177400818281353 2.1063001044942284e-16 -0.9283232663462041 4.060873225719346e-17 1 2.1063001044942284e-16 0.9283232663462041 4.060873225719346e-17 -0.37177400818281353 -0.049274632969669399 -1.5503740704705859e-17 1.6652426734241006 -2.5326962749261384e-15 -7.2809965509579442 3.1398494915180208e-15 
1 -7.9497810955309034e-19 -1.3748434703159951e-18 4.3655745685100561e-19 1 1.1102230246251565e-16 -4.186185380400412e-17 -1.1102230246251565e-16 1 1.9111194201126082e-17 4.186185380400412e-17 -1.9111194201126075e-17 1 -4.0623075998631463e-34 0 -4.0623075998631463e-34 0 -0 0 
2 0.36469928073686803 5.2070836123166059e-19 0.49697985574051995 -0.44200731344012212 2.5042096273398947e-16 -0.89701144634026031 5.8348565677176161e-17 1 2.5042096273398947e-16 0.89701144634026031 5.8348565677176161e-17 -0.44200731344012212 -0.0561099832167977 -1.6938774775546451e-17 1.7491240477169687 -2.4737156767429269e-15 -8.0986951600670061 2.1996293675385914e-15 
1 -7.9497810955309034e-19 -1.3748434703159951e-18 4.3655745685100561e-19 1 1.1102230246251565e-16 -4.186185380400412e-17 -1.1102230246251565e-16 1 1.9111194201126082e-17 4.186185380400412e-17 -1.9111194201126075e-17 1 0 0 0 0 -0 0 
2 0.36410139999827157 3.4552926241693766e-19 0.51488623278386181 -0.51652441176712938 2.9263891464514133e-16 -0.85627246367533094 8.1429394771052582e-17 1 2.9263891464514133e-16 0.85627246367533094 8.1429394771052582e-17 -0.51652441176712938 -0.063584705285935947 -1.8066546452283161e-17 1.8319668718581588 -2.7547408798511697e-15 -8.8841409434677594 2.3592239273284576e-15 
1 -7.9497810955309034e-19 -1.3748434703159951e-18 4.3655745685100561e-19 1 1.1102230246251565e-16 -4.186185380400412e-17 -1.1102230246251565e-16 1 1.9111194201126082e-17 4.186185380400412e-17 -1.9111194201126075e-17 1 0 0 0 0 -0 0 
2 0.36342498215073177 1.5951141504062893e-19 0.53361530683273606 -0.59343811503955934 3.3621467241035201e-16 -0.80487962057583162 4.6798456466108517e-16 1 7.2675208807523507e-17 0.80487962057583162 -3.3354299991491676e-16 -0.59343811503955934 -0.07184323279766254 -1.9170480762121952e-17 1.9136401308580056 -3.4069969068184491e-15 -9.6110942565238044 3.4555691641457997e-15 
1 -7.9497810955309034e-19 -1.3748434703159951e-18 4.3655745685100561e-19 1 0 -1.410627818837521e-17 1.7170585418501147e-34 1 1.2172300297218859e-17 1.410627818837521e-17 -1.2172300297218859e-17 1 0 0 0 -7.8886090522101181e-31 0 1.3551072642527875e-14 
2 0.36266123349236645 -3.6416352637699084e-20 0.55315440250831915 -0.67036662662781976 8.2096234355496825e-17 -0.74203004380121784 3.1592208113502151e-17 1 8.2096234355496825e-17 0.74203004380121784 3.1592208113502151e-17 -0.67036662662781976 -0.081086870539588282 -2.0071367004892289e-17 1.9939333903433758 -3.524958103184872e-15 -10.246794476379923 3.767819389821625e-15 
1 -7.9497810955309034e-19 -1.3748434703159951e-18 4.3655745685100561e-19 1 0 -1.410627818837521e-17 1.7170585418501147e-34 1 1.2172300297218859e-17 1.410627818837521e-17 -1.2172300297218859e-17 1 0 0 0 4.9303806576313238e-31 0 -9.3021370309775776e-15 
2 0.36179913626146187 -2.4034248686533794e-19 0.57348846244478191 -0.7445239897642334 9.1177892095318516e-17 -0.66759570749484876 4.0707785283927401e-17 1 9.1177892095318516e-17 0.66759570749484876 4.0707785283927401e-17 -0.7445239897642334 -0.091560455120033787 -2.065314984117457e-17 2.0725782723808615 -4.0314973581700997e-15 -10.751448808755669 3.8510861166685117e-15 
1 -7.9497810955309034e-19 -1.3748434703159951e-18 4.3655745685100561e-19 1 0 -1.410627818837521e-17 1.7170585418501147e-34 1 1.2172300297218859e-17 1.410627818837521e-17 -1.2172300297218859e-17 1 0 0 0 -3.944304526105059e-31 0 6.7236267848666909e-15 
2 0.36082494830446465 -4.4796252506802217e-19 0.59459933170215784 -0.81290987728526731 9.9552747921267029e-17 -0.58238950146105117 1.9378682379686523e-16 1 -9.9552747921267029e-17 0.58238950146105117 -1.9378682379686523e-16 -0.81290987728526731 -0.10355883766045217 -2.075116401116502e-17 2.1492308875068686 -3.7504721550618569e-15 -11.075687476329328 3.5804692544161298e-15 
1 -7.9497810955309034e-19 -1.3748434703159951e-18 4.3655745685100561e-19 1 1.1102230246251565e-16 -4.186185380400412e-17 -1.1102230246251565e-16 1 1.9111194201126082e-17 4.186185380400412e-17 -1.9111194201126075e-17 1 0 0 0 1.1832913578315177e-30 0 -2.2920375321012103e-14 
2 0.35972181144738724 -6.5373732650235706e-19 0.61646511669597814 -0.87261982581200892 1.0686510765531977e-16 -0.48840008149038955 1.8227643956478652e-16 1 -1.0686510765531977e-16 0.48840008149038955 -1.8227643956478652e-16 -0.87261982581200892 -0.11740727405184381 -2.0294532039791733e-17 2.2234893346345834 -3.6411845760753181e-15 -11.1605535939867 3.9412917374193057e-15 
1 -7.9497810955309034e-19 -1.3748434703159951e-18 4.3655745685100561e-19 1 0 -1.410627818837521e-17 1.7170585418501147e-34 1 1.2172300297218859e-17 1.410627818837521e-17 -1.2172300297218859e-17 1 0 0 0 -2.9582283945787943e-31 0 6.3549040323619222e-15 
2 0.35846962234899649 -8.5217805021488915e-19 0.63905973414460393 -0.92127266052231782 1.1282336148506227e-16 -0.3889173240858913 1.7009331552220937e-16 1 -1.1282336148506227e-16 0.3889173240858913 -1.7009331552220937e-16 -0.92127266052231782 -0.13341877888505596 -1.9294744909978701e-17 2.2949247226789442 -3.4191399711502868e-15 -10.942917641714587 3.5214886562329184e-15 
1 -7.9497810955309034e-19 -1.3748434703159951e-18 4.3655745685100561e-19 1 1.1102230246251565e-16 -4.186185380400412e-17 -1.1102230246251565e-16 1 1.9111194201126082e-17 4.186185380400412e-17 -1.9111194201126075e-17 1 0 0 0 -5.9164567891575885e-31 0 8.8179025308699537e-15 
2 0.35704529207239333 -1.037777302246617e-18 0.66235272954016688 -0.95749120443431268 1.172588538722225e-16 -0.28846246450956026 1.5779114329831431e-16 1 -1.172588538722225e-16 0.28846246450956026 -1.5779114329831431e-16 -0.95749120443431268 -0.15187007327689167 -1.7719426701476377e-17 2.3630965870321092 -3.2543412409324901e-15 -10.35873447047871 2.7408630920433552e-15 
1 -7.9497810955309034e-19 -1.3748434703159951e-18 4.3655745685100561e-19 1 1.6653345369377348e-16 -1.410627818837521e-17 -1.6653345369377348e-16 1 2.6050088105033298e-17 1.4106278188375213e-17 -2.6050088105033295e-17 1 0 0 0 1.9721522630525295e-31 0 -3.4356344935228826e-15 
2 0.35542354647806285 -1.2044574792116094e-18 0.68630946707786844 -0.98130580675424095 1.2017530152262924e-16 -0.19245496520071467 1.4603361562604237e-16 1 -1.2017530152262924e-16 0.19245496520071467 -1.4603361562604237e-16 -0.98130580675424095 -0.17291802985886873 -1.5511837093460089e-17 2.4276117170836198 -3.0596185307540935e-15 -9.3609918645338954 3.1120939159023919e-15 
1 -7.9497810955309034e-19 -1.3748434703159951e-18 4.3655745685100561e-19 1 1.1102230246251565e-16 -4.186185380400412e-17 -1.1102230246251565e-16 1 1.9111194201126082e-17 4.186185380400412e-17 -1.9111194201126075e-17 1 0 0 0 1.2325951644078309e-32 0 -2.289786986735803e-16 
2 0.35357818847437217 -1.3460192076341712e-18 0.7108916644152411 -0.99429550967674585 1.217660813332213e-16 -0.10666039300818408 1.3552681080406246e-16 1 -1.217660813332213e-16 0.10666039300818408 -1.3552681080406246e-16 -0.99429550967674585 -0.19658183762832485 -1.2711364882888852e-17 2.4881414485116196 -1.7487638941104944e-15 -7.9258619290279713 2.6922908347160046e-15 
1 -7.9497810955308995e-19 -1.3748434703159951e-18 4.3655745685100523e-19 1 2.2204460492503131e-16 -1.410627818837521e-17 -2.2204460492503131e-16 1 3.298898200894052e-17 1.4106278188375216e-17 -3.2988982008940514e-17 1 2.3993448223429403e-32 0 -2.3993448223429403e-32 2.9582283945787943e-31 0 -4.8070237527870817e-15 
2 0.35148368759133991 -1.45711766276096e-18 0.73605824887167148 -0.9993313757404696 1.223827970588087e-16 -0.036562295615296454 1.2694226974421053e-16 1 -1.223827970588087e-16 0.036562295615296454 -1.2694226974421053e-16 -0.9993313757404696 -0.22270643561036019 -9.4432717172214743e-18 2.5444610319020944 -2.5186694093196071e-16 -6.0647662301693979 2.1694885471434944e-15 
1 -7.9497810955309043e-19 -1.3748434703159951e-18 4.3655745685100571e-19 1 0 -1.410627818837521e-17 1.7170585418501147e-34 1 1.2172300297218859e-17 1.410627818837521e-17 -1.2172300297218859e-17 1 1.8238565128160077e-31 0 -1.8238565128160077e-31 1.9721522630525295e-30 0 -3.6540481789611001e-14 
2 0.34911692335437738 -1.5338918923434632e-18 0.76176647203462167 -0.9999131785454437 1.2245404735309335e-16 0.013177077488869527 1.2085095333784925e-16 1 -1.2245404735309335e-16 -0.013177077488869527 -1.2085095333784925e-16 -0.9999131785454437 -0.25096692121938063 -5.8780447484708062e-18 2.5964607477316988 2.884651170004509e-16 -3.8287873666869836 1.5065531287772327e-15 
1 -7.9497810955309043e-19 -1.3748434703159951e-18 4.3655745685100571e-19 1 1.1102230246251565e-16 -4.186185380400412e-17 -1.1102230246251565e-16 1 1.9111194201126082e-17 4.186185380400412e-17 -1.9111194201126075e-17 1 -1.6808490593215718e-32 0 1.6808490593215718e-32 -1.9721522630525295e-31 0 3.3675365365444561e-15 
2 0.34645877839289141 -1.5743320400619886e-18 0.78797305170584298 -0.99923738447165977 1.2237128644815912e-16 0.039046760099096148 1.1768283093749204e-16 1 -1.2237128644815912e-16 -0.039046760099096148 -1.1768283093749204e-16 -0.99923738447165977 -0.28089423572351724 -2.2104141613150662e-18 2.6441398943893177 1.7730373172799609e-15 -1.3096777364698715 3.8261494667013451e-16 
1 -7.9497810955309043e-19 -1.3748434703159951e-18 4.3655745685100561e-19 1 1.1102230246251565e-16 -4.186185380400412e-17 -1.1102230246251565e-16 1 1.9111194201126082e-17 4.186185380400412e-17 -1.9111194201126075e-17 1 2.4234316452648299e-32 0 -1.8175737339486226e-32 0 -0 0 
2 0.34349539450917205 -1.5784881269746731e-18 0.81463512373304281 -0.99924507391085771 -1.2237222813286923e-16 0.038849482170093964 -1.2722236931354908e-16 1 -1.2237222813286923e-16 -0.038849482170093964 -1.2722236931354908e-16 -0.99924507391085771 -0.31191379003515474 1.3386402625006537e-18 2.6875750499934745 2.9730288936551282e-15 1.3618231246150776 3.4090026808375473e-16 
1 -7.9497810955309014e-19 -1.3748434703159951e-18 4.3655745685100552e-19 1 1.1102230246251565e-16 -4.186185380400412e-17 -1.1102230246251565e-16 1 1.9111194201126082e-17 4.186185380400412e-17 -1.9111194201126075e-17 1 -2.5773104947038441e-31 0 1.9329828710278826e-31 0 -0 0 
2 0.34021894429126553 -1.5488114561617707e-18 0.8417107285972647 -0.99992969097271311 -1.224560695422135e-16 0.011858039939825262 -1.2391687098038218e-16 1 -1.224560695422135e-16 -0.011858039939825262 -1.2391687098038218e-16 -0.99992969097271311 -0.34340158124240761 4.5124630288063815e-18 2.7268604632181535 4.0818945479823097e-15 4.0209600208430283 -2.8658173924223096e-16 
1 -7.9497810955309014e-19 -1.3748434703159951e-18 4.3655745685100542e-19 1 1.1102230246251565e-16 -4.186185380400412e-17 -1.1102230246251565e-16 1 1.9111194201126082e-17 4.186185380400412e-17 -1.9111194201126075e-17 1 -3.3826954708742793e-32 0 -1.1317944481233543e-32 0 -0 0 
2 0.3366278632425963 -1.4902775348509254e-18 0.86915862206478611 -0.99916462821356622 -1.2236237637629991e-16 -0.040866192957577561 -1.1746001467485179e-16 1 -1.2236237637629991e-16 0.040866192957577561 -1.1746001467485179e-16 -0.99916462821356622 -0.37473989149762371 7.0735756843743467e-18 2.7620301055364216 5.0610930106120139e-15 6.4747703300664963 -9.9312918999672206e-16 
1 -7.9497810955309034e-19 -1.3748434703159951e-18 4.3655745685100552e-19 1 1.1102230246251565e-16 -4.186185380400412e-17 -1.1102230246251565e-16 1 1.9111194201126082e-17 4.186185380400412e-17 -1.9111194201126075e-17 1 1.2886630033544657e-32 0 7.019609204517688e-33 0 -0 0 
2 0.33272652505638356 -1.4100927842811023e-18 0.89693731792960452 -0.99325048204238486 1.2163810235847723e-16 -0.11598913708865205 1.3666925246188345e-16 1 -1.2163810235847723e-16 0.11598913708865205 -1.3666925246188345e-16 -0.99325048204238486 -0.4053680783322508 8.8085833506650382e-18 2.7929900932512699 5.5643965997387301e-15 8.5126523400703498 -1.5308934675495323e-15 
1 -7.9497810955309043e-19 -1.3748434703159951e-18 4.3655745685100552e-19 1 1.1102230246251565e-16 -4.186185380400412e-17 -1.1102230246251565e-16 1 1.9111194201126082e-17 4.186185380400412e-17 -1.9111194201126075e-17 1 1.0108301518511889e-33 0 1.0108301518511889e-33 0 -0 0 
2 0.32852438602007922 -1.3174901504622858e-18 0.92500349333372245 -0.97823204204075132 1.1979887391085853e-16 -0.20751402826021606 9.705154086603062e-17 1 1.1979887391085853e-16 0.20751402826021606 9.705154086603062e-17 -0.97823204204075132 -0.43483653171441011 9.5329358249578885e-18 2.8194646109967474 5.4066993937507135e-15 9.9223235211764731 -8.8991314317610204e-16 
1 -7.9497810955309053e-19 -1.3748434703159951e-18 4.3655745685100561e-19 1 0 -1.410627818837521e-17 1.7170585418501147e-34 1 1.2172300297218859e-17 1.410627818837521e-17 -1.2172300297218859e-17 1 -1.3697681184968636e-32 0 2.2670547206303886e-32 -9.8607613152626476e-31 0 1.4572556315846207e-14 
2 0.32403469025356696 -1.2231144769319781e-18 0.95331017563002518 -0.95173407389225595 1.1655380872316218e-16 -0.30692385471391742 8.4877348288998704e-17 1 1.1655380872316218e-16 0.30692385471391742 8.4877348288998704e-17 -0.95173407389225595 -0.46284227236088826 9.1555371169676119e-18 2.8410063494119426 5.0883776359089694e-15 10.512903234762918 -1.7364581994527839e-15 
1 -7.9497810955308995e-19 -1.3748434703159951e-18 4.3655745685100523e-19 1 1.6653345369377348e-16 -1.410627818837521e-17 -1.6653345369377348e-16 1 2.6050088105033298e-17 1.4106278188375213e-17 -2.6050088105033295e-17 1 3.5301884503780999e-32 0 -1.2888139747507278e-31 -1.9721522630525295e-30 0 3.3889965296057177e-14 
2 0.31927289387769975 -1.1381006035643926e-18 0.9818053912009268 -0.91467912976541887 1.1201588685141066e-16 -0.40418076348531978 7.2966812086812296e-17 1 1.1201588685141066e-16 0.40418076348531978 7.2966812086812296e-17 -0.91467912976541887 -0.4892477273835098 7.6643101739733486e-18 2.8570815006570878 5.1373835741053142e-15 10.143996094705994 -1.2073675392798577e-15 
1 -7.9497810955309043e-19 -1.3748434703159951e-18 4.3655745685100571e-19 1 0 -1.410627818837521e-17 1.7170585418501147e-34 1 1.2172300297218859e-17 1.410627818837521e-17 -1.2172300297218859e-17 1 2.5971812969193405e-31 0 -2.8932171801311151e-31 6.3108872417680944e-30 0 -1.0753303353894044e-13 
2 0.31425499661038508 -1.0732638496553669e-18 1.0104320178902002 -0.87204238274903012 1.0679439127544309e-16 -0.48943036551627456 6.2526746861232845e-17 1 1.0679439127544309e-16 0.48943036551627456 6.2526746861232845e-17 -0.87204238274903012 -0.51408024167621402 5.1461458868607653e-18 2.8672234636512126 3.9144035235416652e-15 8.7568666315455594 -7.3205330686221259e-16 
1 -7.9497810955309043e-19 -1.3748434703159953e-18 4.3655745685100571e-19 1 0 -1.410627818837521e-17 1.7170585418501147e-34 1 1.2172300297218859e-17 1.410627818837521e-17 -1.2172300297218859e-17 1 5.4856889201978214e-32 2.7328671743194903e-31 -5.4856889201978214e-32 4.7331654313260708e-30 0 -9.575067543908525e-14 
2 0.30899595695489268 -1.0378426535206422e-18 1.0391292262080085 -0.83207436911564669 1.01899721279003e-16 -0.5546640823604847 5.4537920608258177e-17 1 1.01899721279003e-16 0.5546640823604847 5.4537920608258177e-17 -0.83207436911564669 -0.53751707136667481 1.8312276634173348e-18 2.871182575630133 2.454633718507182e-15 6.3948501000458657 4.7878367936959876e-16 
1 -7.9497810955309034e-19 -1.3748434703159953e-18 4.3655745685100552e-19 1 0 -1.410627818837521e-17 1.7170585418501147e-34 1 1.2172300297218859e-17 1.410627818837521e-17 -1.2172300297218859e-17 1 0 1.1351808659474721e-31 -3.2356152097356973e-32 -2.4207198359382519e-15 1.2964938614276054e-14 -1.1061620275678381e-14 
2 0.30350831164008096 -1.038146171127276e-18 1.0678352836713723 -0.80412693326643603 9.8477147493291818e-17 -0.59445763111891903 4.9664616396885096e-17 1 9.8477147493291818e-17 0.59445763111891903 4.9664616396885096e-17 -0.80412693326643603 -0.5598607812036076 -1.9351825995462082e-18 2.8690361060246463 3.2222488566269192e-16 3.2139343929638793 2.1857515797307769e-16 
1 -7.9497810955309034e-19 -1.3748434703159951e-18 4.3655745685100561e-19 1 1.1102230246251565e-16 -4.186185380400412e-17 -1.1102230246251565e-16 1 1.9111194201126082e-17 4.186185380400412e-17 -1.9111194201126075e-17 1 0 1.0830739963436133e-32 -8.4240229343876846e-32 -6.302417961911103e-15 3.3754613311547448e-14 -4.4985080204692367e-14 
2 0.29780105108230476 -1.0768750920749943e-18 1.0964909271110661 -0.79586279889526534 9.7465082922754042e-17 -0.60547700644582236 4.8315132124615549e-17 1 9.7465082922754042e-17 0.60547700644582236 4.8315132124615549e-17 -0.79586279889526534 -0.58151469139043255 -5.7989894611584822e-18 2.8611920048373034 -1.5242798342973707e-15 -0.52557042201814641 2.8384412875670506e-16 
1 -7.9497810955309034e-19 -1.3748434703159951e-18 4.3655745685100561e-19 1 1.1102230246251565e-16 -4.186185380400412e-17 -1.1102230246251565e-16 1 1.9111194201126082e-17 4.186185380400412e-17 -1.9111194201126075e-17 1 -7.2786769078667878e-33 0 -8.5141398337941118e-33 -9.2430941799253116e-17 4.9504344480350306e-16 -5.9547606665255738e-15 
2 0.29187869243335524 -1.1532614084868787e-18 1.1250422328017808 -0.81075071045711611 9.9288326246774977e-17 -0.58539156595673758 5.0774889165057789e-17 1 9.9288326246774977e-17 0.58539156595673758 5.0774889165057789e-17 -0.81075071045711611 -0.60296915102230564 -9.4047990059748525e-18 2.8482846180272099 -3.0132146777717139e-15 -4.4776286251639084 1.132774429812855e-15 
1 -7.9497810955309024e-19 -1.3748434703159951e-18 4.3655745685100571e-19 1 1.1102230246251565e-16 -4.186185380400412e-17 -1.1102230246251565e-16 1 1.9111194201126082e-17 4.186185380400412e-17 -1.9111194201126075e-17 1 3.2964345832508837e-32 0 3.2964345832508837e-32 0 -0 0 
2 0.28574042770279773 -1.2628061806720563e-18 1.1534420527579625 -0.84647539472099609 1.0366333827020602e-16 -0.5324278412441763 5.7261074759073753e-17 1 1.0366333827020602e-16 0.5324278412441763 5.7261074759073753e-17 -0.84647539472099609 -0.62479814251416155 -1.2359583022407433e-17 2.8310014832376531 -4.4911990793039536e-15 -8.2324117290005123 1.5230872119076366e-15 
1 -7.9497810955309034e-19 -1.3748434703159951e-18 4.3655745685100561e-19 1 1.1102230246251565e-16 -4.186185380400412e-17 -1.1102230246251565e-16 1 1.9111194201126082e-17 4.186185380400412e-17 -1.9111194201126075e-17 1 5.0363795945826124e-33 0 5.0363795945826124e-33 0 -0 0 
2 0.27937934172076218 -1.3970172013132922e-18 1.1816494714136871 -0.89478404668366129 1.0957944186992617e-16 -0.446499171108314 6.7784301842761009e-17 1 1.0957944186992617e-16 0.446499171108314 6.7784301842761009e-17 -0.89478404668366129 -0.64764391259533349 -1.4291669525940808e-17 2.8098683765603467 -5.872038966181492e-15 -11.347454667950116 2.4945323584546486e-15 
1 -7.9497810955309034e-19 -1.3748434703159951e-18 4.3655745685100561e-19 1 1.1102230246251565e-16 -4.186185380400412e-17 -1.1102230246251565e-16 1 1.9111194201126082e-17 4.186185380400412e-17 -1.9111194201126075e-17 1 0 0 0 0 -0 0 
2 0.27278197353688294 -1.5443725381257433e-18 1.2096272715549758 -0.9433915033552619 1.155321384926831e-16 -0.33168127984120382 8.1845438145272539e-17 1 1.155321384926831e-16 0.33168127984120382 8.1845438145272539e-17 -0.9433915033552619 -0.67215875410226622 -1.4943668865818735e-17 2.7850760406665591 -6.1357169345299667e-15 -13.395017463614673 2.4563684419831588e-15 
1 -7.9497810955309034e-19 -1.3748434703159951e-18 4.3655745685100561e-19 1 1.1102230246251565e-16 -4.186185380400412e-17 -1.1102230246251565e-16 1 1.9111194201126082e-17 4.186185380400412e-17 -1.9111194201126075e-17 1 0 0 0 0 -0 0 
2 0.26592876114779984 -1.6910824568361943e-18 1.2373381365008727 -0.98013121162634897 -1.2003145510626253e-16 -0.19835021551756651 -9.8173784260357763e-17 1 -1.2003145510626253e-16 0.19835021551756651 -9.8173784260357763e-17 -0.98013121162634897 -0.69888598358570064 -1.4164995503370466e-17 2.7564166149069265 -4.485778068441526e-15 -14.030505244693211 1.6774776012695725e-15 
1 -7.9497810955309034e-19 -1.3748434703159951e-18 4.3655745685100561e-19 1 1.1102230246251565e-16 -4.186185380400412e-17 -1.1102230246251565e-16 1 1.9111194201126082e-17 4.186185380400412e-17 -1.9111194201126075e-17 1 0 0 0 0 -0 0 
2 0.2587959080068008 -1.8232416466279637e-18 1.2647410494331888 -0.9980271423229935 -1.2222307453080339e-16 -0.062783940515065639 -1.1477586473577202e-16 1 -1.2222307453080339e-16 0.062783940515065639 -1.1477586473577202e-16 -0.9980271423229935 -0.72810296388567874 -1.2054317291595585e-17 2.7233899700156479 -4.4822679639081042e-15 -13.068546445114162 2.3596576081974519e-15 
1 -7.9497810955309034e-19 -1.3748434703159951e-18 4.3655745685100561e-19 1 1.1102230246251565e-16 -4.186185380400412e-17 -1.1102230246251565e-16 1 1.9111194201126082e-17 4.186185380400412e-17 -1.9111194201126075e-17 1 0 0 0 0 -0 0 
2 0.25135875261888729 -1.9283247560357422e-18 1.2917895411308984 -0.99840745840531819 -1.2226964981809171e-16 0.056414067400186035 -1.2937341062158741e-16 1 -1.2226964981809171e-16 -0.056414067400186035 -1.2937341062158741e-16 -0.99840745840531819 -0.75968936511787932 -8.8053960257533501e-18 2.6854534380400006 -3.0959257510052018e-15 -10.538774231632955 2.9069628648681345e-15 
1 -7.9497810955309043e-19 -1.3748434703159953e-18 4.3655745685100561e-19 1 1.1102230246251565e-16 1.3649297427253705e-17 -1.1102230246251565e-16 1 2.6050088105033298e-17 -1.3649297427253702e-17 -2.6050088105033298e-17 1 5.6754493546976457e-32 -2.5491129049621283e-32 0 -9.5355717121753164e-16 5.1070801364530101e-15 -2.7848304825558789e-14 
2 0.24359604285214112 -1.9970432191648288e-18 1.3184326584168589 -0.98971350215188325 -1.2120494724832209e-16 0.14306356509696697 -1.3998491362179628e-16 1 -1.2120494724832209e-16 -0.14306356509696697 -1.3998491362179628e-16 -0.98971350215188325 -0.79308635982025322 -4.8633272980452001e-18 2.6422916655177193 -9.915028867379938e-16 -6.6975833794440431 9.8358821087884962e-16 
1 -7.9497810955309034e-19 -1.3748434703159951e-18 4.3655745685100561e-19 1 0 -1.410627818837521e-17 1.7170585418501147e-34 1 1.2172300297218859e-17 1.410627818837521e-17 -1.2172300297218859e-17 1 5.9817984328977905e-33 7.9546280263108445e-33 0 2.9756204929532088e-16 -1.5936886399564323e-15 -2.9903710787718684e-14 
2 0.23549406584333332 -2.0248566044453595e-18 1.3446181000274036 -0.98247024813812645 -1.2031790446398623e-16 0.1864194504964764 -1.4529447824966716e-16 1 -1.2031790446398623e-16 -0.1864194504964764 -1.4529447824966716e-16 -0.98247024813812645 -0.82736362668111474 -7.0952219592038394e-19 2.5939586784149586 1.6930087973904273e-15 -1.9970917420819307 3.4629417389187012e-16 
1 -7.9497810955309034e-19 -1.3748434703159949e-18 4.3655745685100561e-19 1 0 -1.410627818837521e-17 1.7170585418501147e-34 1 1.2172300297218859e-17 1.410627818837521e-17 -1.2172300297218859e-17 1 2.3605783060365222e-32 4.5665602801340637e-32 4.6438584461035538e-32 -5.9164567891575885e-31 0 1.155632818907582e-14 
2 0.22704970714065389 -2.0124469632338794e-18 1.3702958223049855 -0.98337558480627407 -1.2042877622926601e-16 0.18158320188530205 -1.4470220861151161e-16 1 -1.2042877622926601e-16 -0.18158320188530205 -1.4470220861151161e-16 -0.98337558480627407 -0.86135740943705197 3.0862687506761656e-18 2.5408261632707583 3.8183703161137617e-15 2.9712880718481403 -2.0686577451023425e-16 
1 -7.9497810955309034e-19 -1.3748434703159949e-18 4.3655745685100561e-19 1 0 -1.410627818837521e-17 1.7170585418501147e-34 1 1.2172300297218859e-17 1.410627818837521e-17 -1.2172300297218859e-17 1 -2.8705621206904024e-32 3.0614124625526178e-32 2.5217681947655504e-32 -1.5777218104420236e-30 0 2.7740240428683508e-14 
2 0.21827201515076816 -1.965942351495221e-18 1.3954202187806561 -0.99163448811168076 -1.214402001790094e-16 0.1290776587465271 -1.382721340772722e-16 1 -1.214402001790094e-16 -0.1290776587465271 -1.382721340772722e-16 -0.99163448811168076 -0.89382499995787335 6.0367215076241064e-18 2.4833654893626695 5.5821775153674924e-15 7.5347964729352714 -1.1969591984239969e-16 
1 -7.9497810955309024e-19 -1.3748434703159951e-18 4.3655745685100552e-19 1 1.6653345369377348e-16 -1.410627818837521e-17 -1.6653345369377348e-16 1 2.6050088105033298e-17 1.4106278188375213e-17 -2.6050088105033295e-17 1 -6.9822537308074735e-32 -5.3198576286352142e-33 7.2482466122392344e-32 -3.944304526105059e-30 0 5.5955041091930946e-14 
2 0.20918218997319452 -1.89600512868563e-18 1.4199497415726476 -0.99936857139918334 -1.223873522132473e-16 0.035531092011862879 -1.2681598372498911e-16 1 -1.223873522132473e-16 -0.035531092011862879 -1.2681598372498911e-16 -0.99936857139918334 -0.92360645787017281 7.7090026108335049e-18 2.4218743928943209 6.4930089842089866e-15 11.009613781475897 2.1640675362810669e-16 
1 -7.9497810955309034e-19 -1.3748434703159951e-18 4.3655745685100561e-19 1 1.1102230246251565e-16 -4.186185380400412e-17 -1.1102230246251565e-16 1 1.9111194201126082e-17 4.186185380400412e-17 -1.9111194201126075e-17 1 -4.8834244285585484e-34 0 4.8834244285585484e-34 -1.1832913578315177e-30 0 2.0599189244686647e-14 
2 0.19981189020265289 -1.8168190860096618e-18 1.4438441145122713 -0.99637876629474142 -1.2202120668812439e-16 -0.085025608359888052 -1.3287731382708464e-16 1 1.2202120668812439e-16 0.085025608359888052 1.3287731382708464e-16 -0.99637876629474142 -0.94980050926086301 7.8683291875199082e-18 2.3562940074220031 6.4986807168238014e-15 12.803708674116709 -5.126107871511465e-16 
1 -7.9497810955309034e-19 -1.3748434703159949e-18 4.3655745685100561e-19 1 1.1102230246251565e-16 -4.186185380400412e-17 -1.1102230246251565e-16 1 1.9111194201126082e-17 4.186185380400412e-17 -1.9111194201126075e-17 1 -1.1170901440215452e-32 1.8881721601710254e-31 -1.0557950944876671e-31 -2.3665827156630354e-30 0 3.5676856003321657e-14 
2 0.19019978762895343 -1.7438311578457514e-18 1.4670607321529294 -0.97726256506242426 -1.1968014722302298e-16 -0.21203273079317486 -1.4843120042276871e-16 1 1.1968014722302298e-16 0.21203273079317486 1.4843120042276871e-16 -0.97726256506242426 -0.97192997924002034 6.477558514206316e-18 2.286245083889884 5.141286701926262e-15 12.544803146168681 -1.1449174941446927e-15 
1 -7.9497810955309024e-19 -1.3748434703159953e-18 4.3655745685100552e-19 1 0 1.3649297427253705e-17 -2.6085437384117626e-34 1 1.9111194201126088e-17 -1.3649297427253705e-17 -1.9111194201126088e-17 1 -8.630222310169019e-32 -2.7983343341211886e-31 -9.5331438682193266e-32 -3.7144545874255298e-15 1.9893948484469102e-14 -2.6959157209870792e-14 
2 0.18038674948887215 -1.6917923181069438e-18 1.4895526494308566 -0.94636616003994656 -1.1589642887142923e-16 -0.32309610200565136 -1.6203254062855609e-16 1 1.1589642887142923e-16 0.32309610200565136 1.6203254062855609e-16 -0.94636616003994656 -0.99003877667836504 3.7439033155108207e-18 2.2112971983317649 3.3644961816570174e-15 10.190995324134347 -6.9388939039072284e-18 
1 -7.9497810955309034e-19 -1.3748434703159957e-18 4.3655745685100532e-19 1 -5.5511151231257815e-17 1.2467159988976935e-16 5.5511151231257827e-17 1 -9.1911108261389536e-17 -1.2467159988976935e-16 9.1911108261389548e-17 1 -2.7245083448733042e-32 7.2895538303534869e-32 -9.0211988728493152e-33 -3.9045622552059093e-14 -1.4847098325183078e-14 2.4267044827959808e-16 
2 0.17041067090453668 -1.6717678086238367e-18 1.5112698607005719 -0.91651543857495021 -1.1224076982199453e-16 -0.39999931356661933 -1.7145046781678521e-16 1 1.1224076982199453e-16 0.39999931356661933 1.7145046781678521e-16 -0.91651543857495021 -1.0046624623297646 1.7048196475740116e-19 2.1313219138192925 8.8514265361716582e-16 6.0602452804201672 3.1918911957973251e-16 
