1 -2.0586748800433875e-18 3.1224405777013299e-19 0.0099999999999999967 1 0 0 0 1 0 0 0 1 -0 -0 -0 0 0 0 
2 0.059743460000000061 -3.9735044185646651e-19 0.010000000000000002 1 7.620327770341253e-34 -2.2204460492503131e-16 -7.620327770341253e-34 1 -1.7105694144590052e-49 2.2204460492503131e-16 3.4026220836236734e-49 1 0 0 0 0 0 0 
1 -2.0586748800433875e-18 3.1224405777013299e-19 0.0099999999999999967 1 0 0 0 1 0 0 0 1 0 0 0 0 0 0 
2 0.059492467703055114 -0.0054706102819995278 0.010000000000000002 0.99579878691358703 0.091568422403296851 -2.9446930641180849e-16 -0.091568422403296851 0.99579878691358703 6.9388938182458557e-18 2.9386756166832503e-16 2.0054347787590919e-17 1 -0.025067666303411798 -0.27260883989323054 0 -7.099355825435083e-15 1.4488410471358293e-14 -4.5822410518866281 
1 -2.0586748800433875e-18 3.1224405777013299e-19 0.0099999999999999967 1 0 0 0 1 0 0 0 1 0 0 0 0 0 0 
2 0.055802324649709412 -0.021339700966240504 0.010000000000000002 0.93403218620535799 0.35718885079526136 2.775557412404595e-17 -0.35718885079526136 0.93403218620535799 0 -2.5924599578467502e-17 -9.913981624530666e-18 1 -0.19313856077239425 -0.50502871237997549 0 -9.7699626167013776e-15 -1.1768364061026659e-14 -9.0503553381713857 
1 -2.0586748800433875e-18 3.1224405777013299e-19 0.0099999999999999967 1 0 0 0 1 0 0 0 1 0 0 0 0 0 0 
2 0.04130584057498625 -0.043163748381936234 0.010000000000000002 0.69138684301796505 0.72248476336989409 2.7755574905519764e-17 -0.72248476336989409 0.69138684301796505 0 -1.9189839310075963e-17 -2.0052979967809819e-17 1 -0.55561077812527848 -0.53169941476522442 0 0 -4.4408920985006262e-16 -12.872144532360833 
1 -2.0586748800433875e-18 3.1224405777013299e-19 0.0099999999999999967 1 0 0 0 1 0 0 0 1 0 0 0 0 0 0 
2 0.011779900402151237 -0.05857059084548949 0.010000000000000002 0.19717486168514031 0.980368335840895 0 -0.980368335840895 0.19717486168514031 0 0 0 1 -0.87822636645682484 -0.17663085093373754 0 -8.4376949871511897e-15 -1.021405182655144e-14 -14.994305586605538 
1 -2.0586748800433875e-18 3.1224405777013299e-19 0.0099999999999999967 1 0 0 0 1 0 0 0 1 0 0 0 0 0 0 
2 -0.023324108282915847 -0.055002418039075254 0.010000000000000002 -0.39040446151220165 0.92064344696053091 -1.1102230643380036e-16 -0.92064344696053091 -0.39040446151220165 -1.1102230643380036e-16 -1.4555556264385276e-16 5.8868355125591817e-17 1 -0.79917883500252074 0.33889537833978062 0 3.8191672047105385e-14 -2.9753977059954195e-14 -14.529871177423225 
1 -2.0586748800433875e-18 3.1224405777013299e-19 0.0099999999999999967 1 0 0 0 1 0 0 0 1 0 0 0 0 0 0 
2 -0.047957974402297231 -0.035627428866078781 0.010000000000000002 -0.80273182227126638 0.59634018941628608 -2.2204460434889429e-16 -0.59634018941628608 -0.80273182227126638 0 -1.7824226987449028e-16 1.3241412141628393e-16 1 -0.41662335373338388 0.56081530533287849 0 -4.4408920985006262e-15 1.5210055437364645e-13 -11.693847615766003 
1 -2.0586748800433875e-18 3.1224405777013299e-19 0.0099999999999999967 1 0 0 0 1 0 0 0 1 0 0 0 0 0 0 
2 -0.057864282238392857 -0.014866266563303813 0.010000000000000002 -0.96854587996487429 0.2488350425544347 1.6653345348818829e-16 -0.2488350425544347 -0.96854587996487429 2.7755575581364715e-17 1.682018500832185e-16 -1.4556810610085843e-17 1 -0.11229726163194909 0.43711074627835006 0 -4.3076653355456074e-14 1.9551027463649007e-13 -7.554029726432919 
1 -2.0586748800433875e-18 3.1224405777013299e-19 0.0099999999999999967 1 0 0 0 1 0 0 0 1 0 0 0 0 0 0 
2 -0.059696513206003887 -0.0023679826359617072 0.010000000000000002 -0.99921419099181863 0.039635848932062949 0 -0.039635848932062949 -0.99921419099181863 2.0816681696085226e-17 8.2508685097287397e-19 2.0800323760087997e-17 1 -0.0071408826325597254 0.18001457677428859 0 7.9936057773011271e-15 -5.5046245339696043e-14 -3.0154924528959586 
1 -2.0586748800433875e-18 3.1224405777013299e-19 0.0099999999999999967 1 0 0 0 1 0 0 0 1 0 0 0 0 0 0 
2 -0.059740018928694925 -0.00064121360930860885 0.010000000000000002 -0.99994240188593919 0.010732796028014252 0 -0.010732796028014252 -0.99994240188593919 0 0 0 1 0.0010067819331915241 -0.09380159787044566 0 0 0 1.5701751804841024 
1 -2.0586748800433875e-18 3.1224405777013299e-19 0.0099999999999999967 1 0 0 0 1 0 0 0 1 0 0 0 0 0 0 
2 -0.058931003351263264 -0.0098192715889320933 0.010000000000000002 -0.98640087105323315 0.16435729854625553 0 -0.16435729854625553 -0.98640087105323315 0 0 0 1 0.060297729245902265 -0.3618166745681819 0 0 0 6.1394771995876756 
1 -2.0586748800433875e-18 3.1224405777013299e-19 0.0099999999999999967 1 0 0 0 1 0 0 0 1 0 0 0 0 0 0 
2 -0.052457193208657354 -0.028592379294882939 0.010000000000000002 -0.87804073697063179 0.47858590056547828 0 -0.47858590056547828 -0.87804073697063179 2.7755575310703128e-17 1.3283427005785811e-17 2.4370525800853646e-17 1 0.29954689076597724 -0.5495741094289619 0 1.7763568394002505e-14 4.2188474935755949e-15 10.476560996964297 
1 -2.0586748800433875e-18 3.1224405777013299e-19 0.0099999999999999967 1 0 0 0 1 0 0 0 1 0 0 0 0 0 0 
2 -0.032750435781409286 -0.049966888770428444 0.010000000000000002 -0.54818447560166228 0.8363574479308058 0 -0.8363574479308058 -0.54818447560166228 5.5511151215506974e-17 4.6427164762302462e-17 3.0430351319117269e-17 1 0.69202472899623402 -0.45358268948725422 0 -8.8817841970012523e-16 -4.4408920985006262e-16 13.849623379548909 
1 -2.0586748800433875e-18 3.1224405777013299e-19 0.0099999999999999967 1 0 0 0 1 0 0 0 1 0 0 0 0 0 0 
2 0.00049254869055890215 -0.059741420780260492 0.010000000000000002 0.0082443297882912759 0.9999660149356786 -1.1102230701234224e-16 -0.9999660149356786 0.0082443297882912759 -1.1102230701234224e-16 -1.1010322939923064e-16 1.1193383842496399e-16 1 0.90468490125015188 0.0074533375899785322 0 -9.1926466438962962e-14 2.1316282072803006e-14 15.143382925804209 
1 -2.0586748800433875e-18 3.1224405777013299e-19 0.0099999999999999967 1 0 0 0 1 0 0 0 1 0 0 0 0 0 0 
2 0.033497310477356108 -0.049469285926375117 0.010000000000000002 0.56068596477023624 0.82802853145871091 -4.1633364732073522e-17 -0.82802853145871091 0.56068596477023624 -5.5511152976098021e-17 -2.262157520694452e-17 6.5597938220695407e-17 1 0.68166226554415354 0.46157822961585265 0 -1.8207657603852567e-14 8.8817841970012523e-15 13.779538326572313 
1 -2.0586748800433875e-18 3.1224405777013299e-19 0.0099999999999999967 1 0 0 0 1 0 0 0 1 0 0 0 0 0 0 
2 0.052776985657082658 -0.027997695836316578 0.010000000000000002 0.88339351937174682 0.46863193439201212 6.9388938421890091e-18 -0.46863193439201212 0.88339351937174682 8.3266726106268106e-17 3.2891673073871987e-17 -7.6809073465385349e-17 1 0.29023467935864633 0.54710397503356945 0 6.9944050551384862e-15 1.021405182655144e-14 10.366371226974728 
1 -2.0586748800433875e-18 3.1224405777013299e-19 0.0099999999999999967 1 0 0 0 1 0 0 0 1 0 0 0 0 0 0 
2 0.058994378865899658 -0.0094310311290068307 0.010000000000000002 0.98746169495137037 0.15785880084355997 5.6378512791148378e-18 -0.15785880084355997 0.98746169495137037 0 -5.5671621799584895e-18 -8.8998444225539901e-19 1 0.056742035817757247 0.35496413113026315 3.2550682597361451e-16 1.672273430841642e-14 1.1873835248366049e-13 6.0168969119588374 
1 -2.0586748800433875e-18 3.1224405777013299e-19 0.0099999999999999967 1 0 0 0 1 0 0 0 1 0 0 0 0 0 0 
2 0.059740989938793072 -0.00054332545720127152 0.010000000000000002 0.99995864576613536 0.0090943255690904955 -1.8310988795209562e-16 -0.0090943255690904955 0.99995864576613536 8.6736173552787936e-19 1.8311020365297538e-16 7.9793506950821566e-19 1 0.00078558142980287465 0.08638127568238696 0 7.448977144743768e-17 1.8713763177968801e-14 1.4459305097640265 
1 -2.0586748800433875e-18 3.1224405777013299e-19 0.0099999999999999967 1 0 0 0 1 0 0 0 1 0 0 0 0 0 0 
2 0.059688295864698898 -0.0025668110728497861 0.010000000000000002 0.99907661870029318 0.042964054352319585 -2.0193265287121536e-17 -0.042964054352319585 0.99907661870029318 0 2.0174619203575389e-17 8.6758454734669811e-19 1 -0.0080586670918747234 -0.18739610262419926 0 4.5861751896136838e-17 6.9388939039072284e-18 -3.1395841069319328 
1 -2.0586748800433875e-18 3.1224405777013299e-19 0.0099999999999999967 1 0 0 0 1 0 0 0 1 0 0 0 0 0 0 
2 0.057739755840401412 -0.015342835562165459 0.010000000000000002 0.9664613879917312 0.25681196529970396 -2.4286127626387501e-17 -0.25681196529970396 0.9664613879917312 -2.7755574430157144e-17 1.6343640997311922e-17 3.3061659153529487e-17 1 -0.11774169378993095 -0.44311357576531729 -6.5994779498344187e-17 -9.0205620750793969e-15 1.27675647831893e-15 -7.6743228230567375 
1 -2.0586748800433875e-18 3.1224405777013299e-19 0.0099999999999999967 1 0 0 0 1 0 0 0 1 0 0 0 0 0 0 
2 0.047500207546535354 -0.036235518381336644 0.010000000000000002 0.79506948158793289 0.60651835870606241 -1.8041123039195171e-16 -0.60651835870606241 0.79506948158793289 0 1.4343946342037017e-16 1.0942272334946783e-16 1 -0.4273627086096588 -0.56021480261876144 0 -2.2537527399890678e-14 -1.0658141036401503e-14 -11.793999613322285 
1 -2.0586748800433875e-18 3.1224405777013299e-19 0.0099999999999999967 1 0 0 0 1 0 0 0 1 0 0 0 0 0 0 
2 0.022450694516657297 -0.055364675507783165 0.010000000000000002 0.37578498257305887 0.92670688293147252 0 -0.92670688293147252 0.37578498257305887 0 0 0 1 -0.80713232238484134 -0.3272952201631637 0 -2.7977620220553945e-14 2.1316282072803006e-14 -14.578419588670496 
1 -2.0586748800433875e-18 3.1224405777013299e-19 0.0099999999999999967 1 0 0 0 1 0 0 0 1 0 0 0 0 0 0 
2 -0.012733210348876834 -0.058370762949265943 0.010000000000000002 -0.21313145810177178 0.97702353173678103 5.5511152058896534e-17 -0.97702353173678103 -0.21313145810177178 -5.5511152058896534e-17 -4.2404529056138786e-17 -6.6066874614582359e-17 1 -0.87372013057787945 0.19058747364570142 0 -4.4408920985006262e-14 -3.2862601528904634e-14 -14.9684364735065 
1 -2.0586748800433875e-18 3.1224405777013299e-19 0.0099999999999999967 1 0 0 0 1 0 0 0 1 0 0 0 0 0 0 
2 -0.041903477613242993 -0.042583794507486207 0.010000000000000002 -0.70139021273005353 0.71277750349354474 -5.5511151255545104e-17 -0.71277750349354474 -0.70139021273005353 5.5511151255545104e-17 6.3212161996302945e-19 7.8502077995996949e-17 1 -0.54442018844195594 0.53572326699925621 0 2.3092638912203256e-14 9.3258734068513149e-15 -12.784712473216718 
1 -2.0586748800433875e-18 3.1224405777013299e-19 0.0099999999999999967 1 0 0 0 1 0 0 0 1 0 0 0 0 0 0 
2 -0.056008002275518005 -0.020793864757885274 0.010000000000000002 -0.93747502354992762 0.3480525538191937 1.1102230187042863e-16 -0.3480525538191937 -0.93747502354992762 0 1.0408063506054726e-16 -3.864159569688813e-17 1 -0.18577390825211529 0.50037674898589279 0 -3.730349362740526e-14 2.453592884421596e-14 -8.9340392553525891 
1 -2.0586748800433875e-18 3.1224405777013299e-19 0.0099999999999999967 1 0 0 0 1 0 0 0 1 0 0 0 0 0 0 
2 -0.059518683036860129 -0.0051775942777834696 0.010000000000000002 -0.996237616310504 0.086663786254496764 0 -0.086663786254496764 -0.996237616310504 1.3877787749136296e-17 1.2027016311764216e-18 1.3825574186862658e-17 1 -0.023086091894709022 0.26537892465929613 0 0 1.572353358625378e-14 -4.4587482906145963 
1 -2.0586748800433875e-18 3.1224405777013299e-19 0.0099999999999999967 1 0 0 0 1 0 0 0 1 0 0 0 0 0 0 
2 -0.059743460013612852 -1.9797544491750892e-06 0.010000000000000002 -0.99999999945061935 3.3147568660399639e-05 1.6653345365597033e-16 -3.3147568660399639e-05 -0.99999999945061935 8.8091426494450449e-20 1.6653345648449668e-16 8.2571247356739956e-20 1 2.3041153670921925e-07 -0.007410924057980656 0 -2.3592239273284576e-16 -1.0702282464381766e-15 0.1240493173731522 
1 -2.0586748800433875e-18 3.1224405777013299e-19 0.0099999999999999967 1 0 0 0 1 0 0 0 1 0 0 0 0 0 0 
2 -0.059464439561082952 -0.0057673360193298091 0.010000000000000002 -0.99532956975847731 0.096535214115909498 0 -0.096535214115909498 -0.99532956975847731 1.3877787362489082e-17 1.3396951744929465e-18 1.3812972124705892e-17 1 0.027137354195424724 -0.27981266779072961 0 2.2204460492503131e-15 -8.2017725944183439e-15 4.7055825178511981 
1 -2.0586748800433875e-18 3.1224405777013299e-19 0.0099999999999999967 1 0 0 0 1 0 0 0 1 0 0 0 0 0 0 
2 -0.055590129705377828 -0.021886511900280788 0.010000000000000002 -0.93048046999023148 0.36634150047020042 -1.6653344726560323e-16 -0.36634150047020042 -0.93048046999023148 -2.7755574544267202e-17 -1.6512413910575127e-16 3.5182092902957427e-17 1 0.20060986935231967 -0.50954797214407832 0 0 -6.2172489379008766e-15 9.1661230634656796 
1 -2.0586748800433875e-18 3.1224405777013299e-19 0.0099999999999999967 1 0 0 0 1 0 0 0 1 0 0 0 0 0 0 
2 -0.040700071492811629 -0.043735403429312848 0.010000000000000002 -0.68124731674037375 0.73205334056613713 0 -0.73205334056613713 -0.68124731674037375 0 0 0 1 0.56669305957724281 -0.52735326230515178 0 1.9539925233402755e-14 7.9936057773011271e-15 12.957328679530727 
1 -2.0586748800433875e-18 3.1224405777013299e-19 0.0099999999999999967 1 0 0 0 1 0 0 0 1 0 0 0 0 0 0 
2 -0.010829017576982939 -0.05875382941350614 0.010000000000000002 -0.18125875851713918 0.98343543888799601 5.551115323498744e-17 -0.98343543888799601 -0.18125875851713918 -5.551115323498744e-17 -4.4529752625600172e-17 -6.4653518064057175e-17 1 0.88236510093311127 -0.16262868312768428 0 -1.3322676295501878e-14 -1.1990408665951691e-14 15.017973128929221 
1 -2.0586748800433875e-18 3.1224405777013299e-19 0.0099999999999999967 1 0 0 0 1 0 0 0 1 0 0 0 0 0 0 
2 0.02418349671857031 -0.054630018397691778 0.010000000000000002 0.40478908025393395 0.91441008333634111 5.551115239471239e-17 -0.91441008333634111 0.40478908025393395 5.551115239471239e-17 2.8289649165653697e-17 -7.3230265809036884e-17 1 0.79108024344557371 0.35019775347910975 0 -8.8817841970012523e-15 5.773159728050814e-15 14.480735441858805 
1 -2.0586748800433875e-18 3.1224405777013299e-19 0.0099999999999999967 1 0 0 0 1 0 0 0 1 0 0 0 0 0 0 
2 0.048402656120490953 -0.035020906286553063 0.010000000000000004 0.81017499471408427 0.58618809092307012 -6.938893894372547e-18 -0.58618809092307012 0.81017499471408427 0 5.6217183241948702e-18 4.0674969650599908e-18 1 0.40603652341622043 0.56118539921752597 6.1470241407993611e-16 1.5543122344752192e-15 3.9968028886505635e-15 11.594001952696001 
1 -2.0586748800433875e-18 3.1224405777013299e-19 0.0099999999999999967 1 0 0 0 1 0 0 0 1 0 0 0 0 0 0 
2 0.057982898494118258 -0.014396700390004135 0.010000000000000002 0.97053124967718318 0.24097529624433514 3.2526064474765815e-16 -0.24097529624433514 0.97053124967718318 -6.9388937546167072e-17 -3.3239663979901826e-16 -1.103564795423683e-17 1 0.10702513002774723 0.43104505635521051 0 -2.3453461395206432e-15 -1.404432126150823e-14 7.4340037628204456 
1 -2.0586748800433875e-18 3.1224405777013299e-19 0.0099999999999999967 1 0 0 0 1 0 0 0 1 0 0 0 0 0 0 
2 0.05970379658472065 -0.0021766437088385996 0.010000000000000002 0.99933609127959133 0.036433180838739442 3.2610090718013983e-16 -0.036433180838739442 0.99933609127959133 -3.4694469386632778e-18 -3.260108089318565e-16 -8.4137497803853152e-18 1 0.0062948276267689417 0.17265273592776453 0 1.652757791736903e-15 6.1790850214293869e-14 2.8918171696936956 
1 -2.0586748800433875e-18 3.1224405777013299e-19 0.0099999999999999967 1 0 0 0 1 0 0 0 1 0 0 0 0 0 0 
2 0.059738808935979271 -0.00074546642004329688 0.010000000000000002 0.99992214930837464 0.012477793175101134 2.6223801233169604e-16 -0.012477793175101134 0.99992214930837464 1.7347234759341643e-18 -2.6219595140031689e-16 -5.0067401070363079e-18 1 -0.0012627617309781433 -0.1011936931299577 -1.0597586147368116e-16 1.0045607466528661e-15 2.4249699470679786e-14 -1.6939404471461581 
1 -2.0586748800433875e-18 3.1224405777013299e-19 0.0099999999999999967 1 0 0 0 1 0 0 0 1 0 0 0 0 0 0 
2 0.058864089151534391 -0.010212798460577049 0.010000000000000002 0.98528069035364663 0.17094432197719092 1.7303865730001513e-16 -0.17094432197719092 0.98528069035364663 -1.3877787051630286e-17 -1.7286397662051176e-16 -1.5906460341183397e-17 1 -0.063950352093473564 -0.36858013837676212 0 -5.134781488891349e-16 -1.9428902930940239e-15 -6.2615184759043832 
1 -2.0586748800433875e-18 3.1224405777013299e-19 0.0099999999999999967 1 0 0 0 1 0 0 0 1 0 0 0 0 0 0 
2 0.052129097453444136 -0.029186284286965462 0.010000000000000002 0.87254891356346509 0.48852675816091873 2.0816680858888841e-17 -0.48852675816091873 0.87254891356346509 0 -1.8163572267420839e-17 -1.0169505615663415e-17 1 -0.30894181656378167 -0.55177416169972582 0 -3.2751579226442118e-15 -1.2656542480726785e-14 -10.584897094877991 
1 -2.0586748800433875e-18 3.1224405777013299e-19 0.0099999999999999967 1 0 0 0 1 0 0 0 1 0 0 0 0 0 0 
2 0.031998465394368986 -0.050451752388497723 0.010000000000000002 0.53559783286070306 0.84447318574062391 5.5511151049513235e-17 -0.84447318574062391 0.53559783286070306 -1.6653345314853972e-16 -1.7036468791445671e-16 4.2317278034255882e-17 1 -0.70211355227882633 -0.44530525966424916 0 -7.7049477908985864e-14 -6.4392935428259079e-14 -13.916659354173252 
1 -2.0586748800433875e-18 3.1224405777013299e-19 0.0099999999999999967 1 0 0 0 1 0 0 0 1 0 0 0 0 0 0 
2 -0.001468466335173176 -0.059725406271791098 0.010000000000000002 -0.024579507645674972 0.99969787826317613 -1.1102230445888609e-16 -0.99969787826317613 -0.024579507645674972 -1.1102230445888609e-16 -1.1371763578872444e-16 1.0825988862614915e-16 1 -0.90432400294878734 0.022227414560825696 0 1.4521717162097048e-13 6.0840221749458578e-14 -15.141407511700333 
1 -2.0586748800433875e-18 3.1224405777013299e-19 0.0099999999999999967 1 0 0 0 1 0 0 0 1 0 0 0 0 0 0 
2 -0.03422750524924574 -0.048966916254226792 0.010000000000000002 -0.57290798629322637 0.81961969183362138 0 -0.81961969183362138 -0.57290798629322637 -1.1102230249720557e-16 -9.0996065359418716e-17 -6.3605563757311481e-17 1 -0.67131677145563251 0.46924688372069462 0 -1.5099033134902129e-14 1.5099033134902129e-14 -13.709634177446862 
1 -2.0586748800433875e-18 3.1224405777013299e-19 0.0099999999999999967 1 0 0 0 1 0 0 0 1 0 0 0 0 0 0 
2 -0.053085621770456101 -0.027407988307601196 0.010000000000000002 -0.88855954507439028 0.45876130488217137 5.5511151098356187e-17 -0.45876130488217137 -0.88855954507439028 8.326672664753428e-17 8.752451533660101e-17 4.852107663637341e-17 1 -0.28112376611993845 0.54449759973464629 0 -2.3092638912203256e-14 4.241051954068098e-14 -10.256992198673515 
1 -2.0586748800433875e-18 3.1224405777013299e-19 0.0099999999999999967 1 0 0 0 1 0 0 0 1 0 0 0 0 0 0 
2 -0.05905396133469179 -0.0090504556441030927 0.010000000000000002 -0.98845899851564634 0.15148864067462442 0 -0.15148864067462442 -0.98845899851564634 -2.775557551618276e-17 -4.204654406088413e-18 -2.7435248377951405e-17 1 -0.053351461747627622 0.34811197676752714 0 -4.4408920985006262e-15 -1.1018963519404679e-14 -5.8948133793657025 
1 -2.0586748800433875e-18 3.1224405777013299e-19 0.0099999999999999967 1 0 0 0 1 0 0 0 1 0 0 0 0 0 0 
2 -0.059741746120029478 -0.00045254928423781976 0.010000000000000002 -0.99997131017058916 0.0075748818944838588 1.6653345357287498e-16 -0.0075748818944838588 -0.99997131017058916 2.1684043433968096e-18 1.6654510116330148e-16 9.0687088995106477e-19 1 -0.00059852359146248132 0.078998758755636417 0 9.9920072216264089e-16 1.2464421855762353e-14 -1.3223333430984758 
1 -2.0586748800433875e-18 3.1224405777013299e-19 0.0099999999999999967 1 0 0 0 1 0 0 0 1 0 0 0 0 0 0 
2 -0.059679157392552501 -0.0027711553072508597 0.010000000000000002 -0.99892366818268663 0.046384320027847786 0 -0.046384320027847786 -0.99892366818268663 8.326672640910048e-17 3.8622704854309613e-18 8.3177103782142834e-17 1 0.0090416407280317686 -0.19473087407790124 0 2.042810365310288e-14 6.5156213757688874e-15 3.2630042503232306 
1 -2.0586748800433875e-18 3.1224405777013299e-19 0.0099999999999999967 1 0 0 0 1 0 0 0 1 0 0 0 0 0 0 
2 -0.057610302674554525 -0.015822021441707308 0.010000000000000002 -0.96429437343214053 0.26483270448929741 -1.1102229122391415e-16 -0.26483270448929741 -0.96429437343214053 -2.7755572805978538e-17 -1.1440875416362181e-16 2.6377909552363403e-18 1 0.12331184834701335 -0.44899646652105141 0 1.3322676295501878e-15 -1.3988810110276972e-14 7.7936852190643382 
1 -2.0586748800433875e-18 3.1224405777013299e-19 0.0099999999999999967 1 0 0 0 1 0 0 0 1 0 0 0 0 0 0 
2 -0.047034686801228048 -0.036837742649834394 0.010000000000000002 -0.78727758188812658 0.61659874234090384 0 -0.61659874234090384 -0.78727758188812658 0 0 0 1 0.43807273229102206 -0.55933827418875481 0 -1.0658141036401503e-14 -2.4424906541753444e-15 11.891972568990385 
1 -2.0586748800433875e-18 3.1224405777013299e-19 0.0099999999999999967 1 0 0 0 1 0 0 0 1 0 0 0 0 0 0 
2 -0.021577514199915729 -0.055710784852866825 0.010000000000000002 -0.3611695772075092 0.93250015361915572 0 -0.93250015361915572 -0.3611695772075092 0 0 0 1 0.81472621002449119 -0.31555264380558601 0 0 -4.4408920985006262e-16 14.62415702288947 
1 -2.0586748800433875e-18 3.1224405777013299e-19 0.0099999999999999967 1 0 0 0 1 0 0 0 1 0 0 0 0 0 0 
2 0.013672057247335981 -0.058158024363667411 0.010000000000000002 0.22884609307310935 0.97346261648055787 0 -0.97346261648055787 0.22884609307310935 0 0 0 1 0.86895884698545633 0.20428240234182696 0 1.5099033134902129e-14 -1.1990408665951691e-14 14.941357751088942 
1 -2.0586748800433875e-18 3.1224405777013299e-19 0.0099999999999999967 1 0 0 0 1 0 0 0 1 0 0 0 0 0 0 
2 0.04248432452263827 -0.042004317720735027 0.010000000000000002 0.71111268780819348 0.70307805060192763 1.3877787967205107e-16 -0.70307805060192763 0.71111268780819348 -5.5511151868820437e-17 -1.3771538346451212e-16 -5.8096996697728825e-17 1 0.53335205026360788 0.53944663866303855 0 3.219646771412954e-15 3.6415315207705135e-14 12.697539581048806 
1 -2.0586748800433875e-18 3.1224405777013299e-19 0.0099999999999999967 1 0 0 0 1 0 0 0 1 0 0 0 0 0 0 
2 0.056204467135748386 -0.020256831670446156 0.010000000000000002 0.94076347585297382 0.33906353755753671 2.4806545317851848e-16 -0.33906353755753671 0.94076347585297382 -8.3266725542439771e-17 -2.6160362849451831e-16 -5.7756559563207277e-18 1 0.1786280988316811 0.4956163989562356 0 -5.9119376061289586e-15 2.6978419498391304e-14 8.8181194731140184 
1 -2.0586748800433875e-18 3.1224405777013299e-19 0.0099999999999999967 1 0 0 0 1 0 0 0 1 0 0 0 0 0 0 
2 0.059542607920651767 -0.0048947797365148284 0.010000000000000002 0.99663808894679096 0.081929968024456457 -2.5153490386928964e-17 -0.081929968024456457 0.99663808894679096 -6.9388938998424731e-18 2.4500423234231174e-17 8.976390618848111e-18 1 0.021223297450297936 0.25816478356310102 0 4.3368086899420177e-19 -2.7755575615628914e-17 4.3357967639159085 
1 -2.0586748800433875e-18 3.1224405777013299e-19 0.0099999999999999967 1 0 0 0 1 0 0 0 1 0 0 0 0 0 0 
2 0.059743458729040438 -1.2813990423189204e-05 0.010000000000000002 0.99999997699448995 0.00021450179375750165 -2.4338255092031152e-17 -0.00021450179375750165 0.99999997699448995 -6.0986372171474966e-19 2.4338123715254927e-17 6.1508430705869195e-19 1 -3.1837875402268964e-06 -0.014782882443001417 0 -2.4884945367938235e-16 1.0503208545953324e-19 -0.24743752414890174 
1 -2.0586748800433875e-18 3.1224405777013299e-19 0.0099999999999999967 1 0 0 0 1 0 0 0 1 0 0 0 0 0 0 
2 0.059434189184219076 -0.006071166526580362 0.010000000000000002 0.99482320457805462 0.10162082283198709 -7.1557340562466407e-18 -0.10162082283198709 0.99482320457805462 0 7.118690284943604e-18 7.2717158276265626e-19 1 -0.029310612448873449 -0.28696018851018967 0 1.7694179454963432e-16 1.3877787807814457e-17 -4.8282651920601642 
1 -2.0586748800433875e-18 3.1224405777013299e-19 0.0099999999999999967 1 0 0 0 1 0 0 0 1 0 0 0 0 0 0 
2 0.055370604637018303 -0.02243608556957195 0.010000000000000002 0.92680601999999612 0.37554041232837626 1.7347234182499755e-17 -0.37554041232837626 0.92680601999999612 0 -1.6077521070690484e-17 -6.5145874776528609e-18 1 -0.20824198311550862 -0.51387835585207819 0 -1.9428902930940239e-16 0 -9.2808046813416407 
1 -2.0586748800433875e-18 3.1224405777013299e-19 0.0099999999999999967 1 0 0 0 1 0 0 0 1 0 0 0 0 0 0 
2 0.040084880779808402 -0.044299932976710275 0.01 0.67095014761870153 0.74150246082561488 -1.5265566140976607e-16 -0.74150246082561488 0.67095014761870153 0 1.0242433855771306e-16 1.131945485943034e-16 1 -0.5777212669589018 -0.52275506095332891 -2.4441044792635751e-16 1.0436096431476471e-14 -1.5543122344752192e-14 -13.041114935389141 
1 -2.0586748800433875e-18 3.1224405777013299e-19 0.0099999999999999967 1 0 0 0 1 0 0 0 1 0 0 0 0 0 0 
2 0.009877507275208813 -0.058921268208675576 0.010000000000000002 0.16533202827491472 0.98623796338738801 0 -0.98623796338738801 0.16533202827491472 0 0 0 1 -0.88614141691310211 -0.14856012338723559 0 1.0835776720341528e-13 -9.2370555648813024e-14 -15.03956620133906 
1 -2.0586748800433875e-18 3.1224405777013299e-19 0.0099999999999999967 1 0 0 0 1 0 0 0 1 0 0 0 0 0 0 
2 -0.025030952842674949 -0.054246955548274418 0.010000000000000002 -0.41897396025268985 0.90799824924400463 -1.6653345503704524e-16 -0.90799824924400463 -0.41897396025268985 -1.1102230335803016e-16 -1.7058123824756226e-16 1.0469663149990285e-16 1 -0.78280544633069193 0.36119525984494349 0 1.5010215292932116e-13 -8.1712414612411521e-14 -14.430281861100921 
1 -2.0586748800433875e-18 3.1224405777013299e-19 0.0099999999999999967 1 0 0 0 1 0 0 0 1 0 0 0 0 0 0 
2 -0.048834840754384677 -0.034415684545522213 0.010000000000000002 -0.81740899827284963 0.57605774844417856 2.2204460451216148e-16 -0.57605774844417856 -0.81740899827284963 0 1.8150125774617697e-16 -1.2791051492945384e-16 1 -0.3955744215932222 0.56130851399539139 0 -6.3948846218409017e-14 1.0746958878371515e-13 -11.493934994282492 
1 -2.0586748800433875e-18 3.1224405777013299e-19 0.0099999999999999967 1 0 0 0 1 0 0 0 1 0 0 0 0 0 0 
2 -0.058095835420055607 -0.013933955128438057 0.010000000000000002 -0.97242165148884174 0.23322978308036402 0 -0.23322978308036402 -0.97242165148884174 -1.3877787693725394e-17 -3.2367134134429188e-18 -1.3495061228143973e-17 1 -0.10191615279761715 0.42493755696691093 0 5.773159728050814e-15 7.2164496600635175e-16 -7.3143973797256834 
1 -2.0586748800433875e-18 3.1224405777013299e-19 0.0099999999999999967 1 0 0 0 1 0 0 0 1 0 0 0 0 0 0 
2 -0.059710240747743656 -0.0019920427025928136 0.010000000000000002 -0.99944395814000353 0.033343283243298098 0 -0.033343283243298098 -0.99944395814000353 0 0 0 1 -0.0055146615983695194 0.16531948775058009 0 0 3.4694469519536142e-18 -2.7687036297715792 
1 -2.0586748800433875e-18 3.1224405777013299e-19 0.0099999999999999967 1 0 0 0 1 0 0 0 1 0 0 0 0 0 0 
2 -0.05973734029410159 -0.00085509521945356865 0.010000000000000002 -0.99989756672360519 0.014312793585230792 0 -0.014312793585230792 -0.99989756672360519 0 0 0 1 0.0015538240651062907 -0.10855056471942426 0 3.3306690738754696e-16 -4.8698892141096906e-14 1.817122525268295 
1 -2.0586748800433875e-18 3.1224405777013299e-19 0.0099999999999999967 1 0 0 0 1 0 0 0 1 0 0 0 0 0 0 
2 -0.058793917712642446 -0.010609265990798837 0.010000000000000002 -0.98410629522565185 0.17758040347189846 1.6653345167615939e-16 -0.17758040347189846 -0.98410629522565185 1.3877787639679948e-17 1.6635104128851701e-16 -1.5915859360206511e-17 1 0.067728048320999268 -0.37528087980671387 0 7.1054273576010019e-15 -7.3663297683879136e-14 6.382870225305922 
1 -2.0586748800433875e-18 3.1224405777013299e-19 0.0099999999999999967 1 0 0 0 1 0 0 0 1 0 0 0 0 0 0 
2 -0.051793623085092035 -0.029777538778753693 0.010000000000000002 -0.86693375278281959 0.4984233825633555 2.775557538702538e-16 -0.4984233825633555 -0.86693375278281959 0 2.4062245130920372e-16 -1.3834027769393405e-16 1 0.31838439315578293 -0.55379008313323508 0 -3.3750779948604759e-14 1.354472090042691e-14 10.692184436803286 
1 -2.0586748800433875e-18 3.1224405777013299e-19 0.0099999999999999967 1 0 0 0 1 0 0 0 1 0 0 0 0 0 0 
2 -0.03124101180234486 -0.050924259203861573 0.010000000000000002 -0.52291940272000481 0.85238213159295717 1.1102230253601535e-16 -0.85238213159295717 -0.52291940272000481 1.1102230253601535e-16 1.5268914302073976e-16 -3.6577710759274123e-17 1 0.71203489116802787 -0.43681898679714298 0 -1.4210854715202004e-14 2.6645352591003757e-14 13.982184859412989 
1 -2.0586748800433875e-18 3.1224405777013299e-19 0.0099999999999999967 1 0 0 0 1 0 0 0 1 0 0 0 0 0 0 
2 0.0024379599165497831 -0.05969368321692195 0.010000000000000002 0.040807069191228749 0.99916704464469919 -1.1102230911480151e-16 -0.99916704464469919 0.040807069191228749 -1.1102230911480151e-16 -1.0639933743804878e-16 1.1546032753768415e-16 1 0.90362968246333053 0.036902489141532283 0 -4.8405723873656825e-14 3.1530333899354446e-14 15.137790285541808 
1 -2.0586748800433875e-18 3.1224405777013299e-19 0.0099999999999999967 1 0 0 0 1 0 0 0 1 0 0 0 0 0 0 
2 0.034942412960273291 -0.048459346197649189 0.010000000000000002 0.58487437724072411 0.81112388871693031 2.7755576109878928e-17 -0.81112388871693031 0.58487437724072411 -2.2204460887903143e-16 -1.9633921191481275e-16 1.0735499150995993e-16 1 0.66091302426609988 0.47656557091839835 0 1.7763568394002505e-14 -4.4408920985006262e-16 13.638574772761707 
1 -2.0586748800433875e-18 3.1224405777013299e-19 0.0099999999999999967 1 0 0 0 1 0 0 0 1 0 0 0 0 0 0 
2 0.053382706567825421 -0.026824762925797881 0.010000000000000002 0.89353221917213677 0.44899907939918593 -3.4694469035866824e-18 -0.44899907939918593 0.89353221917213677 2.7755575228693459e-17 1.556229031693992e-17 -2.3242722262758877e-17 1 0.27220523818877118 0.54170719037586201 0 2.2204460492503131e-14 -5.1070259132757201e-15 10.147542554525932 
1 -2.0586748800433875e-18 3.1224405777013299e-19 0.0099999999999999967 1 0 0 0 1 0 0 0 1 0 0 0 0 0 0 
2 0.059109600085967523 -0.0086796612562612865 0.010000000000000002 0.98939025909659506 0.14528219162984993 -1.5308934459970196e-16 -0.14528219162984993 0.98939025909659506 2.7755575224875144e-17 1.5549749711704407e-16 -5.219940264492224e-18 1 0.050111854929333434 0.34126147160487469 0 1.4935969128160309e-15 -2.042810365310288e-14 5.7733707946105124 
1 -2.0586748800433875e-18 3.1224405777013299e-19 0.0099999999999999967 1 0 0 0 1 0 0 0 1 0 0 0 0 0 0 
2 0.059742312940399382 -0.00037021618534035318 0.010000000000000002 0.99998079986284383 0.0061967657424754638 1.1964340378625533e-17 -0.0061967657424754638 0.99998079986284383 4.3368086894557686e-19 -1.1961423242897431e-17 -5.0781275680299368e-19 1 0.00044333605237948433 0.071661585426353674 0 -1.4892016588527283e-15 4.9873299934333204e-18 1.1995337297833784 
1 -2.0586748800433875e-18 3.1224405777013299e-19 0.0099999999999999967 1 0 0 0 1 0 0 0 1 0 0 0 0 0 0 
2 0.059668993341021326 -0.0029819932869430943 0.010000000000000002 0.99875355344753802 0.049913319624283706 -1.3942839914571644e-16 -0.049913319624283706 0.99875355344753802 1.040834083824944e-17 1.3977412394130399e-16 -3.4360331464324043e-18 1 -0.010096304332269181 -0.20202582615371398 0 1.2056328158038809e-16 -3.4833247397614286e-14 -3.3857790447229794 
1 -2.0586748800433875e-18 3.1224405777013299e-19 0.0099999999999999967 1 0 0 0 1 0 0 0 1 0 0 0 0 0 0 
2 0.057475504083716336 -0.016304831239949195 0.010000000000000002 0.96203841284140257 0.2729140747883757 2.4286128582136664e-17 -0.2729140747883757 0.96203841284140257 2.7755575522441903e-17 -1.5789301381294859e-17 -3.3329956135295045e-17 1 -0.12900313971219535 -0.45474749258056596 0 2.400857290751901e-15 -2.2204460492503131e-16 -7.9120192801412941 
1 -2.0586748800433875e-18 3.1224405777013299e-19 0.0099999999999999967 1 0 0 0 1 0 0 0 1 0 0 0 0 0 0 
2 0.046560795165013671 -0.037434930526502069 0.010000000000000002 0.77934544461954502 0.62659450839499353 -6.9388937151258319e-18 -0.62659450839499353 0.77934544461954502 0 5.4077952075825079e-18 4.3478726962343811e-18 1 -0.4487622185570595 -0.55816103450385524 0 -9.5479180117763462e-15 -3.6193270602780103e-14 -11.987793948605241 
1 -2.0586748800433875e-18 3.1224405777013299e-19 0.0099999999999999967 1 0 0 0 1 0 0 0 1 0 0 0 0 0 0 
2 0.020703368312825821 -0.056041513872878292 0.010000000000000002 0.3465378893379425 0.93803597545787332 -1.1102230365775875e-16 -0.93803597545787332 0.3465378893379425 1.665334554866381e-16 1.9468780714277473e-16 4.6432762740692179e-17 1 -0.821983412057947 -0.30366277266350056 0 -3.1086244689504383e-15 8.8817841970012523e-15 -14.667343852669687 
1 -2.0586748800433875e-18 3.1224405777013299e-19 0.0099999999999999967 1 0 0 0 1 0 0 0 1 0 0 0 0 0 0 
2 -0.014597206845931358 -0.057932727943019874 0.010000000000000002 -0.24433150261822595 0.96969176382411326 5.5511154546417012e-17 -0.96969176382411326 -0.24433150261822595 -1.1102230909283402e-16 -9.4094294925657484e-17 -8.0954956968825325e-17 1 -0.86390524253846157 0.21767138310175821 0 1.3322676295501878e-14 -2.3092638912203256e-14 -14.912194835937726 
1 -2.0586748800433875e-18 3.1224405777013299e-19 0.0099999999999999967 1 0 0 0 1 0 0 0 1 0 0 0 0 0 0 
2 -0.043047608520607905 -0.041426853242727504 0.010000000000000002 -0.72054101967784112 0.69341231526532399 1.1102230299959252e-16 -0.69341231526532399 -0.72054101967784112 5.551115149979626e-17 1.1848823949482652e-16 -3.6986170463881456e-17 1 -0.52237637969698769 0.54281493575520845 0 -8.8817841970012523e-16 3.0198066269804258e-14 -12.609666616884482 
1 -2.0586748800433875e-18 3.1224405777013299e-19 0.0099999999999999967 1 0 0 0 1 0 0 0 1 0 0 0 0 0 0 
2 -0.05639116515235449 -0.019731136940355106 0.010000000000000002 -0.94388848031381634 0.33026434371708124 0 -0.33026434371708124 -0.94388848031381634 0 0 0 1 -0.17170990344610607 0.49075418092129069 0 -1.7763568394002505e-14 -2.9976021664879227e-15 -8.7026098594253778 
1 -2.0586748800433875e-18 3.1224405777013299e-19 0.0099999999999999967 1 0 0 0 1 0 0 0 1 0 0 0 0 0 0 
2 -0.059564227390160859 -0.0046242909031270832 0.010000000000000002 -0.99699992864357101 0.077402469500102086 0 -0.077402469500102086 -0.99699992864357101 0 0 0 1 -0.019485609110097266 0.25098154020935115 0 1.3322676295501878e-15 6.3282712403633923e-15 -4.2136267024006511 
1 -2.0586748800433875e-18 3.1224405777013299e-19 0.0099999999999999967 1 0 0 0 1 0 0 0 1 0 0 0 0 0 0 
2 -0.059743450231160386 -3.416953685186566e-05 0.010000000000000002 -0.99999983644289947 0.00057193896038382945 0 -0.00057193896038382945 -0.99999983644289947 -4.3368086898865327e-19 -2.4803898534772609e-22 -4.3368079805706778e-19 1 1.2631733712211533e-05 -0.022104119087675646 0 -8.3266726846886741e-17 -2.8247173209424575e-14 0.36998914641234126 
1 -2.0586748800433875e-18 3.1224405777013299e-19 0.0099999999999999967 1 0 0 0 1 0 0 0 1 0 0 0 0 0 0 
2 -0.059401439462705062 -0.0063835822583064149 0.010000000000000002 -0.99427516154717244 0.10684990936048627 0 -0.10684990936048627 -0.99427516154717244 -6.9388938674984025e-18 -7.4142018080423831e-19 -6.8991698210656586e-18 1 0.03160176423691774 -0.29406635333827358 0 3.1086244689504383e-15 1.3877787807814457e-16 4.9504939383937234 
1 -2.0586748800433875e-18 3.1224405777013299e-19 0.0099999999999999967 1 0 0 0 1 0 0 0 1 0 0 0 0 0 0 
2 -0.055143087637335303 -0.022989585734936258 0.010000000000000002 -0.92299787348292461 0.38480504875326044 0 -0.38480504875326044 -0.92299787348292461 0 0 0 1 0.2159618960528657 -0.51801246041409543 0 -7.1054273576010019e-15 3.3306690738754696e-16 9.3939550705327637 
1 -2.0586748800433875e-18 3.1224405777013299e-19 0.0099999999999999967 1 0 0 0 1 0 0 0 1 0 0 0 0 0 0 
2 -0.039460875446676195 -0.044856669382889867 0.010000000000000002 -0.66050539324215352 0.75082130064218877 0 -0.75082130064218877 -0.66050539324215352 0 0 0 1 0.58860465007435314 -0.51780098732868396 0 -2.6645352591003757e-15 7.1054273576010019e-15 13.121905952836112 
1 -2.0586748800433875e-18 3.1224405777013299e-19 0.0099999999999999967 1 0 0 0 1 0 0 0 1 0 0 0 0 0 0 
2 -0.008929400493309687 -0.059072380780179422 0.010000000000000002 -0.14946246679109512 0.98876739985737838 -5.5511152628725216e-17 -0.98876739985737838 -0.14946246679109512 5.5511152628725216e-17 4.659078424148445e-17 6.3184451854096959e-17 1 0.88952690813731849 -0.13445773728432009 0 -3.1974423109204508e-14 2.7977620220553945e-14 15.058205482567871 
1 -2.0586748800433875e-18 3.1224405777013299e-19 0.0099999999999999967 1 0 0 0 1 0 0 0 1 0 0 0 0 0 0 
2 0.025860761395157042 -0.053856297593378989 0.010000000000000002 0.43286358513573575 0.90145943705939291 -2.7755576840452109e-17 -0.90145943705939291 0.43286358513573575 -1.1102230736180844e-16 -8.8067728196742237e-17 7.3078040668526674e-17 1 0.77431376293169396 0.37180321187509341 0 1.6431300764452317e-14 -1.1546319456101628e-14 14.377320005075772 
1 -2.0586748800433875e-18 3.1224405777013299e-19 0.0099999999999999967 1 0 0 0 1 0 0 0 1 0 0 0 0 0 0 
2 0.049249685222297064 -0.03381936754164467 0.010000000000000005 0.82435278181796179 0.56607640041692942 1.0408340764435792e-16 -0.56607640041692942 0.82435278181796179 -1.6653345223097268e-16 -1.8007210382063303e-16 7.8363153869904927e-17 1 0.38529163822365969 0.56108305583883633 -1.3173650359148002e-17 1.2101430968414206e-14 1.5543122344752192e-14 11.39266005068021 
1 -2.0586748800433875e-18 3.1224405777013299e-19 0.0099999999999999967 1 0 0 0 1 0 0 0 1 0 0 0 0 0 0 
2 0.058200879100758475 -0.013488469307000624 0.010000000000000002 0.97417990537426769 0.22577314270077134 -2.5153490268306807e-17 -0.22577314270077134 0.97417990537426769 1.3877787734238238e-17 2.7637256519904875e-17 -7.8404793939754835e-18 1 0.097041570777684397 0.41874127983065301 0 2.1975476993674192e-14 7.2886141566641527e-14 7.1947125154303508 
1 -2.0586748800433875e-18 3.1224405777013299e-19 0.0099999999999999967 1 0 0 0 1 0 0 0 1 0 0 0 0 0 0 
2 0.059715560305120062 -0.0018256528529705552 0.010000000000000002 0.99953298854861794 0.030558219893646849 -1.5750746970080984e-16 -0.030558219893646849 0.99953298854861794 3.4694469319744722e-18 1.5753993203103797e-16 1.3453212334819881e-18 1 0.004830752252352394 0.15800172693091966 0 -5.0502137194374797e-16 -1.4648005031148159e-14 2.6459020559515674 
1 -2.0586748800433875e-18 3.1224405777013299e-19 0.0099999999999999967 1 0 0 0 1 0 0 0 1 0 0 0 0 0 0 
2 0.059735385527682518 -0.00098220659144364992 0.010000000000000002 0.99986484738660364 0.016440406338161913 -1.4472066122812246e-16 -0.016440406338161913 0.99986484738660364 1.7347234758814135e-18 1.4472962141137287e-16 6.4477745264767953e-19 1 -0.0019054215113841132 -0.1158842150021674 0 -1.5846970003591254e-16 -2.7814556213812125e-14 -1.9399648547061328 
1 -2.0586748800433875e-18 3.1224405777013299e-19 0.0099999999999999967 1 0 0 0 1 0 0 0 1 0 0 0 0 0 0 
2 0.058717935182846251 -0.011022039147439213 0.010000000000000002 0.98283448897865999 0.1844894774074021 1.0842021609490634e-16 -0.1844894774074021 0.98283448897865999 -1.3877787660148011e-17 -1.0911943347358476e-16 -6.3628206646309535e-18 1 -0.07168452693449727 -0.38188677101249874 0 4.1980308118638732e-16 -3.219646771412954e-15 -6.503750410051798 
1 -2.0586748800433875e-18 3.1224405777013299e-19 0.0099999999999999967 1 0 0 0 1 0 0 0 1 0 0 0 0 0 0 
2 0.051443864628131657 -0.030377788578713434 0.010000000000000002 0.86107941179097058 0.5084704972657863 1.3877787670767684e-17 -0.5084704972657863 0.86107941179097058 0 -1.1949877244504621e-17 -7.0564455979042425e-18 1 -0.32801375745687705 -0.55548474803624837 -5.2841637513364179e-16 -1.1657341758564144e-15 0 -10.797851548748646 
1 -2.0586748800433875e-18 3.1224405777013299e-19 0.0099999999999999967 1 0 0 0 1 0 0 0 1 0 0 0 0 0 0 
2 0.030468540109221853 -0.051390165838487781 0.010000000000000002 0.50998965325843071 0.8601805354513351 -2.3592239220188099e-16 -0.8601805354513351 0.50998965325843071 2.775557555316247e-16 3.590660374057296e-16 6.1385286125718818e-17 1 -0.7217545084772693 -0.42791848317618969 9.4545878085301308e-17 -4.4408920985006262e-15 3.3750779948604759e-14 -14.04463801970674 
1 -2.0586748800433875e-18 3.1224405777013299e-19 0.0099999999999999967 1 0 0 0 1 0 0 0 1 0 0 0 0 0 0 
