       1 -2.058675e-18 3.122441e-19 1.000000e-02 1.000000e+00 0.000000e+00 0.000000e+00 0.000000e+00 1.000000e+00 0.000000e+00 0.000000e+00 0.000000e+00 1.000000e+00 0.000000e+00 0.000000e+00 0.000000e+00 0.000000e+00 0.000000e+00 0.000000e+00
       2 5.974346e-02 -3.973504e-19 1.000000e-02 1.000000e+00 0.000000e+00 0.000000e+00 0.000000e+00 1.000000e+00 0.000000e+00 0.000000e+00 0.000000e+00 1.000000e+00 0.000000e+00 0.000000e+00 0.000000e+00 0.000000e+00 0.000000e+00 0.000000e+00
       1 -2.058675e-18 3.122441e-19 1.000000e-02 1.000000e+00 0.000000e+00 0.000000e+00 0.000000e+00 1.000000e+00 0.000000e+00 0.000000e+00 0.000000e+00 1.000000e+00 0.000000e+00 4.853343e-31 0.000000e+00 0.000000e+00 0.000000e+00 0.000000e+00
       2 5.949246e-02 -5.470671e-03 1.000000e-02 9.957987e-01 9.156936e-02 -2.277072e-32 -9.156936e-02 9.957987e-01 -7.468000e-33 2.199680e-32 9.521731e-33 1.000000e+00 -2.506806e-02 -2.726136e-01 1.146362e-14 1.718382e-28 -3.962973e-28 -4.582320e+00
       1 -2.058675e-18 3.122441e-19 1.000000e-02 1.000000e+00 0.000000e+00 0.000000e+00 0.000000e+00 1.000000e+00 0.000000e+00 0.000000e+00 0.000000e+00 1.000000e+00 0.000000e+00 4.853343e-31 0.000000e+00 0.000000e+00 0.000000e+00 0.000000e+00
       2 5.580227e-02 -2.133982e-02 1.000000e-02 9.340314e-01 3.571910e-01 -3.975561e-33 -3.571910e-01 9.340314e-01 -1.978176e-33 3.012301e-33 3.267719e-33 1.000000e+00 -1.931302e-01 -5.050246e-01 -1.504707e-15 -2.338436e-28 1.368830e-28 -9.050245e+00
       1 -2.058675e-18 3.122441e-19 1.000000e-02 1.000000e+00 0.000000e+00 0.000000e+00 0.000000e+00 1.000000e+00 0.000000e+00 0.000000e+00 0.000000e+00 1.000000e+00 0.000000e+00 4.853343e-31 0.000000e+00 0.000000e+00 0.000000e+00 0.000000e+00
       2 4.130656e-02 -4.316305e-02 1.000000e-02 6.913989e-01 7.224732e-01 1.849486e-32 -7.224732e-01 6.913989e-01 5.702140e-33 -8.662093e-33 -1.730449e-32 1.000000e+00 -5.555623e-01 -5.316679e-01 -3.039922e-16 -3.245559e-28 3.486257e-28 -1.287125e+01
       1 -2.058675e-18 3.122441e-19 1.000000e-02 1.000000e+00 0.000000e+00 0.000000e+00 0.000000e+00 1.000000e+00 0.000000e+00 0.000000e+00 0.000000e+00 1.000000e+00 0.000000e+00 4.853343e-31 0.000000e+00 0.000000e+00 0.000000e+00 0.000000e+00
       2 1.178319e-02 -5.856994e-02 1.000000e-02 1.972298e-01 9.803573e-01 2.128096e-32 -9.803573e-01 1.972298e-01 5.454071e-33 1.155288e-33 -2.193865e-32 1.000000e+00 -8.781667e-01 -1.766711e-01 1.166397e-14 -3.870187e-28 3.500899e-28 -1.499346e+01
       1 -2.058675e-18 3.122441e-19 1.000000e-02 1.000000e+00 0.000000e+00 0.000000e+00 0.000000e+00 1.000000e+00 0.000000e+00 0.000000e+00 0.000000e+00 1.000000e+00 0.000000e+00 4.853343e-31 0.000000e+00 0.000000e+00 0.000000e+00 0.000000e+00
       2 -2.332011e-02 -5.500412e-02 1.000000e-02 -3.903374e-01 9.206719e-01 1.165094e-32 -9.206719e-01 -3.903374e-01 1.858248e-32 2.166176e-32 -3.473249e-33 1.000000e+00 -7.992040e-01 3.388391e-01 3.836579e-15 -6.399347e-28 -8.550714e-28 -1.452988e+01
       1 -2.058675e-18 3.122441e-19 1.000000e-02 1.000000e+00 0.000000e+00 0.000000e+00 0.000000e+00 1.000000e+00 0.000000e+00 0.000000e+00 0.000000e+00 1.000000e+00 0.000000e+00 4.853343e-31 0.000000e+00 0.000000e+00 0.000000e+00 0.000000e+00
       2 -4.795582e-02 -3.563032e-02 1.000000e-02 -8.026958e-01 5.963887e-01 -3.325705e-32 -5.963887e-01 -8.026958e-01 5.626863e-32 6.868268e-33 6.500073e-32 1.000000e+00 -4.166718e-01 5.608110e-01 -1.165377e-14 -2.662953e-27 -4.826435e-27 -1.169431e+01
       1 -2.058675e-18 3.122441e-19 1.000000e-02 1.000000e+00 0.000000e+00 0.000000e+00 0.000000e+00 1.000000e+00 0.000000e+00 0.000000e+00 0.000000e+00 1.000000e+00 0.000000e+00 4.853343e-31 0.000000e+00 0.000000e+00 0.000000e+00 0.000000e+00
       2 -5.786366e-02 -1.486871e-02 1.000000e-02 -9.685354e-01 2.488759e-01 -1.581032e-32 -2.488759e-01 -9.685354e-01 2.524338e-32 -9.024797e-33 2.838393e-32 1.000000e+00 -1.123241e-01 4.371271e-01 1.249121e-14 -7.960857e-28 -1.284985e-28 -7.554428e+00
       1 -2.058675e-18 3.122441e-19 1.000000e-02 1.000000e+00 0.000000e+00 0.000000e+00 0.000000e+00 1.000000e+00 0.000000e+00 0.000000e+00 0.000000e+00 1.000000e+00 0.000000e+00 4.853343e-31 0.000000e+00 0.000000e+00 0.000000e+00 0.000000e+00
       2 -5.969645e-02 -2.369638e-03 1.000000e-02 -9.992131e-01 3.966355e-02 -5.294153e-33 -3.966355e-02 -9.992131e-01 -4.524195e-33 -5.463843e-33 -4.310643e-33 1.000000e+00 -7.146206e-03 1.800340e-01 8.728497e-15 1.052757e-28 -3.408729e-28 -3.015825e+00
       1 -2.058675e-18 3.122441e-19 1.000000e-02 1.000000e+00 0.000000e+00 0.000000e+00 0.000000e+00 1.000000e+00 0.000000e+00 0.000000e+00 0.000000e+00 1.000000e+00 0.000000e+00 1.005335e-30 0.000000e+00 0.000000e+00 0.000000e+00 0.000000e+00
       2 -5.974001e-02 -6.420835e-04 1.000000e-02 -9.999422e-01 1.074734e-02 -1.427042e-33 -1.074734e-02 -9.999422e-01 -7.399041e-34 -1.429322e-33 -7.245178e-34 1.000000e+00 1.007874e-03 -9.378341e-02 1.320634e-14 -8.887990e-29 3.555468e-28 1.569859e+00
       1 -2.058675e-18 3.122441e-19 1.000000e-02 1.000000e+00 0.000000e+00 0.000000e+00 0.000000e+00 1.000000e+00 0.000000e+00 0.000000e+00 0.000000e+00 1.000000e+00 0.000000e+00 1.005335e-30 0.000000e+00 0.000000e+00 0.000000e+00 0.000000e+00
       2 -5.893091e-02 -9.819835e-03 1.000000e-02 -9.863993e-01 1.643667e-01 -5.828329e-33 -1.643667e-01 -9.863993e-01 4.141537e-32 1.063837e-33 4.181008e-32 1.000000e+00 6.028628e-02 -3.617933e-01 -9.351533e-15 -6.338959e-28 8.583861e-29 6.139276e+00
       1 -2.058675e-18 3.122441e-19 1.000000e-02 1.000000e+00 0.000000e+00 0.000000e+00 0.000000e+00 1.000000e+00 0.000000e+00 0.000000e+00 0.000000e+00 1.000000e+00 0.000000e+00 1.005335e-30 0.000000e+00 0.000000e+00 0.000000e+00 0.000000e+00
       2 -5.245739e-02 -2.859202e-02 1.000000e-02 -8.780440e-01 4.785799e-01 7.247641e-32 -4.785799e-01 -8.780440e-01 -7.682613e-32 2.687563e-32 -1.021425e-31 1.000000e+00 2.995239e-01 -5.495337e-01 2.323781e-15 1.132587e-27 9.515722e-28 1.047580e+01
       1 -2.058675e-18 3.122441e-19 1.000000e-02 1.000000e+00 0.000000e+00 0.000000e+00 0.000000e+00 1.000000e+00 0.000000e+00 0.000000e+00 0.000000e+00 1.000000e+00 0.000000e+00 1.005335e-30 0.000000e+00 0.000000e+00 0.000000e+00 0.000000e+00
       2 -3.275289e-02 -4.996528e-02 1.000000e-02 -5.482256e-01 8.363305e-01 1.018369e-31 -8.363305e-01 -5.482256e-01 -3.244642e-32 2.869924e-32 -1.029572e-31 1.000000e+00 6.919380e-01 -4.535750e-01 6.950294e-16 1.579629e-28 1.615778e-27 1.384837e+01
       1 -2.058675e-18 3.122441e-19 1.000000e-02 1.000000e+00 0.000000e+00 0.000000e+00 0.000000e+00 1.000000e+00 0.000000e+00 0.000000e+00 0.000000e+00 1.000000e+00 0.000000e+00 1.005335e-30 0.000000e+00 0.000000e+00 0.000000e+00 0.000000e+00
       2 4.870590e-04 -5.974147e-02 1.000000e-02 8.152507e-03 9.999668e-01 -1.607448e-34 -9.999668e-01 8.152507e-03 -4.166160e-33 -4.159122e-33 1.947107e-34 1.000000e+00 9.046461e-01 7.375385e-03 -8.711029e-15 4.194578e-28 -2.758893e-29 1.514266e+01
       1 -2.058675e-18 3.122441e-19 1.000000e-02 1.000000e+00 0.000000e+00 0.000000e+00 0.000000e+00 1.000000e+00 0.000000e+00 0.000000e+00 0.000000e+00 1.000000e+00 0.000000e+00 1.005335e-30 0.000000e+00 0.000000e+00 0.000000e+00 0.000000e+00
       2 3.349246e-02 -4.947258e-02 1.000000e-02 5.606046e-01 8.280836e-01 2.328560e-33 -8.280836e-01 5.606046e-01 -1.184278e-32 -1.110662e-32 4.710880e-33 1.000000e+00 6.817286e-01 4.615244e-01 6.220361e-15 -3.030112e-29 1.272930e-28 1.377992e+01
       1 -2.058675e-18 3.122441e-19 1.000000e-02 1.000000e+00 0.000000e+00 0.000000e+00 0.000000e+00 1.000000e+00 0.000000e+00 0.000000e+00 0.000000e+00 1.000000e+00 0.000000e+00 1.005335e-30 0.000000e+00 0.000000e+00 0.000000e+00 0.000000e+00
       2 5.277492e-02 -2.800158e-02 1.000000e-02 8.833590e-01 4.686970e-01 -1.339488e-32 -4.686970e-01 8.833590e-01 1.846069e-32 2.049055e-32 -1.002927e-32 1.000000e+00 2.902940e-01 5.471220e-01 1.385913e-16 7.491050e-29 -2.239921e-29 1.036707e+01
       1 -2.058675e-18 3.122441e-19 1.000000e-02 1.000000e+00 0.000000e+00 0.000000e+00 0.000000e+00 1.000000e+00 0.000000e+00 0.000000e+00 0.000000e+00 1.000000e+00 0.000000e+00 1.005335e-30 0.000000e+00 0.000000e+00 0.000000e+00 0.000000e+00
       2 5.899391e-02 -9.433929e-03 1.000000e-02 9.874539e-01 1.579073e-01 1.121290e-32 -1.579073e-01 9.874539e-01 1.957629e-32 -7.975399e-33 -2.110127e-32 1.000000e+00 5.676766e-02 3.549921e-01 -4.169629e-16 -6.520697e-29 4.623442e-29 6.017434e+00
       1 -2.058675e-18 3.122441e-19 1.000000e-02 1.000000e+00 0.000000e+00 0.000000e+00 0.000000e+00 1.000000e+00 0.000000e+00 0.000000e+00 0.000000e+00 1.000000e+00 0.000000e+00 1.005335e-30 0.000000e+00 0.000000e+00 0.000000e+00 0.000000e+00
       2 5.974097e-02 -5.450718e-04 1.000000e-02 9.999584e-01 9.123538e-03 -2.216849e-33 -9.123538e-03 9.999584e-01 -9.346460e-34 2.213819e-33 9.548393e-34 1.000000e+00 7.882976e-04 8.640995e-02 -7.542287e-15 2.877193e-29 -1.353689e-28 1.446410e+00
       1 -2.058675e-18 3.122441e-19 1.000000e-02 1.000000e+00 0.000000e+00 0.000000e+00 0.000000e+00 1.000000e+00 0.000000e+00 0.000000e+00 0.000000e+00 1.000000e+00 0.000000e+00 5.045936e-31 0.000000e+00 0.000000e+00 0.000000e+00 0.000000e+00
       2 5.968827e-02 -2.567443e-03 1.000000e-02 9.990762e-01 4.297446e-02 -5.524562e-33 -4.297446e-02 9.990762e-01 -1.346520e-33 5.467181e-33 1.582698e-33 1.000000e+00 -8.059439e-03 -1.873719e-01 5.744772e-15 -2.122231e-29 -7.674612e-29 -3.139175e+00
       1 -2.058675e-18 3.122441e-19 1.000000e-02 1.000000e+00 0.000000e+00 0.000000e+00 0.000000e+00 1.000000e+00 0.000000e+00 0.000000e+00 0.000000e+00 1.000000e+00 0.000000e+00 5.045936e-31 0.000000e+00 0.000000e+00 0.000000e+00 0.000000e+00
       2 5.773981e-02 -1.534260e-02 1.000000e-02 9.664624e-01 2.568081e-01 3.608325e-32 -2.568081e-01 9.664624e-01 4.365354e-32 -2.365693e-32 -5.145597e-32 1.000000e+00 -1.177367e-01 -4.430881e-01 -3.248936e-15 -1.675496e-27 6.544884e-28 -7.673871e+00
       1 -2.058675e-18 3.122441e-19 1.000000e-02 1.000000e+00 0.000000e+00 0.000000e+00 0.000000e+00 1.000000e+00 0.000000e+00 0.000000e+00 0.000000e+00 1.000000e+00 0.000000e+00 5.045936e-31 0.000000e+00 0.000000e+00 0.000000e+00 0.000000e+00
       2 4.750145e-02 -3.623387e-02 1.000000e-02 7.950904e-01 6.064910e-01 -2.043843e-32 -6.064910e-01 7.950904e-01 -1.474596e-32 7.312694e-33 2.412010e-32 1.000000e+00 -4.273036e-01 -5.601825e-01 4.618911e-15 -2.761405e-28 5.188297e-28 -1.179294e+01
       1 -2.058675e-18 3.122441e-19 1.000000e-02 1.000000e+00 0.000000e+00 0.000000e+00 0.000000e+00 1.000000e+00 0.000000e+00 0.000000e+00 0.000000e+00 1.000000e+00 0.000000e+00 5.045936e-31 0.000000e+00 0.000000e+00 0.000000e+00 0.000000e+00
       2 2.245532e-02 -5.536280e-02 1.000000e-02 3.758624e-01 9.266755e-01 -1.679444e-32 -9.266755e-01 3.758624e-01 1.475649e-33 7.685437e-33 1.500837e-32 1.000000e+00 -8.070340e-01 -3.273359e-01 -1.209181e-14 9.843448e-28 -1.893679e-27 -1.457718e+01
       1 -2.058675e-18 3.122441e-19 1.000000e-02 1.000000e+00 0.000000e+00 0.000000e+00 0.000000e+00 1.000000e+00 0.000000e+00 0.000000e+00 0.000000e+00 1.000000e+00 0.000000e+00 5.045936e-31 0.000000e+00 0.000000e+00 0.000000e+00 0.000000e+00
       2 -1.272640e-02 -5.837225e-02 1.000000e-02 -2.130175e-01 9.770484e-01 1.128476e-32 -9.770484e-01 -2.130175e-01 -1.730433e-33 7.187228e-34 -1.139436e-32 1.000000e+00 -8.737244e-01 1.904909e-01 8.481112e-15 3.895497e-28 5.711868e-28 -1.496813e+01
       1 -2.058675e-18 3.122441e-19 1.000000e-02 1.000000e+00 0.000000e+00 0.000000e+00 0.000000e+00 1.000000e+00 0.000000e+00 0.000000e+00 0.000000e+00 1.000000e+00 0.000000e+00 5.045936e-31 0.000000e+00 0.000000e+00 0.000000e+00 0.000000e+00
       2 -4.189882e-02 -4.258838e-02 1.000000e-02 -7.013122e-01 7.128542e-01 2.372441e-32 -7.128542e-01 -7.013122e-01 -3.797836e-33 1.393650e-32 -1.957551e-32 1.000000e+00 -5.445042e-01 5.356889e-01 -1.036684e-14 -1.813376e-27 -9.694509e-28 -1.278528e+01
       1 -2.058675e-18 3.122441e-19 1.000000e-02 1.000000e+00 0.000000e+00 0.000000e+00 0.000000e+00 1.000000e+00 0.000000e+00 0.000000e+00 0.000000e+00 1.000000e+00 0.000000e+00 5.045936e-31 0.000000e+00 0.000000e+00 0.000000e+00 0.000000e+00
       2 -5.600628e-02 -2.079851e-02 1.000000e-02 -9.374461e-01 3.481303e-01 3.435498e-33 -3.481303e-01 -9.374461e-01 6.292394e-34 3.445241e-33 -6.061165e-34 1.000000e+00 -1.858284e-01 5.004009e-01 -1.133807e-14 -9.868876e-28 5.539066e-28 -8.934721e+00
       1 -2.058675e-18 3.122441e-19 1.000000e-02 1.000000e+00 0.000000e+00 0.000000e+00 0.000000e+00 1.000000e+00 0.000000e+00 0.000000e+00 0.000000e+00 1.000000e+00 0.000000e+00 5.045936e-31 0.000000e+00 0.000000e+00 0.000000e+00 0.000000e+00
       2 -5.951839e-02 -5.181008e-03 1.000000e-02 -9.962326e-01 8.672092e-02 2.942950e-33 -8.672092e-02 -9.962326e-01 -6.555320e-33 2.368969e-33 -6.785833e-33 1.000000e+00 -2.310366e-02 2.654137e-01 -2.302474e-15 1.337838e-28 -2.878217e-28 -4.459356e+00
       1 -2.058675e-18 3.122441e-19 1.000000e-02 1.000000e+00 0.000000e+00 0.000000e+00 0.000000e+00 1.000000e+00 0.000000e+00 0.000000e+00 0.000000e+00 1.000000e+00 0.000000e+00 7.414830e-30 0.000000e+00 0.000000e+00 0.000000e+00 0.000000e+00
       2 -5.974346e-02 -3.973316e-06 1.000000e-02 -1.000000e+00 6.650630e-05 -7.098787e-31 -6.650630e-05 -1.000000e+00 -2.205136e-33 -7.098732e-31 -2.157918e-33 1.000000e+00 4.012090e-07 -7.375673e-03 1.259775e-13 3.563284e-29 -1.182008e-26 1.234557e-01
       1 -2.058675e-18 3.122441e-19 1.000000e-02 1.000000e+00 0.000000e+00 0.000000e+00 0.000000e+00 1.000000e+00 0.000000e+00 0.000000e+00 0.000000e+00 1.000000e+00 0.000000e+00 8.412462e-31 0.000000e+00 0.000000e+00 0.000000e+00 0.000000e+00
       2 -5.946436e-02 -5.768081e-03 1.000000e-02 -9.953284e-01 9.654749e-02 8.549099e-33 -9.654749e-02 -9.953284e-01 2.332555e-32 1.076677e-32 2.239119e-32 1.000000e+00 2.713983e-02 -2.797935e-01 1.827810e-15 -1.039666e-27 6.316583e-29 4.705229e+00
       1 -2.058675e-18 3.122441e-19 1.000000e-02 1.000000e+00 0.000000e+00 0.000000e+00 0.000000e+00 1.000000e+00 0.000000e+00 0.000000e+00 0.000000e+00 1.000000e+00 0.000000e+00 8.412462e-31 0.000000e+00 0.000000e+00 0.000000e+00 0.000000e+00
       2 -5.559031e-02 -2.188604e-02 1.000000e-02 -9.304835e-01 3.663337e-01 -1.069540e-31 -3.663337e-01 -9.304835e-01 4.941935e-32 -8.140936e-32 8.516475e-32 1.000000e+00 2.005925e-01 -5.095044e-01 3.568748e-15 -2.596610e-27 -2.662661e-27 9.165338e+00
       1 -2.058675e-18 3.122441e-19 1.000000e-02 1.000000e+00 0.000000e+00 0.000000e+00 0.000000e+00 1.000000e+00 0.000000e+00 0.000000e+00 0.000000e+00 1.000000e+00 0.000000e+00 8.412462e-31 0.000000e+00 0.000000e+00 0.000000e+00 0.000000e+00
       2 -4.070240e-02 -4.373323e-02 1.000000e-02 -6.812864e-01 7.320170e-01 9.385623e-33 -7.320170e-01 -6.812864e-01 -8.402946e-33 2.487866e-34 -1.259524e-32 1.000000e+00 5.666070e-01 -5.273405e-01 -9.525587e-15 1.351816e-27 1.644451e-28 1.295598e+01
       1 -2.058675e-18 3.122441e-19 1.000000e-02 1.000000e+00 0.000000e+00 0.000000e+00 0.000000e+00 1.000000e+00 0.000000e+00 0.000000e+00 0.000000e+00 1.000000e+00 0.000000e+00 8.412462e-31 0.000000e+00 0.000000e+00 0.000000e+00 0.000000e+00
       2 -1.083537e-02 -5.875267e-02 1.000000e-02 -1.813649e-01 9.834159e-01 -2.037334e-34 -9.834159e-01 -1.813649e-01 3.024754e-32 2.971455e-32 5.686203e-33 1.000000e+00 8.822795e-01 -1.627132e-01 -6.921313e-15 -5.273624e-28 -6.384601e-28 1.501683e+01
       1 -2.058675e-18 3.122441e-19 1.000000e-02 1.000000e+00 0.000000e+00 0.000000e+00 0.000000e+00 1.000000e+00 0.000000e+00 0.000000e+00 0.000000e+00 1.000000e+00 0.000000e+00 8.412462e-31 0.000000e+00 0.000000e+00 0.000000e+00 0.000000e+00
       2 2.417634e-02 -5.463319e-02 1.000000e-02 4.046692e-01 9.144631e-01 -4.400386e-33 -9.144631e-01 4.046692e-01 -4.305268e-33 -2.150719e-33 5.766207e-33 1.000000e+00 7.911332e-01 3.500936e-01 -1.208150e-14 -1.896944e-28 -1.736650e-28 1.448080e+01
       1 -2.058675e-18 3.122441e-19 1.000000e-02 1.000000e+00 0.000000e+00 0.000000e+00 0.000000e+00 1.000000e+00 0.000000e+00 0.000000e+00 0.000000e+00 1.000000e+00 0.000000e+00 8.412462e-31 0.000000e+00 0.000000e+00 0.000000e+00 0.000000e+00
       2 4.839879e-02 -3.502624e-02 1.000000e-02 8.101103e-01 5.862775e-01 -8.802798e-34 -5.862775e-01 8.101103e-01 4.194005e-32 2.530722e-32 -3.345997e-32 1.000000e+00 4.061204e-01 5.611728e-01 2.626124e-15 1.480301e-29 -3.605372e-28 1.159475e+01
       1 -2.058675e-18 3.122441e-19 1.000000e-02 1.000000e+00 0.000000e+00 0.000000e+00 0.000000e+00 1.000000e+00 0.000000e+00 0.000000e+00 0.000000e+00 1.000000e+00 0.000000e+00 8.412462e-31 0.000000e+00 0.000000e+00 0.000000e+00 0.000000e+00
       2 5.798176e-02 -1.440127e-02 1.000000e-02 9.705122e-01 2.410518e-01 1.450734e-32 -2.410518e-01 9.705122e-01 3.235821e-32 -6.273953e-33 -3.490105e-32 1.000000e+00 1.070692e-01 4.310791e-01 4.134842e-15 -1.612515e-28 -1.451591e-27 7.434733e+00
       1 -2.058675e-18 3.122441e-19 1.000000e-02 1.000000e+00 0.000000e+00 0.000000e+00 0.000000e+00 1.000000e+00 0.000000e+00 0.000000e+00 0.000000e+00 1.000000e+00 0.000000e+00 8.412462e-31 0.000000e+00 0.000000e+00 0.000000e+00 0.000000e+00
       2 5.970368e-02 -2.179738e-03 1.000000e-02 9.993342e-01 3.648497e-02 4.167625e-35 -3.648497e-02 9.993342e-01 7.125922e-34 -1.006035e-35 -7.136316e-34 1.000000e+00 6.304604e-03 1.726904e-01 -1.009880e-14 -1.383001e-29 -4.606612e-29 2.892458e+00
       1 -2.058675e-18 3.122441e-19 1.000000e-02 1.000000e+00 0.000000e+00 0.000000e+00 0.000000e+00 1.000000e+00 0.000000e+00 0.000000e+00 0.000000e+00 1.000000e+00 0.000000e+00 1.019972e-30 0.000000e+00 0.000000e+00 0.000000e+00 0.000000e+00
       2 5.973879e-02 -7.470384e-04 1.000000e-02 9.999218e-01 1.250410e-02 -9.374316e-33 -1.250410e-02 9.999218e-01 1.073212e-33 9.392592e-33 -9.559042e-34 1.000000e+00 -1.264850e-03 -1.011561e-01 -1.739686e-15 -1.531261e-29 -1.493124e-28 -1.693307e+00
       1 -2.058675e-18 3.122441e-19 1.000000e-02 1.000000e+00 0.000000e+00 0.000000e+00 0.000000e+00 1.000000e+00 0.000000e+00 0.000000e+00 0.000000e+00 1.000000e+00 0.000000e+00 1.019972e-30 0.000000e+00 0.000000e+00 0.000000e+00 0.000000e+00
       2 5.886404e-02 -1.021305e-02 1.000000e-02 9.852800e-01 1.709483e-01 1.955303e-33 -1.709483e-01 9.852800e-01 -4.378239e-33 -2.669384e-33 3.979542e-33 1.000000e+00 -6.394332e-02 -3.685470e-01 6.058453e-15 5.994839e-28 1.151080e-28 -6.260985e+00
       1 -2.058675e-18 3.122441e-19 1.000000e-02 1.000000e+00 0.000000e+00 0.000000e+00 0.000000e+00 1.000000e+00 0.000000e+00 0.000000e+00 0.000000e+00 1.000000e+00 0.000000e+00 1.019972e-30 0.000000e+00 0.000000e+00 0.000000e+00 0.000000e+00
       2 5.212984e-02 -2.918494e-02 1.000000e-02 8.725614e-01 4.885044e-01 -1.339931e-32 -4.885044e-01 8.725614e-01 -2.226068e-32 8.228721e-34 2.596944e-32 1.000000e+00 -3.088891e-01 -5.517357e-01 6.897447e-15 4.043317e-28 -1.734762e-28 -1.058386e+01
       1 -2.058675e-18 3.122441e-19 1.000000e-02 1.000000e+00 0.000000e+00 0.000000e+00 0.000000e+00 1.000000e+00 0.000000e+00 0.000000e+00 0.000000e+00 1.000000e+00 0.000000e+00 1.019972e-30 0.000000e+00 0.000000e+00 0.000000e+00 0.000000e+00
       2 3.200240e-02 -5.044926e-02 1.000000e-02 5.356636e-01 8.444315e-01 -1.242782e-32 -8.444315e-01 5.356636e-01 -9.628864e-32 -7.464644e-32 6.207277e-32 1.000000e+00 -7.020158e-01 -4.453231e-01 7.804811e-17 -9.888074e-29 1.164729e-27 -1.391528e+01
       1 -2.058675e-18 3.122441e-19 1.000000e-02 1.000000e+00 0.000000e+00 0.000000e+00 0.000000e+00 1.000000e+00 0.000000e+00 0.000000e+00 0.000000e+00 1.000000e+00 0.000000e+00 1.019972e-30 0.000000e+00 0.000000e+00 0.000000e+00 0.000000e+00
       2 -1.460992e-03 -5.972559e-02 1.000000e-02 -2.445442e-02 9.997009e-01 -2.378994e-33 -9.997009e-01 -2.445442e-02 5.838380e-33 5.784046e-33 2.521064e-33 1.000000e+00 -9.042854e-01 2.212042e-02 -2.242187e-15 -1.525139e-28 -1.195835e-29 -1.514065e+01
       1 -2.058675e-18 3.122441e-19 1.000000e-02 1.000000e+00 0.000000e+00 0.000000e+00 0.000000e+00 1.000000e+00 0.000000e+00 0.000000e+00 0.000000e+00 1.000000e+00 0.000000e+00 1.019972e-30 0.000000e+00 0.000000e+00 0.000000e+00 0.000000e+00
       2 -3.422097e-02 -4.897148e-02 1.000000e-02 -5.727986e-01 8.196961e-01 -1.573703e-32 -8.196961e-01 -5.727986e-01 3.132682e-32 1.666991e-32 3.084355e-32 1.000000e+00 -6.713973e-01 4.691689e-01 -1.234492e-14 3.037874e-28 -1.970941e-29 -1.370996e+01
       1 -2.058675e-18 3.122441e-19 1.000000e-02 1.000000e+00 0.000000e+00 0.000000e+00 0.000000e+00 1.000000e+00 0.000000e+00 0.000000e+00 0.000000e+00 1.000000e+00 0.000000e+00 1.019972e-30 0.000000e+00 0.000000e+00 0.000000e+00 0.000000e+00
       2 -5.308259e-02 -2.741385e-02 1.000000e-02 -8.885089e-01 4.588594e-01 -1.907416e-32 -4.588594e-01 -8.885089e-01 4.251452e-32 2.566212e-33 4.652689e-32 1.000000e+00 -2.812025e-01 5.445057e-01 -6.375589e-15 -2.791519e-27 -1.029703e-27 -1.025770e+01
       1 -2.058675e-18 3.122441e-19 1.000000e-02 1.000000e+00 0.000000e+00 0.000000e+00 0.000000e+00 1.000000e+00 0.000000e+00 0.000000e+00 0.000000e+00 1.000000e+00 0.000000e+00 1.019972e-30 0.000000e+00 0.000000e+00 0.000000e+00 0.000000e+00
       2 -5.905321e-02 -9.055368e-03 1.000000e-02 -9.884464e-01 1.515709e-01 1.815637e-33 -1.515709e-01 -9.884464e-01 1.240600e-33 1.988288e-33 9.510754e-34 1.000000e+00 -5.338522e-02 3.481462e-01 6.997860e-15 -1.781048e-28 -2.938843e-28 -5.895465e+00
       1 -2.058675e-18 3.122441e-19 1.000000e-02 1.000000e+00 0.000000e+00 0.000000e+00 0.000000e+00 1.000000e+00 0.000000e+00 0.000000e+00 0.000000e+00 1.000000e+00 0.000000e+00 1.019972e-30 0.000000e+00 0.000000e+00 0.000000e+00 0.000000e+00
       2 -5.974172e-02 -4.560004e-04 1.000000e-02 -9.999709e-01 7.632642e-03 6.072379e-33 -7.632642e-03 -9.999709e-01 -8.248753e-35 6.077162e-33 -1.288268e-34 1.000000e+00 -6.031781e-04 7.903577e-02 7.832814e-15 -1.397030e-30 4.930694e-28 -1.322958e+00
       1 -2.058675e-18 3.122441e-19 1.000000e-02 1.000000e+00 0.000000e+00 0.000000e+00 0.000000e+00 1.000000e+00 0.000000e+00 0.000000e+00 0.000000e+00 1.000000e+00 0.000000e+00 5.974235e-31 0.000000e+00 0.000000e+00 0.000000e+00 0.000000e+00
       2 -5.967906e-02 -2.773150e-03 1.000000e-02 -9.989221e-01 4.641763e-02 1.221368e-33 -4.641763e-02 -9.989221e-01 -7.398028e-34 1.191301e-33 -7.956917e-34 1.000000e+00 9.047202e-03 -1.947034e-01 3.652423e-15 4.706498e-29 -6.666826e-29 3.262508e+00
       1 -2.058675e-18 3.122441e-19 1.000000e-02 1.000000e+00 0.000000e+00 0.000000e+00 0.000000e+00 1.000000e+00 0.000000e+00 0.000000e+00 0.000000e+00 1.000000e+00 0.000000e+00 5.974235e-31 0.000000e+00 0.000000e+00 0.000000e+00 0.000000e+00
       2 -5.761005e-02 -1.582288e-02 1.000000e-02 -9.642904e-01 2.648471e-01 3.093149e-32 -2.648471e-01 -9.642904e-01 1.523140e-32 3.386652e-32 6.495385e-33 1.000000e+00 1.233081e-01 -4.489585e-01 6.204144e-15 -8.314885e-28 -2.095691e-28 7.793054e+00
       1 -2.058675e-18 3.122441e-19 1.000000e-02 1.000000e+00 0.000000e+00 0.000000e+00 0.000000e+00 1.000000e+00 0.000000e+00 0.000000e+00 0.000000e+00 1.000000e+00 0.000000e+00 5.974235e-31 0.000000e+00 0.000000e+00 0.000000e+00 0.000000e+00
       2 -4.703558e-02 -3.683660e-02 1.000000e-02 -7.872926e-01 6.165796e-01 4.263381e-32 -6.165796e-01 -7.872926e-01 -6.961977e-32 -9.355254e-33 -8.109826e-32 1.000000e+00 4.380097e-01 -5.592829e-01 -9.302356e-15 -3.340275e-27 -2.443021e-28 1.189062e+01
       1 -2.058675e-18 3.122441e-19 1.000000e-02 1.000000e+00 0.000000e+00 0.000000e+00 0.000000e+00 1.000000e+00 0.000000e+00 0.000000e+00 0.000000e+00 1.000000e+00 0.000000e+00 5.974235e-31 0.000000e+00 0.000000e+00 0.000000e+00 0.000000e+00
       2 -2.158222e-02 -5.570896e-02 1.000000e-02 -3.612483e-01 9.324697e-01 2.124648e-32 -9.324697e-01 -3.612483e-01 -1.115664e-32 -2.722383e-33 -2.384201e-32 1.000000e+00 8.146150e-01 -3.155906e-01 7.856557e-16 -1.921456e-28 -8.299118e-28 1.462268e+01
       1 -2.058675e-18 3.122441e-19 1.000000e-02 1.000000e+00 0.000000e+00 0.000000e+00 0.000000e+00 1.000000e+00 0.000000e+00 0.000000e+00 0.000000e+00 1.000000e+00 0.000000e+00 5.974235e-31 0.000000e+00 0.000000e+00 0.000000e+00 0.000000e+00
       2 1.366467e-02 -5.815976e-02 1.000000e-02 2.287224e-01 9.734917e-01 4.341969e-33 -9.734917e-01 2.287224e-01 4.123940e-33 3.027105e-33 -5.170101e-33 1.000000e+00 8.689579e-01 2.041623e-01 5.325896e-15 1.780686e-29 -1.517756e-28 1.494086e+01
       1 -2.058675e-18 3.122441e-19 1.000000e-02 1.000000e+00 0.000000e+00 0.000000e+00 0.000000e+00 1.000000e+00 0.000000e+00 0.000000e+00 0.000000e+00 1.000000e+00 0.000000e+00 5.974235e-31 0.000000e+00 0.000000e+00 0.000000e+00 0.000000e+00
       2 4.247917e-02 -4.200954e-02 1.000000e-02 7.110263e-01 7.031655e-01 4.436267e-32 -7.031655e-01 7.110263e-01 4.821201e-32 2.363585e-33 -6.547429e-32 1.000000e+00 5.334410e-01 5.394053e-01 3.350287e-15 -8.583894e-28 1.850679e-27 1.269809e+01
       1 -2.058675e-18 3.122441e-19 1.000000e-02 1.000000e+00 0.000000e+00 0.000000e+00 0.000000e+00 1.000000e+00 0.000000e+00 0.000000e+00 0.000000e+00 1.000000e+00 0.000000e+00 5.974235e-31 0.000000e+00 0.000000e+00 0.000000e+00 0.000000e+00
       2 5.620251e-02 -2.026225e-02 1.000000e-02 9.407308e-01 3.391542e-01 2.270247e-32 -3.391542e-01 9.407308e-01 -1.111167e-32 -2.511990e-32 2.753457e-33 1.000000e+00 1.786879e-01 4.956382e-01 3.346887e-15 -2.774711e-29 7.439364e-28 8.818783e+00
       1 -2.058675e-18 3.122441e-19 1.000000e-02 1.000000e+00 0.000000e+00 0.000000e+00 0.000000e+00 1.000000e+00 0.000000e+00 0.000000e+00 0.000000e+00 1.000000e+00 0.000000e+00 5.974235e-31 0.000000e+00 0.000000e+00 0.000000e+00 0.000000e+00
       2 5.954225e-02 -4.899104e-03 1.000000e-02 9.966321e-01 8.200234e-02 3.186763e-33 -8.200234e-02 9.966321e-01 1.296068e-32 -2.107635e-33 -1.317835e-32 1.000000e+00 2.124388e-02 2.581955e-01 3.205953e-15 -5.251723e-28 1.675495e-28 4.336339e+00
       1 -2.058675e-18 3.122441e-19 1.000000e-02 1.000000e+00 0.000000e+00 0.000000e+00 0.000000e+00 1.000000e+00 0.000000e+00 0.000000e+00 0.000000e+00 1.000000e+00 0.000000e+00 4.274178e-29 0.000000e+00 0.000000e+00 0.000000e+00 0.000000e+00
       2 5.974346e-02 -1.588865e-05 1.000000e-02 1.000000e+00 2.659479e-04 4.342026e-31 -2.659479e-04 1.000000e+00 1.202648e-32 -4.341938e-31 -1.214195e-32 1.000000e+00 -3.931318e-06 -1.475142e-02 3.353703e-13 4.582386e-28 1.636660e-24 -2.469128e-01
       1 -2.058675e-18 3.122441e-19 1.000000e-02 1.000000e+00 0.000000e+00 0.000000e+00 0.000000e+00 1.000000e+00 0.000000e+00 0.000000e+00 0.000000e+00 1.000000e+00 0.000000e+00 5.408011e-31 0.000000e+00 0.000000e+00 0.000000e+00 0.000000e+00
       2 5.943397e-02 -6.073214e-03 1.000000e-02 9.948197e-01 1.016549e-01 -5.460985e-33 -1.016549e-01 9.948197e-01 -5.325951e-33 4.896876e-33 5.853503e-33 1.000000e+00 -2.932163e-02 -2.869519e-01 9.966705e-15 1.225942e-28 -1.533286e-28 -4.828078e+00
       1 -2.058675e-18 3.122441e-19 1.000000e-02 1.000000e+00 0.000000e+00 0.000000e+00 0.000000e+00 1.000000e+00 0.000000e+00 0.000000e+00 0.000000e+00 1.000000e+00 0.000000e+00 5.408011e-31 0.000000e+00 0.000000e+00 0.000000e+00 0.000000e+00
       2 5.537022e-02 -2.243701e-02 1.000000e-02 9.267997e-01 3.755559e-01 2.217712e-33 -3.755559e-01 9.267997e-01 1.407143e-32 3.234823e-33 -1.387426e-32 1.000000e+00 -2.082147e-01 -5.138354e-01 -1.032114e-14 1.630323e-27 -1.966959e-28 -9.279987e+00
       1 -2.058675e-18 3.122441e-19 1.000000e-02 1.000000e+00 0.000000e+00 0.000000e+00 0.000000e+00 1.000000e+00 0.000000e+00 0.000000e+00 0.000000e+00 1.000000e+00 0.000000e+00 5.408011e-31 0.000000e+00 0.000000e+00 0.000000e+00 0.000000e+00
       2 4.008636e-02 -4.429859e-02 1.000000e-02 6.709748e-01 7.414801e-01 2.506159e-32 -7.414801e-01 6.709748e-01 7.122610e-32 3.600263e-32 -6.637358e-32 1.000000e+00 -5.776296e-01 -5.227052e-01 -3.278073e-15 -1.215531e-27 5.827519e-28 -1.303946e+01
       1 -2.058675e-18 3.122441e-19 1.000000e-02 1.000000e+00 0.000000e+00 0.000000e+00 0.000000e+00 1.000000e+00 0.000000e+00 0.000000e+00 0.000000e+00 1.000000e+00 0.000000e+00 5.408011e-31 0.000000e+00 0.000000e+00 0.000000e+00 0.000000e+00
       2 9.883284e-03 -5.892030e-02 1.000000e-02 1.654287e-01 9.862217e-01 -2.404766e-32 -9.862217e-01 1.654287e-01 -1.232492e-32 -8.171341e-33 2.575522e-32 1.000000e+00 -8.860581e-01 -1.486275e-01 8.970508e-15 3.201522e-28 -8.941847e-29 -1.503823e+01
       1 -2.058675e-18 3.122441e-19 1.000000e-02 1.000000e+00 0.000000e+00 0.000000e+00 0.000000e+00 1.000000e+00 0.000000e+00 0.000000e+00 0.000000e+00 1.000000e+00 0.000000e+00 5.408011e-31 0.000000e+00 0.000000e+00 0.000000e+00 0.000000e+00
       2 -2.502376e-02 -5.425027e-02 1.000000e-02 -4.188536e-01 9.080538e-01 -2.867864e-33 -9.080538e-01 -4.188536e-01 -1.844188e-34 -1.363088e-33 2.526937e-33 1.000000e+00 -7.828304e-01 3.610928e-01 2.674533e-15 -5.505401e-28 8.706792e-28 -1.442997e+01
       1 -2.058675e-18 3.122441e-19 1.000000e-02 1.000000e+00 0.000000e+00 0.000000e+00 0.000000e+00 1.000000e+00 0.000000e+00 0.000000e+00 0.000000e+00 1.000000e+00 0.000000e+00 5.408011e-31 0.000000e+00 0.000000e+00 0.000000e+00 0.000000e+00
       2 -4.883045e-02 -3.442191e-02 1.000000e-02 -8.173355e-01 5.761620e-01 4.951404e-33 -5.761620e-01 -8.173355e-01 9.496947e-32 5.877035e-32 7.476912e-32 1.000000e+00 -3.956552e-01 5.612721e-01 -4.840521e-15 -2.155619e-27 -5.230978e-28 -1.149429e+01
       1 -2.058675e-18 3.122441e-19 1.000000e-02 1.000000e+00 0.000000e+00 0.000000e+00 0.000000e+00 1.000000e+00 0.000000e+00 0.000000e+00 0.000000e+00 1.000000e+00 0.000000e+00 5.408011e-31 0.000000e+00 0.000000e+00 0.000000e+00 0.000000e+00
       2 -5.809429e-02 -1.394039e-02 1.000000e-02 -9.723958e-01 2.333375e-01 -9.308305e-34 -2.333375e-01 -9.723958e-01 -3.113282e-33 -1.625992e-33 -2.810138e-33 1.000000e+00 -1.019707e-01 4.249483e-01 -1.231027e-14 3.182037e-28 -2.191514e-28 -7.314799e+00
       1 -2.058675e-18 3.122441e-19 1.000000e-02 1.000000e+00 0.000000e+00 0.000000e+00 0.000000e+00 1.000000e+00 0.000000e+00 0.000000e+00 0.000000e+00 1.000000e+00 0.000000e+00 5.408011e-31 0.000000e+00 0.000000e+00 0.000000e+00 0.000000e+00
       2 -5.971005e-02 -1.997748e-03 1.000000e-02 -9.994408e-01 3.343877e-02 6.114115e-33 -3.343877e-02 -9.994408e-01 -3.775269e-33 5.990045e-33 -3.977599e-33 1.000000e+00 -5.531725e-03 1.653417e-01 1.393227e-15 -2.784084e-29 1.345341e-28 -2.769076e+00
       1 -2.058675e-18 3.122441e-19 1.000000e-02 1.000000e+00 0.000000e+00 0.000000e+00 0.000000e+00 1.000000e+00 0.000000e+00 0.000000e+00 0.000000e+00 1.000000e+00 0.000000e+00 6.709940e-31 0.000000e+00 0.000000e+00 0.000000e+00 0.000000e+00
       2 -5.973727e-02 -8.599324e-04 1.000000e-02 -9.998964e-01 1.439375e-02 4.404864e-34 -1.439375e-02 -9.998964e-01 -6.411073e-34 4.368021e-34 -6.473744e-34 1.000000e+00 1.562161e-03 -1.085279e-01 3.249702e-15 9.989677e-30 -2.799733e-29 1.816753e+00
       1 -2.058675e-18 3.122441e-19 1.000000e-02 1.000000e+00 0.000000e+00 0.000000e+00 0.000000e+00 1.000000e+00 0.000000e+00 0.000000e+00 0.000000e+00 1.000000e+00 0.000000e+00 6.709940e-31 0.000000e+00 0.000000e+00 0.000000e+00 0.000000e+00
       2 -5.879315e-02 -1.061350e-02 1.000000e-02 -9.840935e-01 1.776513e-01 9.473552e-33 -1.776513e-01 -9.840935e-01 -2.790078e-32 4.371840e-33 -2.913995e-32 1.000000e+00 6.774084e-02 -3.752505e-01 1.247686e-14 -2.263921e-29 1.947502e-28 6.382552e+00
       1 -2.058675e-18 3.122441e-19 1.000000e-02 1.000000e+00 0.000000e+00 0.000000e+00 0.000000e+00 1.000000e+00 0.000000e+00 0.000000e+00 0.000000e+00 1.000000e+00 0.000000e+00 6.709940e-31 0.000000e+00 0.000000e+00 0.000000e+00 0.000000e+00
       2 -5.179213e-02 -2.978013e-02 1.000000e-02 -8.669088e-01 4.984668e-01 -1.081711e-32 -4.984668e-01 -8.669088e-01 1.592262e-32 -1.434963e-33 1.919543e-32 1.000000e+00 3.183862e-01 -5.537227e-01 -1.595811e-15 -4.027659e-28 5.286921e-28 1.069124e+01
       1 -2.058675e-18 3.122441e-19 1.000000e-02 1.000000e+00 0.000000e+00 0.000000e+00 0.000000e+00 1.000000e+00 0.000000e+00 0.000000e+00 0.000000e+00 1.000000e+00 0.000000e+00 6.709940e-31 0.000000e+00 0.000000e+00 0.000000e+00 0.000000e+00
       2 -3.124112e-02 -5.092419e-02 1.000000e-02 -5.229212e-01 8.523811e-01 -4.712020e-32 -8.523811e-01 -5.229212e-01 2.247305e-32 -5.478954e-33 5.191601e-32 1.000000e+00 7.119524e-01 -4.367712e-01 1.446610e-15 -1.018675e-28 9.671182e-28 1.398062e+01
       1 -2.058675e-18 3.122441e-19 1.000000e-02 1.000000e+00 0.000000e+00 0.000000e+00 0.000000e+00 1.000000e+00 0.000000e+00 0.000000e+00 0.000000e+00 1.000000e+00 0.000000e+00 6.709940e-31 0.000000e+00 0.000000e+00 0.000000e+00 0.000000e+00
       2 2.434351e-03 -5.969384e-02 1.000000e-02 4.074674e-02 9.991695e-01 -1.020253e-33 -9.991695e-01 4.074674e-02 -1.463712e-32 -1.457780e-32 1.615827e-33 1.000000e+00 9.035644e-01 3.684794e-02 -6.685117e-15 5.549422e-28 -1.225102e-28 1.513663e+01
       1 -2.058675e-18 3.122441e-19 1.000000e-02 1.000000e+00 0.000000e+00 0.000000e+00 0.000000e+00 1.000000e+00 0.000000e+00 0.000000e+00 0.000000e+00 1.000000e+00 0.000000e+00 6.709940e-31 0.000000e+00 0.000000e+00 0.000000e+00 0.000000e+00
       2 3.493831e-02 -4.846231e-02 1.000000e-02 5.848055e-01 8.111735e-01 -1.123343e-33 -8.111735e-01 5.848055e-01 -3.056257e-33 -1.816628e-33 2.698549e-33 1.000000e+00 6.609535e-01 4.765069e-01 -2.724418e-15 -6.429506e-28 8.628546e-28 1.363850e+01
       1 -2.058675e-18 3.122441e-19 1.000000e-02 1.000000e+00 0.000000e+00 0.000000e+00 0.000000e+00 1.000000e+00 0.000000e+00 0.000000e+00 0.000000e+00 1.000000e+00 0.000000e+00 6.709940e-31 0.000000e+00 0.000000e+00 0.000000e+00 0.000000e+00
       2 5.338056e-02 -2.682904e-02 1.000000e-02 8.934962e-01 4.490707e-01 -6.275378e-32 -4.490707e-01 8.934962e-01 -8.681863e-32 1.708815e-32 1.057530e-31 1.000000e+00 2.722524e-01 5.416901e-01 1.823277e-16 1.138224e-27 -1.326684e-27 1.014769e+01
       1 -2.058675e-18 3.122441e-19 1.000000e-02 1.000000e+00 0.000000e+00 0.000000e+00 0.000000e+00 1.000000e+00 0.000000e+00 0.000000e+00 0.000000e+00 1.000000e+00 0.000000e+00 6.709940e-31 0.000000e+00 0.000000e+00 0.000000e+00 0.000000e+00
       2 5.910893e-02 -8.684198e-03 1.000000e-02 9.893791e-01 1.453581e-01 -3.000167e-33 -1.453581e-01 9.893791e-01 4.011987e-33 3.557066e-33 -3.533271e-33 1.000000e+00 5.013675e-02 3.412582e-01 -6.646977e-15 -1.179460e-28 -1.278397e-28 5.773375e+00
       1 -2.058675e-18 3.122441e-19 1.000000e-02 1.000000e+00 0.000000e+00 0.000000e+00 0.000000e+00 1.000000e+00 0.000000e+00 0.000000e+00 0.000000e+00 1.000000e+00 0.000000e+00 6.709940e-31 0.000000e+00 0.000000e+00 0.000000e+00 0.000000e+00
       2 5.974228e-02 -3.748690e-04 1.000000e-02 9.999803e-01 6.274646e-03 -1.182829e-33 -6.274646e-03 9.999803e-01 -5.891979e-35 1.188025e-33 6.634713e-35 1.000000e+00 4.495738e-04 7.166105e-02 1.860335e-15 -1.109070e-29 -4.749838e-29 1.199503e+00
       1 -2.058675e-18 3.122441e-19 1.000000e-02 1.000000e+00 0.000000e+00 0.000000e+00 0.000000e+00 1.000000e+00 0.000000e+00 0.000000e+00 0.000000e+00 1.000000e+00 0.000000e+00 6.987274e-31 0.000000e+00 0.000000e+00 0.000000e+00 0.000000e+00
       2 5.966876e-02 -2.986749e-03 1.000000e-02 9.987496e-01 4.999291e-02 1.180422e-32 -4.999291e-02 9.987496e-01 -5.931310e-33 -1.208039e-32 5.333772e-33 1.000000e+00 -1.011237e-02 -2.020278e-01 -4.677143e-15 1.483378e-28 1.161542e-28 -3.385822e+00
       1 -2.058675e-18 3.122441e-19 1.000000e-02 1.000000e+00 0.000000e+00 0.000000e+00 0.000000e+00 1.000000e+00 0.000000e+00 0.000000e+00 0.000000e+00 1.000000e+00 0.000000e+00 6.987274e-31 0.000000e+00 0.000000e+00 0.000000e+00 0.000000e+00
       2 5.747420e-02 -1.630943e-02 1.000000e-02 9.620166e-01 2.729910e-01 4.578825e-33 -2.729910e-01 9.620166e-01 -7.960474e-34 -4.616630e-33 -4.841608e-34 1.000000e+00 -1.290392e-01 -4.547341e-01 3.545141e-15 3.469648e-28 6.676799e-29 -7.911964e+00
       1 -2.058675e-18 3.122441e-19 1.000000e-02 1.000000e+00 0.000000e+00 0.000000e+00 0.000000e+00 1.000000e+00 0.000000e+00 0.000000e+00 0.000000e+00 1.000000e+00 0.000000e+00 6.987274e-31 0.000000e+00 0.000000e+00 0.000000e+00 0.000000e+00
       2 4.655815e-02 -3.743822e-02 1.000000e-02 7.793011e-01 6.266496e-01 7.627434e-33 -6.266496e-01 7.793011e-01 2.543527e-32 1.000053e-32 -2.460146e-32 1.000000e+00 -4.487838e-01 -5.581083e-01 1.300317e-14 -4.480107e-28 1.131321e-28 -1.198732e+01
       1 -2.058675e-18 3.122441e-19 1.000000e-02 1.000000e+00 0.000000e+00 0.000000e+00 0.000000e+00 1.000000e+00 0.000000e+00 0.000000e+00 0.000000e+00 1.000000e+00 0.000000e+00 6.987274e-31 0.000000e+00 0.000000e+00 0.000000e+00 0.000000e+00
       2 2.070109e-02 -5.604236e-02 1.000000e-02 3.464998e-01 9.380501e-01 1.716793e-32 -9.380501e-01 3.464998e-01 -1.201377e-32 -1.721261e-32 -1.194160e-32 1.000000e+00 -8.219385e-01 -3.036105e-01 5.621025e-15 3.959856e-28 6.172902e-28 -1.466637e+01
       1 -2.058675e-18 3.122441e-19 1.000000e-02 1.000000e+00 0.000000e+00 0.000000e+00 0.000000e+00 1.000000e+00 0.000000e+00 0.000000e+00 0.000000e+00 1.000000e+00 0.000000e+00 6.987274e-31 0.000000e+00 0.000000e+00 0.000000e+00 0.000000e+00
       2 -1.459763e-02 -5.793263e-02 1.000000e-02 -2.443386e-01 9.696900e-01 7.230296e-32 -9.696900e-01 -2.443386e-01 -8.892067e-33 9.049446e-33 -7.228412e-32 1.000000e+00 -8.638726e-01 2.176754e-01 2.280312e-15 -8.456509e-29 9.552991e-28 -1.491166e+01
       1 -2.058675e-18 3.122441e-19 1.000000e-02 1.000000e+00 0.000000e+00 0.000000e+00 0.000000e+00 1.000000e+00 0.000000e+00 0.000000e+00 0.000000e+00 1.000000e+00 0.000000e+00 6.987274e-31 0.000000e+00 0.000000e+00 0.000000e+00 0.000000e+00
       2 -4.304761e-02 -4.142685e-02 1.000000e-02 -7.205410e-01 6.934123e-01 5.710539e-32 -6.934123e-01 -7.205410e-01 -4.589647e-32 9.327186e-33 -7.266786e-32 1.000000e+00 -5.223811e-01 5.428193e-01 -1.229353e-14 7.902135e-28 -3.581582e-29 -1.260972e+01
       1 -2.058675e-18 3.122441e-19 1.000000e-02 1.000000e+00 0.000000e+00 0.000000e+00 0.000000e+00 1.000000e+00 0.000000e+00 0.000000e+00 0.000000e+00 1.000000e+00 0.000000e+00 6.987274e-31 0.000000e+00 0.000000e+00 0.000000e+00 0.000000e+00
       2 -5.639115e-02 -1.973118e-02 1.000000e-02 -9.438882e-01 3.302651e-01 3.774434e-32 -3.302651e-01 -9.438882e-01 -4.061246e-32 2.221915e-32 -5.079925e-32 1.000000e+00 -1.717091e-01 4.907413e-01 7.916487e-15 3.741444e-28 1.000901e-28 -8.702447e+00
       1 -2.058675e-18 3.122441e-19 1.000000e-02 1.000000e+00 0.000000e+00 0.000000e+00 0.000000e+00 1.000000e+00 0.000000e+00 0.000000e+00 0.000000e+00 1.000000e+00 0.000000e+00 6.987274e-31 0.000000e+00 0.000000e+00 0.000000e+00 0.000000e+00
       2 -5.956417e-02 -4.624979e-03 1.000000e-02 -9.969990e-01 7.741398e-02 5.372484e-33 -7.741398e-02 -9.969990e-01 1.267219e-33 5.460051e-33 8.475173e-34 1.000000e+00 -1.948602e-02 2.509602e-01 6.532332e-15 -3.834333e-28 -2.029566e-30 -4.213274e+00
       1 -2.058675e-18 3.122441e-19 1.000000e-02 1.000000e+00 0.000000e+00 0.000000e+00 0.000000e+00 1.000000e+00 0.000000e+00 0.000000e+00 0.000000e+00 1.000000e+00 0.000000e+00 5.857909e-30 0.000000e+00 0.000000e+00 0.000000e+00 0.000000e+00
       2 -5.974345e-02 -3.574621e-05 1.000000e-02 -9.999998e-01 5.983284e-04 -1.449056e-29 -5.983284e-04 -9.999998e-01 3.032089e-32 -1.449053e-29 3.899101e-32 1.000000e+00 1.293016e-05 -2.212723e-02 8.274351e-15 -1.584759e-28 -9.361657e-27 3.703709e-01
       1 -2.058675e-18 3.122441e-19 1.000000e-02 1.000000e+00 0.000000e+00 0.000000e+00 0.000000e+00 1.000000e+00 0.000000e+00 0.000000e+00 0.000000e+00 1.000000e+00 0.000000e+00 8.936315e-31 0.000000e+00 0.000000e+00 0.000000e+00 0.000000e+00
       2 -5.940117e-02 -6.386045e-03 1.000000e-02 -9.942707e-01 1.068911e-01 4.685523e-33 -1.068911e-01 -9.942707e-01 -1.689913e-32 2.857901e-33 -1.730314e-32 1.000000e+00 3.161610e-02 -2.940871e-01 -2.198209e-15 -3.812750e-29 2.432098e-28 4.950863e+00
       1 -2.058675e-18 3.122441e-19 1.000000e-02 1.000000e+00 0.000000e+00 0.000000e+00 0.000000e+00 1.000000e+00 0.000000e+00 0.000000e+00 0.000000e+00 1.000000e+00 0.000000e+00 8.936315e-31 0.000000e+00 0.000000e+00 0.000000e+00 0.000000e+00
