1 -2.0586748800433875e-18 3.1224405777013299e-19 0.0099999999999999967 1 0 0 0 1 0 0 0 1 -0 -0 -0 0 0 0 
2 0.059743460000000061 -3.9735044185646651e-19 0.010000000000000002 1 4.6388242836720815e-34 -2.2204460492503131e-16 -4.6388242836720815e-34 1 -1.7105694144590052e-49 2.2204460492503131e-16 2.7405953198436139e-49 1 0 0 0 0 0 0 
1 -2.0586748800433875e-18 3.1224405777013299e-19 0.0099999999999999967 1 0 0 0 1 0 0 0 1 0 0 0 0 0 0 
2 0.059492467735634547 -0.0054705999866938955 0.010000000000000002 0.99579880600063697 0.091568214833018344 -1.5178830302716982e-18 -0.091568214833018344 0.99579880600063697 -6.2450044674035587e-17 -4.2069329978504985e-18 6.232666976049838e-17 1 -0.025066078494685964 -0.27260430465905006 0 -1.1884590533917105e-14 6.8001160258290838e-16 -4.5821913651932542 
1 -2.0586748800433875e-18 3.1224405777013299e-19 0.0099999999999999967 1 0 0 0 1 0 0 0 1 0 0 0 0 0 0 
2 0.055802368787248285 -0.021339608482439439 0.010000000000000002 0.93403278933734613 0.35718727362925012 1.3877786477601094e-17 -0.35718727362925012 0.93403278933734613 5.5511145910404376e-17 6.8655672502709838e-18 -5.680619916995062e-17 1 -0.19314229039782371 -0.50503010591357511 0 1.9428902930940239e-15 -5.5511151231257827e-16 -9.0503876112370119 
1 -2.0586748800433875e-18 3.1224405777013299e-19 0.0099999999999999967 1 0 0 0 1 0 0 0 1 0 0 0 0 0 0 
2 0.04130573720464828 -0.043163847217123484 0.010000000000000002 0.69138511264185842 0.72248641926143131 -9.7144512198583952e-17 -0.72248641926143131 0.69138511264185842 -1.6653344948328678e-16 -5.3153886095477952e-17 1.8532433849889283e-16 1 -0.55561684721106142 -0.53170258835780571 0 -1.6653345369377348e-15 1.3322676295501878e-15 -12.872255953886407 
1 -2.0586748800433875e-18 3.1224405777013299e-19 0.0099999999999999967 1 0 0 0 1 0 0 0 1 0 0 0 0 0 0 
2 0.011779517093602646 -0.058570665800556601 0.010000000000000002 0.19716848446209881 0.9803696184271109 0 -0.9803696184271109 0.19716848446209881 0 0 0 1 -0.87823499061550692 -0.17662591024597232 0 -1.865174681370263e-14 -1.1546319456101628e-14 -14.994419710746786 
1 -2.0586748800433875e-18 3.1224405777013299e-19 0.0099999999999999967 1 0 0 0 1 0 0 0 1 0 0 0 0 0 0 
2 -0.023324557480253527 -0.055002236481828434 0.010000000000000002 -0.39041189710085689 0.92064029381844348 1.6653345377174015e-16 -0.92064029381844348 -0.39041189710085689 0 6.5016641617782924e-17 -1.5331740781101504e-16 1 -0.7991651127094459 0.33890212244029266 0 -4.4408920985006262e-15 -7.9491968563161208e-14 -14.529727456254758 
1 -2.0586748800433875e-18 3.1224405777013299e-19 0.0099999999999999967 1 0 0 0 1 0 0 0 1 0 0 0 0 0 0 
2 -0.047957878566157394 -0.035627558230103093 0.010000000000000002 -0.80273024864916076 0.59634230765866059 1.6653345259577662e-16 -0.59634230765866059 -0.80273024864916076 1.6653345259577662e-16 2.3299238323394059e-16 3.4370496387281397e-17 1 -0.41660926648312896 0.56079337066846902 0 -2.2204460492503131e-14 3.1086244689504383e-14 -11.693492326657356 
1 -2.0586748800433875e-18 3.1224405777013299e-19 0.0099999999999999967 1 0 0 0 1 0 0 0 1 0 0 0 0 0 0 
2 -0.057864085986581389 -0.014867041594792815 0.010000000000000002 -0.96854255518014476 0.24884798332539548 0 -0.24884798332539548 -0.96854255518014476 -2.7755575168133544e-17 -6.9069189066264572e-18 -2.6882455693838638e-17 1 -0.11230016096167383 0.43709812383223223 0 1.3322676295501878e-14 -1.006972283335017e-13 -7.5538347633639633 
1 -2.0586748800433875e-18 3.1224405777013299e-19 0.0099999999999999967 1 0 0 0 1 0 0 0 1 0 0 0 0 0 0 
2 -0.059696468650389981 -0.0023691264074323305 0.010000000000000002 -0.99921343103941973 0.039655002590226772 0 -0.039655002590226772 -0.99921343103941973 -6.9388938701128278e-18 -2.7516185439263286e-19 -6.9334359515738364e-18 1 -0.007144312563120897 0.18000783651945673 0 6.6613381477509392e-16 2.0816681711721685e-17 -3.0153795461674928 
1 -2.0586748800433875e-18 3.1224405777013299e-19 0.0099999999999999967 1 0 0 0 1 0 0 0 1 0 0 0 0 0 0 
2 -0.059740003807019562 -0.00064261798480548223 0.010000000000000002 -0.99994214922000091 0.010756310393692878 0 -0.010756310393692878 -0.99994214922000091 0 0 0 1 0.0010091083028838904 -0.093810038507860294 0 0 9.7187882741600617e-15 1.5702984951151076 
1 -2.0586748800433875e-18 3.1224405777013299e-19 0.0099999999999999967 1 0 0 0 1 0 0 0 1 0 0 0 0 0 0 
2 -0.058930648857087965 -0.0098213921005269548 0.010000000000000002 -0.98639496141665095 0.16439276167716052 0 -0.16439276167716052 -0.98639496141665095 -1.387778774520876e-17 -2.2814078534043224e-18 -1.3688979907483666e-17 1 0.060299817076599468 -0.36181712830789026 0 1.7763568394002505e-15 1.1102230246251565e-16 6.1397143213680359 
1 -2.0586748800433875e-18 3.1224405777013299e-19 0.0099999999999999967 1 0 0 0 1 0 0 0 1 0 0 0 0 0 0 
2 -0.052456085252594389 -0.028594419812112866 0.010000000000000002 -0.87802214435366799 0.47862001005451771 0 -0.47862001005451771 -0.87802214435366799 2.7755574785489863e-17 1.3284373482900076e-17 2.4370009290924407e-17 1 0.29956535164098597 -0.54954836812666108 0 1.3322676295501878e-14 3.5527136788005009e-15 10.476354072924067 
1 -2.0586748800433875e-18 3.1224405777013299e-19 0.0099999999999999967 1 0 0 0 1 0 0 0 1 0 0 0 0 0 0 
2 -0.032749264089369921 -0.049967656711333096 0.010000000000000002 -0.54816486390198571 0.83637030194963136 0 -0.83637030194963136 -0.54816486390198571 0 0 0 1 0.69201185596936399 -0.45355103079436732 0 0 0 13.849152275008088 
1 -2.0586748800433875e-18 3.1224405777013299e-19 0.0099999999999999967 1 0 0 0 1 0 0 0 1 0 0 0 0 0 0 
2 0.0004928425103273822 -0.059741412953541351 0.010000000000000002 0.0082492179711693963 0.99996597462256887 -1.1102230974886643e-16 -0.99996597462256887 0.0082492179711693963 1.1102230974886643e-16 1.1193437940565504e-16 1.1010268494009287e-16 1 0.90465896608048135 0.007465192884535953 0 1.7763568394002505e-15 3.5527136788005009e-15 15.142894556606121 
1 -2.0586748800433875e-18 3.1224405777013299e-19 0.0099999999999999967 1 0 0 0 1 0 0 0 1 0 0 0 0 0 0 
2 0.033496422468387133 -0.049469896599285516 0.010000000000000002 0.56067095438556724 0.82803869529652852 5.5511151276605336e-17 -0.82803869529652852 0.56067095438556724 1.1102230255321067e-16 6.08072723896811e-17 -1.0821236160808033e-16 1 0.6816379519473289 0.46154465804548944 0 4.1078251911130792e-14 -2.0872192862952943e-14 13.778901067518017 
1 -2.0586748800433875e-18 3.1224405777013299e-19 0.0099999999999999967 1 0 0 0 1 0 0 0 1 0 0 0 0 0 0 
2 0.052775786881737938 -0.027999958797871833 0.010000000000000002 0.88337345479733975 0.46866975511484876 -3.469446885134472e-18 -0.46866975511484876 0.88337345479733975 -5.5511150162151552e-17 -2.2951579871482058e-17 5.066310132055367e-17 1 0.29024212983998005 0.54706164835780879 0 -1.6653345369377348e-16 -7.7715611723760958e-15 10.365804765348422 
1 -2.0586748800433875e-18 3.1224405777013299e-19 0.0099999999999999967 1 0 0 0 1 0 0 0 1 0 0 0 0 0 0 
2 0.058993789515274585 -0.0094347279565006169 0.010000000000000002 0.98745180224722273 0.15792067071384808 2.6888213552099551e-17 -0.15792067071384808 0.98745180224722273 0 -2.6550814931228902e-17 -4.2462047184447404e-18 1 0.05676063551101853 0.35493466365379567 0 -7.1054273576010019e-15 -8.7013729554996644e-14 6.0164597632068517 
1 -2.0586748800433875e-18 3.1224405777013299e-19 0.0099999999999999967 1 0 0 0 1 0 0 0 1 0 0 0 0 0 0 
2 0.059740946619213045 -0.00054805010515966788 0.010000000000000002 0.99995792343945356 0.0091734045291813979 -7.557227940049123e-18 -0.0091734045291813979 0.99995792343945356 8.6736173622621636e-19 7.5648666179696762e-18 -7.9799973161430357e-19 1 0.00079242586127595564 0.086358199446918554 0 -6.0401919468704157e-16 -3.7110071959833846e-14 1.4455379215136239 
1 -2.0586748800433875e-18 3.1224405777013299e-19 0.0099999999999999967 1 0 0 0 1 0 0 0 1 0 0 0 0 0 0 
2 0.059688051984965032 -0.0025724586928384794 0.010000000000000002 0.99907255016674035 0.043058559001968866 1.3690762867552453e-16 -0.043058559001968866 0.99907255016674035 -3.4694469353528292e-18 -1.3693004310370754e-16 -2.4288160097735845e-18 1 -0.0080779937194597404 -0.18742266819191261 0 -3.6293667723952261e-15 -1.6325829577112927e-13 -3.1399580627214876 
1 -2.0586748800433875e-18 3.1224405777013299e-19 0.0099999999999999967 1 0 0 0 1 0 0 0 1 0 0 0 0 0 0 
2 0.057738171350166533 -0.015348809339301234 0.010000000000000002 0.96643480133378734 0.25691199810620552 -1.2143063595290585e-17 -0.25691199810620552 0.96643480133378734 0 1.1735479253298203e-17 3.1196987313968282e-18 1 -0.11781542758538376 -0.44312478532289851 0 1.1379786002407855e-14 5.4012350148013866e-14 -7.6746694874618555 
1 -2.0586748800433875e-18 3.1224405777013299e-19 0.0099999999999999967 1 0 0 0 1 0 0 0 1 0 0 0 0 0 0 
2 0.047495964996127772 -0.036241060521403246 0.010000000000000002 0.79499855828105326 0.60661131899351073 -1.3877787723031052e-17 -0.60661131899351073 0.79499855828105326 5.5511150892124207e-17 4.4706513693459457e-17 -3.5712861812380931e-17 1 -0.42743938992834218 -0.5601898223205154 0 2.9976021664879227e-14 -1.0658141036401503e-14 -11.794377158619351 
1 -2.0586748800433875e-18 3.1224405777013299e-19 0.0099999999999999967 1 0 0 0 1 0 0 0 1 0 0 0 0 0 0 
2 0.022443606800059416 -0.055367547124936953 0.010000000000000002 0.37566648656680712 0.92675492492381761 0 -0.92675492492381761 0.37566648656680712 0 0 0 1 -0.80716260953012842 -0.3271912620985532 0 -8.8817841970012523e-16 4.4408920985006262e-16 -14.578430367509124 
1 -2.0586748800433875e-18 3.1224405777013299e-19 0.0099999999999999967 1 0 0 0 1 0 0 0 1 0 0 0 0 0 0 
2 -0.012740062597759276 -0.058369257912014173 0.010000000000000002 -0.213246178851142 0.97699849908041658 1.1102230890425416e-16 -0.97699849908041658 -0.213246178851142 -1.6653346335638124e-16 -1.390278606047847e-16 -1.4398125387549366e-16 1 -0.87366298784810481 0.1906925594520377 0 1.5099033134902129e-14 -3.5971225997855072e-14 -14.967861929323753 
1 -2.0586748800433875e-18 3.1224405777013299e-19 0.0099999999999999967 1 0 0 0 1 0 0 0 1 0 0 0 0 0 0 
2 -0.041906971054775817 -0.042580353919227341 0.010000000000000002 -0.70144875540802587 0.7127198913574192 -1.6653345466368713e-16 -0.7127198913574192 -0.70144875540802587 -1.1102230310912475e-16 -1.9594248831782811e-16 4.0815249376850639e-17 1 -0.54432741345419444 0.5357207036156405 0 1.4210854715202004e-14 -1.9095836023552692e-14 -12.783587879660104 
1 -2.0586748800433875e-18 3.1224405777013299e-19 0.0099999999999999967 1 0 0 0 1 0 0 0 1 0 0 0 0 0 0 
2 -0.056008707909382532 -0.020791962988479028 0.010000000000000002 -0.93748683900870078 0.34802072737909501 0 -0.34802072737909501 -0.93748683900870078 -8.3266726568376378e-17 -2.8978546746802561e-17 -7.8061460285188971e-17 1 -0.18573134841411004 0.50031362949530667 0 -2.2204460492503131e-14 -5.5844218138645374e-14 -8.9328028644437794 
1 -2.0586748800433875e-18 3.1224405777013299e-19 0.0099999999999999967 1 0 0 0 1 0 0 0 1 0 0 0 0 0 0 
2 -0.05951860748534573 -0.0051784739444164707 0.010000000000000002 -0.9962363353039565 0.086678510717148244 0 -0.086678510717148244 -0.9962363353039565 0 0 0 1 -0.023082208331921445 0.26530670352243918 0 -1.7763568394002505e-15 -8.3266726846886741e-17 -4.4575441192697349 
1 -2.0586748800433875e-18 3.1224405777013299e-19 0.0099999999999999967 1 0 0 0 1 0 0 0 1 0 0 0 0 0 0 
2 -0.059743459825814055 -5.7071788200300443e-06 0.010000000000000002 -0.99999999543560381 9.5544714169697981e-05 -1.6653345361355518e-16 -9.5544714169697981e-05 -0.99999999543560381 -2.1684043439264995e-19 -1.6653347357138785e-16 -2.0092904217770451e-19 1 7.0154238845586699e-07 -0.0074819238051246585 0 -1.5265566588595902e-16 -2.719623783242601e-14 0.12523682867323324 
1 -2.0586748800433875e-18 3.1224405777013299e-19 0.0099999999999999967 1 0 0 0 1 0 0 0 1 0 0 0 0 0 0 
2 -0.059463809627144294 -0.005773825871146515 0.010000000000000002 -0.99531902953802864 0.09664382773605773 0 -0.09664382773605773 -0.99531902953802864 -4.8572255813228831e-17 -4.6942087235654159e-18 -4.8344890518495791e-17 1 0.027173069171945657 -0.2798729868526238 0 -1.2878587085651816e-14 1.865174681370263e-14 4.7066742020142254 
1 -2.0586748800433875e-18 3.1224405777013299e-19 0.0099999999999999967 1 0 0 0 1 0 0 0 1 0 0 0 0 0 0 
2 -0.055586781224342713 -0.021895011444492681 0.010000000000000002 -0.93042443612548908 0.36648379044722512 0 -0.36648379044722512 -0.93042443612548908 0 0 0 1 0.2007318592142413 -0.50957090897742907 0 -1.865174681370263e-14 3.8857805861880479e-14 9.1672063771126027 
1 -2.0586748800433875e-18 3.1224405777013299e-19 0.0099999999999999967 1 0 0 0 1 0 0 0 1 0 0 0 0 0 0 
2 -0.040691748945115763 -0.043743154044418184 0.010000000000000002 -0.6811080500641995 0.73218291713051042 1.6653344731709847e-16 -0.73218291713051042 -0.6811080500641995 0 1.1342727157261803e-16 -1.2193294525643334e-16 1 0.566831464003414 -0.5272943166033266 0 -3.5527136788005009e-15 1.4210854715202004e-14 12.958159995759985 
1 -2.0586748800433875e-18 3.1224405777013299e-19 0.0099999999999999967 1 0 0 0 1 0 0 0 1 0 0 0 0 0 0 
2 -0.010816907294106164 -0.058756064243488122 0.010000000000000002 -0.18105599437558495 0.98347278910027203 0 -0.98347278910027203 -0.18105599437558495 0 0 0 1 0.8823849902698262 -0.16245089822056649 0 -4.4408920985006262e-15 -3.9968028886505635e-15 15.017865052541357 
1 -2.0586748800433875e-18 3.1224405777013299e-19 0.0099999999999999967 1 0 0 0 1 0 0 0 1 0 0 0 0 0 0 
2 0.024193671265231292 -0.054625515066930905 0.010000000000000002 0.40495935812576467 0.91433468613323898 1.6653345600341757e-16 -0.91433468613323898 0.40495935812576467 -5.5511152001139195e-17 -1.1819505319146536e-16 -1.2978755474236528e-16 1 0.79097743840877444 0.35031476493799218 0 -7.7271522513910895e-14 -3.5083047578154947e-14 14.479902494278182 
1 -2.0586748800433875e-18 3.1224405777013299e-19 0.0099999999999999967 1 0 0 0 1 0 0 0 1 0 0 0 0 0 0 
2 0.048407590842290772 -0.035014085158334575 0.010000000000000002 0.8102575764626968 0.58607393713148259 0 -0.58607393713148259 0.8102575764626968 0 0 0 1 0.40590892532492634 0.56117584529488551 0 6.3948846218409017e-14 -2.0650148258027912e-14 11.592629104807713 
1 -2.0586748800433875e-18 3.1224405777013299e-19 0.0099999999999999967 1 0 0 0 1 0 0 0 1 0 0 0 0 0 0 
2 0.057984044884811396 -0.014392066136796321 0.010000000000000002 0.97055049644156377 0.24089776640109001 1.4745149535472613e-16 -0.24089776640109001 0.97055049644156377 1.3877787798091872e-17 -1.3976599393443174e-16 -4.8989829720402971e-17 1 0.10696780737091068 0.43095822348316298 0 3.4007519023049326e-14 1.1290968160437842e-13 7.4323653587811549 
1 -2.0586748800433875e-18 3.1224405777013299e-19 0.0099999999999999967 1 0 0 0 1 0 0 0 1 0 0 0 0 0 0 
2 0.059703823477739497 -0.002175887320727769 0.010000000000000002 0.99933655307360636 0.036420511953612691 1.2143064326391482e-16 -0.036420511953612691 0.99933655307360636 -1.0408340851192698e-17 -1.217291575792595e-16 5.9788692749178278e-18 1 0.0062887985017993659 0.17255116715100752 0 -3.5378058989288252e-15 1.6167622796103842e-15 2.8901159214285443 
1 -2.0586748800433875e-18 3.1224405777013299e-19 0.0099999999999999967 1 0 0 0 1 0 0 0 1 0 0 0 0 0 0 
2 0.059738767552408062 -0.000748776624760755 0.010000000000000002 0.99992145631975771 0.012533203555948683 -7.1286292832516234e-18 -0.012533203555948683 0.99992145631975771 0 7.1280693744726334e-18 8.9344561881889154e-20 1 -0.001269612312602043 -0.1012946927009365 0 2.2537852660542423e-17 0 -1.6956367044347469 
1 -2.0586748800433875e-18 3.1224405777013299e-19 0.0099999999999999967 1 0 0 0 1 0 0 0 1 0 0 0 0 0 0 
2 0.058862889241141858 -0.010219734742608804 0.010000000000000002 0.98526052336570369 0.17106051881465678 -9.9746592332570267e-18 -0.17106051881465678 0.98526052336570369 0 9.8276379765533667e-18 1.7062703834403536e-18 1 -0.064013772245432046 -0.36866718619572225 0 1.0963452368173421e-15 -5.5511151231257827e-17 -6.2630634944014849 
1 -2.0586748800433875e-18 3.1224405777013299e-19 0.0099999999999999967 1 0 0 0 1 0 0 0 1 0 0 0 0 0 0 
2 0.052123833680750818 -0.029195716817407725 0.010000000000000002 0.87246060409303694 0.48868445269479677 -1.5265564735471556e-16 -0.48868445269479677 0.87246060409303694 2.7755572246311922e-17 1.4674975494172858e-16 5.0384798149343838e-17 1 -0.30907851265831576 -0.55180915400296771 0 7.1054273576010019e-15 2.2204460492503131e-14 -10.586483397809967 
1 -2.0586748800433875e-18 3.1224405777013299e-19 0.0099999999999999967 1 0 0 0 1 0 0 0 1 0 0 0 0 0 0 
2 0.031986487770927767 -0.0504593468280818 0.010000000000000002 0.53539741742805325 0.84460026368180285 -1.6653345322396678e-16 -0.84460026368180285 0.53539741742805325 5.5511151074655588e-17 1.3604631360642183e-16 1.1093367158097442e-16 1 -0.70229011947356246 -0.4451864622689643 0 -5.0404125317982107e-14 1.4210854715202004e-14 -13.917871465174533 
1 -2.0586748800433875e-18 3.1224405777013299e-19 0.0099999999999999967 1 0 0 0 1 0 0 0 1 0 0 0 0 0 0 
2 -0.0014840689883622955 -0.05972501532641631 0.010000000000000002 -0.024840631328473129 0.99969142390799914 1.110223071838319e-16 -0.99969142390799914 -0.024840631328473129 1.110223071838319e-16 1.1374591255614626e-16 -1.0823018415216612e-16 1 -0.9043170147216153 0.02246436946322693 0 4.929390229335695e-14 -5.2402526762307389e-14 -15.141385700913171 
1 -2.0586748800433875e-18 3.1224405777013299e-19 0.0099999999999999967 1 0 0 0 1 0 0 0 1 0 0 0 0 0 0 
2 -0.034238919527019268 -0.048958926935561281 0.010000000000000002 -0.57309918557969952 0.81948601177072278 0 -0.81948601177072278 -0.57309918557969952 5.5511152816181938e-17 4.5490613230128061e-17 3.1813396469544111e-17 1 -0.67114213750325569 0.46935898842761276 0 -1.3322676295501878e-14 -7.5495165674510645e-15 -13.708320249907239 
1 -2.0586748800433875e-18 3.1224405777013299e-19 0.0099999999999999967 1 0 0 0 1 0 0 0 1 0 0 0 0 0 0 
2 -0.053090166462725047 -0.027399184512935767 0.010000000000000002 -0.88863561436534333 0.45861393882167256 -1.6653345308247407e-16 -0.45861393882167256 -0.88863561436534333 -1.1102230205498271e-16 -1.9890393263481154e-16 -2.2283808731156646e-17 1 -0.28098043113403331 0.54444083600233129 0 -7.9936057773011271e-15 -3.0420110874729289e-14 -10.255054459317876 
1 -2.0586748800433875e-18 3.1224405777013299e-19 0.0099999999999999967 1 0 0 0 1 0 0 0 1 0 0 0 0 0 0 
2 -0.059054737937161837 -0.0090454050039136483 0.010000000000000002 -0.98847195277880451 0.15140409033330926 0 -0.15140409033330926 -0.98847195277880451 0 0 0 1 -0.053301993036586157 0.34799640517992225 0 0 8.6042284408449632e-16 -5.8927751023444515 
1 -2.0586748800433875e-18 3.1224405777013299e-19 0.0099999999999999967 1 0 0 0 1 0 0 0 1 0 0 0 0 0 0 
2 -0.059741748173283225 -0.00045230054415926169 0.010000000000000002 -0.99997134165662271 0.0075707242357539615 -4.4408920915608708e-16 -0.0075707242357539615 -0.99997134165662271 4.3368086831649129e-19 -4.4407319901678058e-16 3.7957453783360494e-18 1 -0.00059732635942753344 0.078877575044663209 0 2.3314683517128287e-15 -2.872441867696196e-14 -1.320303351204438 
1 -2.0586748800433875e-18 3.1224405777013299e-19 0.0099999999999999967 1 0 0 0 1 0 0 0 1 0 0 0 0 0 0 
2 -0.059678942514744281 -0.0027757592647435531 0.010000000000000002 -0.99892008985662406 0.046461318113396134 0 -0.046461318113396134 -0.99892008985662406 0 0 0 1 0.0090641406675564841 -0.19486529366821895 0 0 6.9388939039072284e-18 3.2650967992143407 
1 -2.0586748800433875e-18 3.1224405777013299e-19 0.0099999999999999967 1 0 0 0 1 0 0 0 1 0 0 0 0 0 0 
2 -0.057607839375299612 -0.015830950587333043 0.010000000000000002 -0.96425331915240975 0.26498214374474571 0 -0.26498214374474571 -0.96425331915240975 0 0 0 1 0.12340513454975753 -0.44908754196551942 0 0 1.1102230246251565e-16 7.7955929976467431 
1 -2.0586748800433875e-18 3.1224405777013299e-19 0.0099999999999999967 1 0 0 0 1 0 0 0 1 0 0 0 0 0 0 
2 -0.047026244564801693 -0.036848532222499474 0.010000000000000002 -0.78713622471144884 0.6167791855656346 -2.7755574470926048e-16 -0.6167791855656346 -0.78713622471144884 -1.1102229788370418e-16 -2.8695042350575834e-16 8.3800933755872089e-17 1 0.43826398530614896 -0.55932173498678417 0 5.3290705182007514e-15 -2.1760371282653068e-14 11.89370917973511 
1 -2.0586748800433875e-18 3.1224405777013299e-19 0.0099999999999999967 1 0 0 0 1 0 0 0 1 0 0 0 0 0 0 
2 -0.021561614782764263 -0.055716940728467647 0.010000000000000002 -0.36090343355206306 0.93260319088577626 -5.5511151877313153e-17 -0.93260319088577626 -0.36090343355206306 5.5511151877313153e-17 3.1735712057574825e-17 7.180404268347957e-17 1 0.81486994333230656 -0.31534022410991075 0 1.7763568394002505e-15 2.6645352591003757e-15 14.625098759421828 
1 -2.0586748800433875e-18 3.1224405777013299e-19 0.0099999999999999967 1 0 0 0 1 0 0 0 1 0 0 0 0 0 0 
2 0.013689164417612584 -0.058153999767674082 0.010000000000000002 0.22913243844013773 0.97339525664268389 -5.5511151439569294e-17 -0.97339525664268389 0.22913243844013773 -5.5511151439569294e-17 -4.1314886012082172e-17 6.6753696992018715e-17 1 0.86887321633602066 0.20453153618814654 0 4.4408920985006262e-16 -1.7763568394002505e-15 14.940917250838472 
1 -2.0586748800433875e-18 3.1224405777013299e-19 0.0099999999999999967 1 0 0 0 1 0 0 0 1 0 0 0 0 0 0 
2 0.042495051393256704 -0.041993470447412182 0.010000000000000002 0.71129211986943386 0.7028965216955102 1.5265566611548612e-16 -0.7028965216955102 0.71129211986943386 -5.551115131472222e-17 -1.4760136753579602e-16 -6.7816492234644671e-17 1 0.53316230968809863 0.53952488015261613 -1.423697575917833e-15 6.8611782921834674e-14 1.7275070263167436e-13 12.696139959935508 
1 -2.0586748800433875e-18 3.1224405777013299e-19 0.0099999999999999967 1 0 0 0 1 0 0 0 1 0 0 0 0 0 0 
2 0.056208209817393356 -0.020246441028739601 0.010000000000000002 0.94082613594760556 0.33888963087987467 5.2041703760908768e-18 -0.33888963087987467 0.94082613594760556 -2.7755575339151344e-17 -1.430229618729413e-17 2.4349531319546993e-17 1 0.17849357178817687 0.49554181837006023 0 -5.2180482157382357e-15 9.9920072216264089e-16 8.8161328903191549 
1 -2.0586748800433875e-18 3.1224405777013299e-19 0.0099999999999999967 1 0 0 0 1 0 0 0 1 0 0 0 0 0 0 
2 0.059543100150212351 -0.0048888046565573398 0.010000000000000002 0.9966463052828114 0.081829958854450255 -2.3093506104596258e-17 -0.081829958854450255 0.9966463052828114 6.938893853024227e-18 2.3583866933660282e-17 -5.0258822670220993e-18 1 0.021185301483150346 0.25803676987405338 0 1.9528649530808906e-15 8.4640627839860372e-14 4.3336155364416067 
1 -2.0586748800433875e-18 3.1224405777013299e-19 0.0099999999999999967 1 0 0 0 1 0 0 0 1 0 0 0 0 0 0 
2 0.059743458859585909 -1.2048896312291044e-05 0.010000000000000004 0.99999997966036902 0.00020169100500825644 -2.4111947578925425e-17 -0.00020169100500825644 0.99999997966036902 -4.0657581453362191e-19 2.4111865085812664e-17 4.1143896920391971e-19 1 -3.0292025431587168e-06 -0.014913995021419916 -2.6609160159706567e-16 -6.1826338524911369e-16 1.2824129643406942e-15 -0.24963037344919806 
1 -2.0586748800433875e-18 3.1224405777013299e-19 0.0099999999999999967 1 0 0 0 1 0 0 0 1 0 0 0 0 0 0 
2 0.059433739548562806 -0.0060755880496586772 0.010000000000000002 0.99481563401937578 0.10169490798770327 1.1275702016959361e-17 -0.10169490798770327 0.99481563401937578 0 -1.1217244651014982e-17 -1.1466814791114424e-18 1 -0.029344646012851871 -0.28708441613635283 0 -1.3617579286417936e-16 0 -4.830402340020914 
1 -2.0586748800433875e-18 3.1224405777013299e-19 0.0099999999999999967 1 0 0 0 1 0 0 0 1 0 0 0 0 0 0 
2 0.055367055003882691 -0.022444865679104576 0.010000000000000002 0.92674647427155388 0.37568733333084864 0 -0.37568733333084864 0.92674647427155388 0 0 0 1 -0.20836693921229182 -0.51395980642118333 0 -1.1379786002407855e-14 -6.0285110237146e-14 -9.2828583167828835 
1 -2.0586748800433875e-18 3.1224405777013299e-19 0.0099999999999999967 1 0 0 0 1 0 0 0 1 0 0 0 0 0 0 
2 0.040074607264301419 -0.044309227890014742 0.010000000000000004 0.67077819516218817 0.74165801613341809 -2.7755574710522248e-17 -0.74165801613341809 0.67077819516218817 0 1.8617834310013386e-17 2.0585144476448802e-17 1 -0.57790952238601101 -0.52268166138710337 -7.6935406312873163e-17 -6.6613381477509392e-15 -1.7763568394002505e-14 -13.042627794478722 
1 -2.0586748800433875e-18 3.1224405777013299e-19 0.0099999999999999967 1 0 0 0 1 0 0 0 1 0 0 0 0 0 0 
2 0.0098613373159978715 -0.058923969728468244 0.010000000000000002 0.16506149615712604 0.98628327699823193 0 -0.98628327699823193 0.16506149615712604 0 0 0 1 -0.88621850933253044 -0.14831908673405342 0 4.4408920985006262e-15 -3.5527136788005009e-15 -15.040108759974277 
1 -2.0586748800433875e-18 3.1224405777013299e-19 0.0099999999999999967 1 0 0 0 1 0 0 0 1 0 0 0 0 0 0 
2 -0.025045439935041911 -0.054240260287918084 0.010000000000000002 -0.41921654006617531 0.90788627731392924 0 -0.90788627731392924 -0.41921654006617531 0 0 0 1 -0.78264971520021953 0.36139283620285939 0 0 4.4408920985006262e-16 -14.429363203486563 
1 -2.0586748800433875e-18 3.1224405777013299e-19 0.0099999999999999967 1 0 0 0 1 0 0 0 1 0 0 0 0 0 0 
2 -0.048842073953060505 -0.034405418372005517 0.010000000000000002 -0.81753007704714664 0.57588590286903751 0 -0.57588590286903751 -0.81753007704714664 5.5511151115276008e-17 3.1968089379320305e-17 4.5382035648247393e-17 1 -0.39539544465989312 0.56130458180258314 0 -7.1054273576010019e-15 -2.4424906541753444e-15 -11.49212274233261 
1 -2.0586748800433875e-18 3.1224405777013299e-19 0.0099999999999999967 1 0 0 0 1 0 0 0 1 0 0 0 0 0 0 
2 -0.058097658604905428 -0.013926362067063925 0.010000000000000002 -0.97245213074748404 0.23310266709044383 0 -0.23310266709044383 -0.97245213074748404 -4.1633362540183357e-17 -9.7048478480601163e-18 -4.0486452112383793e-17 1 -0.10183490353608469 0.42482805445248123 0 -8.4376949871511897e-15 -8.3266726846886741e-16 -7.3123191793543949 
1 -2.0586748800433875e-18 3.1224405777013299e-19 0.0099999999999999967 1 0 0 0 1 0 0 0 1 0 0 0 0 0 0 
2 -0.059710334319484103 -0.0019892210820687088 0.010000000000000002 -0.99944553284132487 0.033296049067722586 0 -0.033296049067722586 -0.99944553284132487 -1.3877787800689755e-17 -4.6207550356320801e-19 -1.387009302311921e-17 1 -0.0055037401216033559 0.16519632939316156 0 -5.5511151231257827e-15 -5.1712106818868619e-14 -2.766624147398681 
1 -2.0586748800433875e-18 3.1224405777013299e-19 0.0099999999999999967 1 0 0 0 1 0 0 0 1 0 0 0 0 0 0 
2 -0.059737309344692485 -0.0008572554383698334 0.010000000000000002 -0.99989704834247106 0.014348962192931613 1.6653345367302474e-16 -0.014348962192931613 -0.99989704834247106 2.6020852136410115e-18 1.665536460002884e-16 2.1223509404267556e-19 1 0.0015595191200751045 -0.10867410847244494 0 7.7715611723760958e-16 3.4122010772463796e-15 1.819201706219417 
1 -2.0586748800433875e-18 3.1224405777013299e-19 0.0099999999999999967 1 0 0 0 1 0 0 0 1 0 0 0 0 0 0 
2 -0.058792689379088492 -0.010616167129067574 0.010000000000000002 -0.98408541376781344 0.17769608439532786 0 -0.17769608439532786 -0.98408541376781344 0 0 0 1 0.067777684388076589 -0.37537109912514599 0 0 5.5511151231257827e-17 6.3846867850275153 
1 -2.0586748800433875e-18 3.1224405777013299e-19 0.0099999999999999967 1 0 0 0 1 0 0 0 1 0 0 0 0 0 0 
2 -0.051787779597334958 -0.029787721185037138 0.010000000000000002 -0.86683581980039692 0.4985936837856792 -3.3306688733074568e-16 -0.4985936837856792 -0.86683581980039692 -2.7755573944228807e-17 -3.0255306218615223e-16 1.4200552060729015e-16 1 0.31854951363004974 -0.55383234885408295 0 4.4408920985006262e-15 -3.397282455352979e-14 10.694160052355148 
1 -2.0586748800433875e-18 3.1224405777013299e-19 0.0099999999999999967 1 0 0 0 1 0 0 0 1 0 0 0 0 0 0 
2 -0.031227253298379849 -0.050932701327697845 0.010000000000000002 -0.52268924134905226 0.85252328823202961 -1.6653345122311736e-16 -0.85252328823202961 -0.52268924134905226 0 -8.7045243279050604e-17 1.4197364543736031e-16 1 0.71222519010857943 -0.43667010411437096 0 -3.1974423109204508e-14 8.6153306710912148e-14 13.983713770689494 
1 -2.0586748800433875e-18 3.1224405777013299e-19 0.0099999999999999967 1 0 0 0 1 0 0 0 1 0 0 0 0 0 0 
2 0.0024562405119464004 -0.059692941412274721 0.010000000000000002 0.041113107816601643 0.99915449874664553 -1.1102230515691667e-16 -0.99915449874664553 0.041113107816601643 1.6653345773537498e-16 1.7095712549009822e-16 1.0408172765581025e-16 1 0.90363069779532346 0.037186272371632412 0 -3.2418512319054571e-14 -3.0198066269804258e-14 15.137967237089422 
1 -2.0586748800433875e-18 3.1224405777013299e-19 0.0099999999999999967 1 0 0 0 1 0 0 0 1 0 0 0 0 0 0 
2 0.034956424472050829 -0.048449244187713278 0.010000000000000004 0.58510883175683814 0.8109547798737905 5.55111514755326e-17 -0.8109547798737905 0.58510883175683814 -1.665334544265978e-16 -1.6753116586546933e-16 5.2423161342596112e-17 1 0.66072913239250486 0.47672228782359966 2.6145384213632116e-16 -1.8873791418627661e-14 -3.7747582837255322e-14 13.637603751990447 
1 -2.0586748800433875e-18 3.1224405777013299e-19 0.0099999999999999967 1 0 0 0 1 0 0 0 1 0 0 0 0 0 0 
2 0.053388965029235756 -0.026812300806143483 0.010000000000000002 0.89363697707179079 0.44879054492044695 -3.4694469427022102e-18 -0.44879054492044695 0.89363697707179079 0 3.1004260779873697e-18 1.5570549839879036e-18 1 0.27203236824050092 0.54168000298663876 1.6939159845738477e-15 3.3140157285060923e-14 -7.7715611723760958e-15 10.145813556614089 
1 -2.0586748800433875e-18 3.1224405777013299e-19 0.0099999999999999967 1 0 0 0 1 0 0 0 1 0 0 0 0 0 0 
2 0.059110953896514343 -0.0086704334347522012 0.010000000000000002 0.98941292736015185 0.14512773398842418 1.4311468508720303e-17 -0.14512773398842418 0.98941292736015185 -1.3877787644819688e-17 -1.6174003825700812e-17 1.1653871504226325e-17 1 0.050038505685158129 0.34114791155686486 0 -7.0811412289373266e-15 -1.3600232051658168e-14 5.7713103407149422 
1 -2.0586748800433875e-18 3.1224405777013299e-19 0.0099999999999999967 1 0 0 0 1 0 0 0 1 0 0 0 0 0 0 
2 0.059742339946724454 -0.00036589598245599078 0.010000000000000002 0.99998124527139098 0.0061244677710109623 -1.0376153582723412e-18 -0.0061244677710109623 0.99998124527139098 -1.3010426043316866e-18 1.0296277045789547e-18 1.3073730454511786e-18 1 0.00043811867045491108 0.071537606742929097 0 5.8230211695238857e-16 -2.6020852139652106e-18 1.1974361842193468 
1 -2.0586748800433875e-18 3.1224405777013299e-19 0.0099999999999999967 1 0 0 0 1 0 0 0 1 0 0 0 0 0 0 
2 0.059668961110226161 -0.0029826597856278934 0.010000000000000002 0.99875299092526615 0.049924574287972784 1.4636729217732859e-17 -0.049924574287972784 0.99875299092526615 0 -1.4618477083573924e-17 -7.3073247516364589e-19 1 -0.010103879044145151 -0.20214054386229344 0 -6.7003694259604174e-17 0 -3.3877408207929403 
1 -2.0586748800433875e-18 3.1224405777013299e-19 0.0099999999999999967 1 0 0 0 1 0 0 0 1 0 0 0 0 0 0 
2 0.057474086933398547 -0.016309893302419935 0.010000000000000002 0.96201436859787393 0.27299881796673386 -5.2041699118586694e-18 -0.27299881796673386 0.96201436859787393 0 5.0064862318327711e-18 1.4207322344354582e-18 1 -0.12908256315033703 -0.45485351388092565 0 -5.3568260938163803e-15 6.6613381477509392e-16 -7.9140612611614509 
1 -2.0586748800433875e-18 3.1224405777013299e-19 0.0099999999999999967 1 0 0 0 1 0 0 0 1 0 0 0 0 0 0 
2 0.046554203573734888 -0.037443120018921777 0.010000000000000002 0.77923513930136734 0.62673167917217854 0 -0.62673167917217854 0.77923513930136734 0 0 0 1 -0.44894612300085024 -0.55819330950418233 0 -3.3306690738754696e-16 0 -11.990102438518113 
1 -2.0586748800433875e-18 3.1224405777013299e-19 0.0099999999999999967 1 0 0 0 1 0 0 0 1 0 0 0 0 0 0 
2 0.020688959125864707 -0.056046834856130136 0.010000000000000002 0.34629670822395103 0.93812503957268711 0 -0.93812503957268711 0.34629670822395103 0 0 0 1 -0.82214877633590422 -0.30348358446695139 1.3365392171012529e-17 -2.8421709430404007e-14 -4.0412118096355698e-14 -14.668898797569936 
1 -2.0586748800433875e-18 3.1224405777013299e-19 0.0099999999999999967 1 0 0 0 1 0 0 0 1 0 0 0 0 0 0 
2 -0.014614255656673163 -0.057928427846628119 0.010000000000000002 -0.24461687618682637 0.96961981409447218 0 -0.96961981409447218 -0.24461687618682637 -2.2204461977599561e-16 -2.1529886294787861e-16 -5.4315861263695655e-17 1 -0.8638564640676264 0.21793132150700603 0 -7.1942451995710144e-14 -4.8849813083506888e-15 -14.912464819073822 
1 -2.0586748800433875e-18 3.1224405777013299e-19 0.0099999999999999967 1 0 0 0 1 0 0 0 1 0 0 0 0 0 0 
2 -0.043059229249408512 -0.041414775266822586 0.010000000000000002 -0.72073551054353358 0.69321015849564127 0 -0.69321015849564127 -0.72073551054353358 -5.5511151419009323e-17 -3.8480894073446996e-17 -4.0008858058839084e-17 1 -0.5221872657411567 0.54292317804229029 0 2.3980817331903381e-14 7.9936057773011271e-15 -12.608780457157565 
1 -2.0586748800433875e-18 3.1224405777013299e-19 0.0099999999999999967 1 0 0 0 1 0 0 0 1 0 0 0 0 0 0 
2 -0.056395726125275325 -0.019718103197499427 0.010000000000000002 -0.94396479854950688 0.33004614692401563 1.6653344975730286e-16 -0.33004614692401563 -0.94396479854950688 5.5511149919100956e-17 1.7552295549402747e-16 -2.5631519757263439e-18 1 -0.17156830164383755 0.49070724818204053 0 2.6645352591003757e-15 -1.2212453270876722e-14 -8.7011130382980042 
1 -2.0586748800433875e-18 3.1224405777013299e-19 0.0099999999999999967 1 0 0 0 1 0 0 0 1 0 0 0 0 0 0 
2 -0.059564999147013235 -0.0046143307944288801 0.010000000000000002 -0.99701285771627923 0.077235753044936559 1.6653345257579034e-16 -0.077235753044936559 -0.99701285771627923 0 1.6603599345794719e-16 -1.2862336616864396e-17 1 -0.019436150010364129 0.25088590578624376 0 -1.7763568394002505e-15 3.5013658639115874e-14 -4.2119655963549594 
1 -2.0586748800433875e-18 3.1224405777013299e-19 0.0099999999999999967 1 0 0 0 1 0 0 0 1 0 0 0 0 0 0 
2 -0.059743453445271558 -2.8178285857167723e-05 0.010000000000000002 -0.9999998887631959 0.00047167106741437443 1.6653345361985882e-16 -0.00047167106741437443 -0.9999998887631959 2.7105054300107229e-20 1.6653344787987956e-16 -5.1443960544053419e-20 1 1.0530741190731528e-05 -0.022205763728589348 0 2.7755575615628914e-17 4.4449151661869052e-14 0.3716754370924753 
1 -2.0586748800433875e-18 3.1224405777013299e-19 0.0099999999999999967 1 0 0 0 1 0 0 0 1 0 0 0 0 0 0 
2 -0.059401687339236828 -0.0063813484892864111 0.010000000000000002 -0.99427915504434283 0.10681274195669549 0 -0.10681274195669549 -0.99427915504434283 6.2450042234948222e-17 6.6704602464262596e-18 6.209277522584784e-17 1 0.031596016926416892 -0.29414069955090549 0 7.9936057773011271e-15 4.7462034302725442e-15 4.9517954415208623 
1 -2.0586748800433875e-18 3.1224405777013299e-19 0.0099999999999999967 1 0 0 0 1 0 0 0 1 0 0 0 0 0 0 
2 -0.055142549464512032 -0.022990933888599623 0.010000000000000002 -0.92298851595563614 0.384827493058919 0 -0.384827493058919 -0.92298851595563614 0 0 0 1 0.21602821759587179 -0.51810696680146151 0 -3.5527136788005009e-15 -7.7715611723760958e-16 9.3958375968633394 
1 -2.0586748800433875e-18 3.1224405777013299e-19 0.0099999999999999967 1 0 0 0 1 0 0 0 1 0 0 0 0 0 0 
2 -0.039455865201725282 -0.044861073560047385 0.010000000000000002 -0.66042151843150587 0.75089507788546872 5.55111507566402e-17 -0.75089507788546872 -0.66042151843150587 -1.110223015132804e-16 -4.6705341269258115e-17 -1.1500456681608046e-16 1 0.58877270323151731 -0.51783602485905456 0 -1.1546319456101628e-14 -5.773159728050814e-15 13.124315137344162 
1 -2.0586748800433875e-18 3.1224405777013299e-19 0.0099999999999999967 1 0 0 0 1 0 0 0 1 0 0 0 0 0 0 
2 -0.0089177402130143114 -0.059074142594686178 0.010000000000000002 -0.14926728876860806 0.98879688334039006 0 -0.98879688334039006 -0.14926728876860806 0 0 0 1 0.88965378705727083 -0.1342973406073513 0 0 0 15.059904732690914 
1 -2.0586748800433875e-18 3.1224405777013299e-19 0.0099999999999999967 1 0 0 0 1 0 0 0 1 0 0 0 0 0 0 
2 0.025873996698806811 -0.053849950271596322 0.010000000000000002 0.433085024449964 0.90135307266196973 0 -0.90135307266196973 0.433085024449964 0 0 0 1 0.77425496708021069 0.37201958610450203 0 2.2204460492503131e-15 3.5527136788005009e-15 14.378049599459169 
1 -2.0586748800433875e-18 3.1224405777013299e-19 0.0099999999999999967 1 0 0 0 1 0 0 0 1 0 0 0 0 0 0 
2 0.049258445015291044 -0.033806606222996936 0.010000000000000002 0.82449939544914963 0.56586283400130355 -1.3877787755782704e-17 -0.56586283400130355 0.82449939544914963 0 1.1442227614814451e-17 7.8529243091557919e-18 1 0.38514904392994026 0.56118784791083065 0 2.1593837828959295e-14 -6.4392935428259079e-15 11.392646609975483 
1 -2.0586748800433875e-18 3.1224405777013299e-19 0.0099999999999999967 1 0 0 0 1 0 0 0 1 0 0 0 0 0 0 
2 0.058204191083088788 -0.013474181811815346 0.010000000000000002 0.97423530360583066 0.22553397351187476 1.50920939608988e-16 -0.22553397351187476 0.97423530360583066 -4.1633362650755309e-17 -1.5642224512972539e-16 6.5228925060295004e-18 1 0.096934837326494813 0.41873001714047153 0 -1.7548462682981381e-14 -9.1870955287731704e-14 7.1941513817935405 
1 -2.0586748800433875e-18 3.1224405777013299e-19 0.0099999999999999967 1 0 0 0 1 0 0 0 1 0 0 0 0 0 0 
2 0.059715959197243623 -0.001812550504543865 0.010000000000000002 0.99953966941384764 0.030338906836866578 -1.9217483419655046e-17 -0.030338906836866578 0.99953966941384764 -1.7347234680647714e-18 1.915600741056276e-17 2.3169623609018474e-18 1 0.0047947421622423362 0.1579606223146027 0 -2.2876665839444144e-16 -3.4694469519536142e-18 2.6451968321472448 
1 -2.0586748800433875e-18 3.1224405777013299e-19 0.0099999999999999967 1 0 0 0 1 0 0 0 1 0 0 0 0 0 0 
2 0.059735572143978337 -0.00097079671909493053 0.010000000000000002 0.99986796898872321 0.016249448924981143 -1.7374339802656252e-17 -0.016249448924981143 0.99986796898872321 0 1.737204585100184e-17 2.8232344722852971e-19 1 -0.0018839018221916682 -0.11592557626794937 0 5.2891447731989727e-16 6.4363445129167474e-14 -1.9406630798333449 
1 -2.0586748800433875e-18 3.1224405777013299e-19 0.0099999999999999967 1 0 0 0 1 0 0 0 1 0 0 0 0 0 0 
2 0.058719793411776217 -0.011012172818594549 0.010000000000000002 0.98286546476114423 0.1843243830312746 -2.2551404129533709e-17 -0.1843243830312746 0.98286546476114423 0 2.2164996300790535e-17 4.1567736526652395e-18 1 -0.071622092344803864 -0.38193016084036718 0 -8.0491169285323849e-16 -9.8809849191638932e-15 -6.5043116942989831 
1 -2.0586748800433875e-18 3.1224405777013299e-19 0.0099999999999999967 1 0 0 0 1 0 0 0 1 0 0 0 0 0 0 
2 0.051447825695246252 -0.030371094791571511 0.010000000000000002 0.8611456242139327 0.50835835185152234 -1.8735012632739825e-16 -0.50835835185152234 0.8611456242139327 -5.551114854145133e-17 1.331161855008493e-16 1.4304418410053112e-16 1 -0.32798015218366061 -0.55560062534763277 0 1.9317880628477724e-14 3.4638958368304884e-14 -10.799214791550435 
1 -2.0586748800433875e-18 3.1224405777013299e-19 0.0099999999999999967 1 0 0 0 1 0 0 0 1 0 0 0 0 0 0 
2 0.030471731305642982 -0.051388272744356749 0.010000000000000002 0.51004300434040839 0.86014890206487515 1.2490009040285734e-16 -0.86014890206487515 0.51004300434040839 -5.5511151290158817e-17 -1.1145227318604926e-16 -7.9119601249393849e-17 1 -0.72183375553719731 -0.42802586374647383 1.6014991442333712e-16 -2.2204460492503131e-16 3.5527136788005009e-15 -14.046607297786901 
1 -2.0586748800433875e-18 3.1224405777013299e-19 0.0099999999999999967 1 0 0 0 1 0 0 0 1 0 0 0 0 0 0 
2 -0.0034089933503598392 -0.059646106675505559 0.010000000000000002 -0.057060459252980034 0.99837072472596022 1.1102230989235794e-16 -0.99837072472596022 -0.057060459252980034 1.1102230989235794e-16 1.1717640797776815e-16 -1.0450643999819893e-16 1 -0.90259558135282791 0.05158616115690591 0 3.9523939676655573e-14 -8.8817841970012523e-15 -15.132513618345385 
1 -2.0586748800433875e-18 3.1224405777013299e-19 0.0099999999999999967 1 0 0 0 1 0 0 0 1 0 0 0 0 0 0 
2 -0.035648792254251938 -0.047942093234616914 0.010000000000000002 -0.59669788065569185 0.80246597387117025 0 -0.80246597387117025 -0.59669788065569185 0 0 0 1 -0.65039906113952772 0.48362695625262908 0 1.4210854715202004e-14 6.6613381477509392e-15 -13.566417286328125 
1 -2.0586748800433875e-18 3.1224405777013299e-19 0.0099999999999999967 1 0 0 0 1 0 0 0 1 0 0 0 0 0 0 
