1 -0.062105733613378539 0.048526435375479564 -4.0339668379409649e-17 1 0 0 0 1 0 0 0 1 -0 0 0 -0 0 0 
2 0.011666006676941862 0.15999999999999778 -5.8571424739478673e-18 1 -9.9657629064293312e-17 -2.2204460492503131e-16 9.9657629064293312e-17 1 -1.1083726829948542e-31 2.2204460492503131e-16 8.8708829426139103e-32 1 0 0 0 0 -0 0 
3 0.21112813669524977 0.16 -2.0217697810416262e-18 1 -2.2204460492503131e-16 0 2.2204460492503131e-16 1 0 0 0 1 0 0 0 0 0 0 
4 -0.18122392750152072 0.16000000169909326 -4.3404910817125856e-12 1 0 0 0 1 0 0 0 1 0 0 0 0 0 0 
1 -0.062105733613378539 0.048526435375479564 -4.0339668379409649e-17 1 0 0 0 1 0 0 0 1 0 0 0 0 0 0 
2 0.01166601935795215 0.159970900120049 3.1228542460079637e-16 0.99999998380000121 0.00017999999227372518 -2.2366040034300183e-15 -0.00017999999227372518 0.99999998380000121 1.8973538018496308e-19 2.2366040013494031e-15 2.1285332622553592e-19 1 5.0724040012562515e-06 -0.0058199755157701677 -6.8542298319738521e-14 7.6948424060174079e-17 4.0756391397866185e-13 -0.035999996099284219 
3 0.21112813405423372 0.16001056406789235 2.5739983704076495e-16 0.99999987500000265 -0.00049999997898863657 -3.6636495447348556e-45 0.00049999997898863657 0.99999987500000265 1.4654597878854036e-41 -3.6636495447352639e-45 -1.4654597878854033e-41 1 -1.0564069757301339e-06 0.0021128134065432555 -5.7704308559525904e-14 2.5966853720592711e-39 1.3819012961422145e-42 0.10000000001308341 
4 -0.18122391220152245 0.16000000169909326 -4.3404910817091436e-12 1 0 1.6191196655505726e-43 0 1 0 -1.6191196655505726e-43 0 1 6.1199997884099135e-06 0 1.3486511637141001e-21 0 -2.8689594095309116e-41 0 
1 -0.062105733613378539 0.048526435375479564 -4.0339668379409649e-17 1 0 0 0 1 0 0 0 1 0 0 0 0 0 0 
2 0.011666209573021303 0.15988360055315362 5.663162881225584e-17 0.99999974080031351 0.00071999951797015876 1.8042264997659507e-17 -0.00071999951797015876 0.99999974080031351 1.0842021724854982e-19 -1.804218225860592e-17 -1.2141061124746821e-19 1 4.0579198197679682e-05 -0.011639929121280449 5.857335655964828e-15 1.763395003573967e-16 -2.289684555237953e-14 -0.071999874218103749 
3 0.21112809443899119 0.16004225624508767 5.8971328306470704e-17 0.99999800000066974 -0.0019999986651051903 -4.4930494900279087e-46 0.0019999986651051903 0.99999800000066974 4.4930479958531722e-43 -4.4930494900279569e-46 -4.4930479958531722e-43 1 -8.4512488724946129e-06 0.0042256188589116696 4.2774817485313586e-15 -7.3983398623360557e-41 -2.9052898414474278e-44 0.19999999965821466 
4 -0.18122368270166531 0.16000000169909326 -4.3404910816582211e-12 1 0 4.9641660853084708e-45 0 1 0 -4.9641660853084708e-45 0 1 4.8959943211325582e-05 0 1.0872836765697632e-20 0 8.1740870700350897e-43 0 
1 -0.062105733613378539 0.048526435375479564 -4.0339668379409649e-17 1 0 0 0 1 0 0 0 1 0 0 0 0 0 0 
2 0.011667033836427206 0.15973810195843091 -1.0745970725461189e-16 0.99999868780804468 0.001619994502673306 1.1513983549821275e-17 -0.001619994502673306 0.99999868780804468 -8.6736173798821914e-19 -1.1515373562512059e-17 8.4870800978854289e-19 1 0.00013695430554830509 -0.017459751580098069 3.2116723880918361e-15 -3.8650428373590985e-16 3.6591823321385775e-19 -0.10799904620949578 
3 0.21112792277324868 0.16009507629230613 -1.1622778522336505e-16 0.99998987501718917 -0.0044999847895682938 5.5914980468365634e-72 0.0044999847895682938 0.99998987501718917 2.2270466059341323e-73 -5.5924436006001886e-72 -1.9754074955088745e-73 1 -2.8522886425254812e-05 0.0063383767014496915 4.3206379991127377e-15 -4.3116017825592239e-71 3.5957929727202163e-71 0.29999999845554992 
4 -0.18122268820527279 0.16000000169909326 -4.34049108143741e-12 1 0 0 0 1 0 0 0 1 0.0001652390387250997 0 3.6690296839727956e-20 0 0 0 
1 -0.062105733613378539 0.048526435375479564 -4.0339668379409649e-17 1 0 0 0 1 0 0 0 1 0 0 0 0 0 0 
2 0.011669252992509097 0.15953440688186854 9.9180488565294076e-17 0.99999585288011061 0.002879969197794428 1.7040185316368132e-17 -0.002879969197794428 0.99999585288011061 4.3368086899368639e-19 -1.7038865661132313e-17 -4.8275427930297811e-19 1 0.00032462929539786058 -0.02327915832303851 3.8124029870491148e-15 -1.8272057095315838e-16 1.8973538018496328e-19 -0.14399597977971398 
3 0.21112746059860271 0.16016902328528371 1.1629037473099838e-16 0.99996800017117282 -0.0079999146036322574 -2.8150343598645676e-72 0.0079999146036322574 0.99996800017117282 1.9645532511351053e-73 2.8133726534225725e-72 -2.1896907306194186e-73 1 -6.7609300937254306e-05 0.0084509836275253446 4.4008016243129713e-15 -4.3703473955472257e-72 -2.1187086478239203e-70 0.39999999275900239 
4 -0.18122001073803798 0.16000000169909326 -4.3404910808428909e-12 1 0 0 0 1 0 0 0 1 0.00039167278427616531 0 8.696873725596183e-20 0 0 0 
1 -0.062105733613378539 0.048526435375479564 -4.0339668379409649e-17 1 0 0 0 1 0 0 0 1 0 0 0 0 0 0 
2 0.01167393216873913 0.15927252197706074 -6.1592475010608593e-17 0.99998987547763907 0.0044998824668981948 -2.3802049334078898e-17 -0.0044998824668981948 0.99998987547763907 9.6295522263322437e-35 2.380180834969818e-17 1.0710642447466739e-19 1 0.00063402729619692116 -0.029097589928434961 -1.8815495641669184e-14 4.8866918913876688e-18 -2.7105054312137611e-20 -0.17998766010430178 
3 0.21112648608207307 0.16026409480857992 -8.3517828751870693e-17 0.99992187602057914 -0.012499674215180969 1.2508777609050819e-72 0.012499674215180969 0.99992187602057914 -4.266827938270313e-73 -1.2454466414405698e-72 4.4228502416355572e-73 1 -0.00013204711608952755 0.010563236551475846 -2.3852808964680343e-14 1.0666486464599403e-70 3.2240723567396853e-70 0.49999992317962549 
4 -0.18121436522198861 0.16000000169909326 -4.3404910795893334e-12 1 0 0 0 1 0 0 0 1 0.00076496337486840033 0 1.6985613381894088e-19 0 0 0 
1 -0.062105733613378539 0.048526435375479564 -4.0339668379409649e-17 1 0 0 0 1 0 0 0 1 0 0 0 0 0 0 
2 0.011682440662352469 0.15895246111869935 -2.2860741744677082e-16 0.99997900685690144 0.0064796485618501855 2.7174511012534768e-17 -0.0064796485618501855 0.99997900685690144 9.6294475653215798e-35 -2.7173940534136448e-17 -1.7608128120135304e-19 1 0.0010955614553336923 -0.034914191220333277 -2.9523500019647578e-15 2.8511129004579749e-18 0 -0.21596949052910372 
3 0.21112471403433963 0.16038028582529493 -2.9180989851302759e-16 0.99983800439505088 -0.017999026843752687 4.229338657023185e-72 0.017999026843752687 0.99983800439505088 -1.3359892101092907e-72 -4.2046070170931848e-72 1.4118967657480746e-72 1 -0.00022817134994816528 0.012674825020598248 -2.7448489269559654e-15 9.2012613053076632e-72 4.7213462643417332e-71 0.59999995977319887 
4 -0.18120409965416398 0.16000000169909326 -4.3404910773099176e-12 1 0 0 0 1 0 0 0 1 0.001321797274845713 0 2.9349797728767619e-19 0 0 0 
1 -0.062105733613378539 0.048526435375479564 -4.0339668379409649e-17 1 0 0 0 1 0 0 0 1 0 0 0 0 0 0 
2 0.011696451736418081 0.15857424879867346 1.0581402703304065e-17 0.99996111084211547 0.0088191157948144718 1.5041611075497308e-17 -0.0088191157948144718 0.99996111084211547 4.0158848463938388e-16 -1.1499370772010556e-17 -4.0170552091121549e-16 1 0.0017395761714917601 -0.040727462786805467 1.103587019692771e-14 4.7714205752001941e-14 -2.6085904270001237e-16 -0.25193336104701775 
3 0.21112179594254979 0.16051758744419001 3.1040355636067076e-17 0.99969989004733151 -0.024497547619166532 -2.113664638511254e-73 0.024497547619166532 0.99969989004733151 2.062504016361105e-73 2.0625040163611047e-73 -2.1136646385112543e-73 1 -0.00036230596019461945 0.014785204706540853 1.578924786019432e-14 -8.5211203159999762e-71 -8.7176874921697439e-71 0.69999937791278244 
4 -0.18118719542800008 0.16000000169909326 -4.3404910735564273e-12 1 0 0 0 1 0 0 0 1 0.0020987526047828906 0 4.6601666049257259e-19 0 0 0 
1 -0.062105733613378539 0.048526435375479564 -4.0339668379409649e-17 1 0 0 0 1 0 0 0 1 0 0 0 0 0 0 
2 0.011717941658461 0.15813792836014359 1.8568655181339447e-16 0.99993366543466744 0.011518017641526358 1.3115458140605731e-17 -0.011518017641526358 0.99993366543466744 7.0256300698424296e-17 -1.2305374821518005e-17 -7.0402704355495785e-17 1 0.0025964026726956924 -0.046535594317228965 2.3295060721699391e-14 2.0412258207758594e-14 -1.2771901591879242e-16 -0.28786952967536894 
3 0.21111732012498646 0.16067598393048926 2.7325757435892614e-16 0.99948804409231717 -0.031994526352396996 -1.5397712948474105e-72 0.031994526352396996 0.99948804409231717 1.4912705063234156e-72 1.4912705063234159e-72 -1.5397712948474099e-72 1 -0.00054077278573959559 0.016893718416059942 3.1661594152766371e-14 -1.6796723161148325e-70 -1.7219760669002675e-70 0.79999836712448169 
4 -0.18116126884840031 0.16000000169909326 -4.3404910677995709e-12 1 0 0 0 1 0 0 0 1 0.0031323867281305273 0 6.9552950353825274e-19 0 0 0 
1 -0.062105733613378539 0.048526435375479564 -4.0339668379409649e-17 1 0 0 0 1 0 0 0 1 0 0 0 0 0 0 
2 0.011749190153602318 0.15764356150837497 4.3925918115430571e-16 0.99989376487542714 0.014575972120036059 2.571592020135599e-18 -0.014575972120036059 0.99989376487542714 -4.5102810239848605e-17 -3.2287361313282995e-18 4.5060535283594591e-17 1 0.003696337187667664 -0.05233633264627699 2.4187494263052932e-14 4.6366431066769895e-15 -2.6671373443143409e-17 -0.32376590163506025 
3 0.2111108116581637 0.16085545288346059 6.1340591327497181e-16 0.99917998841546152 -0.040488896627077726 -3.4093028421824402e-72 0.040488896627077726 0.99917998841546152 3.2739486076203457e-72 3.2739486076203452e-72 -3.4093028421824402e-72 1 -0.00076988803484903353 0.018999548187311407 3.201197859949081e-14 -1.700427326301791e-70 -1.740018936335642e-70 0.899997838505602 
4 -0.18112357041763266 0.16000000169909326 -4.3404910594288392e-12 1 0 0 0 1 0 0 0 1 0.0044592018509722435 0 9.9014163770844377e-19 0 0 0 
1 -0.062105733613378539 0.048526435375479564 -4.0339668379409649e-17 1 0 0 0 1 0 0 0 1 0 0 0 0 0 0 
2 0.011792779638608157 0.15709123527840688 5.7138925206357862e-16 0.99983812296761776 0.017992438983943187 1.7835125656261735e-17 -0.017992438983943187 0.99983812296761776 -5.0306980574501186e-17 -1.8737383837501462e-17 4.9977939619636424e-17 1 0.0050696415154523047 -0.058126985231144741 -4.5339538873751769e-15 -2.8675080701850292e-15 3.4477629085039041e-17 -0.35960806604124701 
3 0.21110173250005398 0.16105596270695774 7.8225774389906062e-16 0.99875026277741363 -0.049979121661422897 -4.3585132835260747e-72 0.049979121661422897 0.99875026277741363 4.1458598532440233e-72 4.1458598532440233e-72 -4.3585132835260752e-72 1 -0.0010559623767866838 0.021101716552166059 -7.2715219096100794e-15 3.515539264574176e-71 4.1322583140248145e-71 0.99999981521219583 
4 -0.18107098604242139 0.16000000169909326 -4.3404910477527615e-12 1 0 0 0 1 0 0 0 1 0.006115645919704921 0 1.3579461933563705e-18 0 0 0 
1 -0.062105733613378539 0.048526435375479564 -4.0339668379409649e-17 1 0 0 0 1 0 0 0 1 0 0 0 0 0 0 
2 0.011851594982435758 0.15648106578883769 1.6973655051409013e-16 0.99976307744070181 0.021766694427432658 1.4657058095581029e-17 -0.021766694427432658 0.99976307744070181 -5.2041704195128209e-18 -1.4766863095135062e-17 4.8839017293663656e-18 1 0.006746544295226066 -0.06390442790278919 -8.7108194094166355e-14 -4.9388356631371172e-15 5.5077470362263625e-17 -0.39537935642254807 
3 0.21108948152861062 0.1612774712466912 2.3015657350703434e-16 0.99817043414901419 -0.060463082875159724 -1.3335874786849524e-72 0.060463082875159724 0.99817043414901419 1.2552512332306753e-72 1.2552512332306756e-72 -1.3335874786849521e-72 1 -0.0014053011461058556 0.023199089350131697 -1.1816275711236457e-13 6.14229091950667e-70 6.5403082558974812e-70 1.1000078416973242 
4 -0.18100003741131962 0.16000000169909326 -4.3404910319990009e-12 1 0 0 0 1 0 0 0 1 0.0081381146221622281 0 1.807024718754798e-18 0 0 0 
1 -0.062105733613378539 0.048526435375479564 -4.0339668379409649e-17 1 0 0 0 1 0 0 0 1 0 0 0 0 0 0 
2 0.011928806792022061 0.15581324861562465 -2.0025768332202335e-17 0.9996646023801532 0.025897543283683856 2.3351004055941387e-17 -0.025897543283683856 0.9996646023801532 1.5612511127361857e-17 -2.293884650207214e-17 -1.6212008366546129e-17 1 0.0087543550359386428 -0.069656991344064972 -1.7926455004591349e-15 -9.2751801790240396e-15 1.1622647289044608e-16 -0.43101524361889221 
3 0.21107339723187926 0.16151990750313508 -4.7838380885679493e-17 0.9974091232956559 -0.071937756196528244 1.5931487428437033e-73 0.071937756196528244 0.9974091232956559 -1.4823818656388335e-73 -1.4823818656388332e-73 1.5931487428437033e-73 1 -0.0018237398487636011 0.025287430293764665 -5.1293839212680417e-15 2.0624724303256559e-71 2.1974176457746004e-71 1.1999922593487158 
4 -0.18090690832660042 0.16000000169909326 -4.3404910113201892e-12 1 0 0 0 1 0 0 0 1 0.010558404805709184 0 2.3444366927262637e-18 0 0 0 
1 -0.062105733613378539 0.048526435375479564 -4.0339668379409649e-17 1 0 0 0 1 0 0 0 1 0 0 0 0 0 0 
2 0.012027892679911773 0.15508800238499199 -3.9951567119283422e-17 0.99953831090260326 0.030383631086010658 -4.7840419548107714e-18 -0.030383631086010658 0.99953831090260326 8.3266724561918933e-17 7.3117786556285536e-18 -8.3082924657157799e-17 1 0.01112572351108343 -0.07538768127972871 -1.9887177314342893e-15 -3.6991284059310903e-15 3.6429192995512949e-17 -0.46653391446785913 
3 0.21105275428497214 0.1617831921088734 -1.0053903747147073e-16 0.99643201053904484 -0.084399338700708149 3.8835605645599117e-73 0.084399338700708149 0.99643201053904484 -3.5685230738254909e-73 -3.5685230738254915e-73 3.8835605645599111e-73 1 -0.0023179735029991277 0.02736783054486748 -4.9270941506145213e-15 1.9961123293845808e-71 2.121667036694464e-71 1.2999910275587117 
4 -0.18078741119923949 0.16000000169909326 -4.3404909847865002e-12 1 0 0 0 1 0 0 0 1 0.013416726397027885 0 2.9791114511218143e-18 0 0 0 
1 -0.062105733613378539 0.048526435375479564 -4.0339668379409649e-17 1 0 0 0 1 0 0 0 1 0 0 0 0 0 0 
2 0.012152628619166002 0.15430559646197314 -5.3890834098444604e-17 0.99937946763123231 0.035223283167737825 -2.1684042531340736e-17 -0.035223283167737825 0.99937946763123231 9.3675063735391987e-17 2.4970130176771905e-17 -9.2853152155895108e-17 1 0.013889295566086819 -0.081087908521557825 -4.0292884995722622e-16 1.1658154910193508e-15 -4.3368086899420177e-17 -0.50188857726840219 
3 0.21102676494146302 0.16206722727688747 -1.3316697555916648e-16 0.99520186249763831 -0.097843001186757497 5.386999349319743e-73 0.097843001186757497 0.99520186249763831 -4.8833501510882896e-73 -4.8833501510882896e-73 5.3869993493197424e-73 1 -0.002894052701386895 0.029437171988634898 -7.4497533249005826e-16 4.4796962869332056e-72 4.1839001397158615e-72 1.3999964648182224 
4 -0.18063700066864691 0.16000000169909326 -4.3404909513886549e-12 1 0 0 0 1 0 0 0 1 0.016746981482718935 0 3.718576431591833e-18 0 0 0 
1 -0.062105733613378539 0.048526435375479564 -4.0339668379409649e-17 1 0 0 0 1 0 0 0 1 0 0 0 0 0 0 
2 0.012307084378459541 0.15346636716804413 -3.7798926801039953e-17 0.99918300407246952 0.040414407984223931 1.3579631742878918e-17 -0.040414407984223931 0.99918300407246952 5.8980596152703649e-17 -1.1184871362979508e-17 -5.9481222023375797e-17 1 0.017074600292077181 -0.086751228607487282 4.2552996802969016e-15 6.7114824982283938e-15 -1.5005358067199381e-16 -0.53704473416018284 
3 0.21099457976808017 0.16237189091310297 -9.4035830711212606e-17 0.99367856509197983 -0.11226267980385976 3.9683935894494638e-73 0.11226267980385976 0.99367856509197983 -3.5453024894980121e-73 -3.5453024894980121e-73 3.9683935894494638e-73 1 -0.0035581701963010768 0.031493115105629549 9.8738000544146191e-15 -3.4499282480837495e-71 -3.9215427169734554e-71 1.5000150630895206 
4 -0.18045078079443527 0.16000000169909326 -4.3404909100395439e-12 1 0 0 0 1 0 0 0 1 0.020584463603839184 0 4.5706683579545529e-18 0 0 0 
1 -0.062105733613378539 0.048526435375479564 -4.0339668379409649e-17 1 0 0 0 1 0 0 0 1 0 0 0 0 0 0 
2 0.012495590156225339 0.15257076695202534 3.4016186048830077e-18 0.9989435472418764 0.045954210077174817 -1.7238814228771265e-17 -0.045954210077174817 0.9989435472418764 3.4694468888093114e-17 1.8814959147731936e-17 -3.3865619730194307e-17 1 0.02069967643547091 -0.092354476642103597 -7.8691984943084297e-16 1.7811002239048745e-15 -5.1174342541315809e-17 -0.5718723949158403 
3 0.21095529302207963 0.16269701876598128 6.1045017730802494e-18 0.99181918498728938 -0.12765071206675307 -1.2282756292369675e-102 0.12765071206675307 0.99181918498728938 5.3883430289830641e-103 1.1494447510785979e-102 -6.9121645783013058e-103 1 -0.0043146669971154397 0.033527250392840428 2.2415028861955174e-16 -1.6112221742751014e-100 -3.6259196222990836e-100 1.5999848830013348 
4 -0.18022355756534922 0.16000000169909326 -4.3404908595858596e-12 1 0 0 0 1 0 0 0 1 0.024946382900158104 0 5.5392085886408874e-18 0 0 0 
1 -0.062105733613378539 0.048526435375479564 -4.0339668379409649e-17 1 0 0 0 1 0 0 0 1 0 0 0 0 0 0 
2 0.01272270066040547 0.15161941999476794 -5.3638027654696584e-18 0.99865546207529021 0.051838866376384143 -7.209943839088489e-18 -0.051838866376384143 0.99865546207529021 1.7347233297055013e-17 8.0995107050478041e-18 -1.695015396874259e-17 1 0.024804007824836917 -0.097904303548707217 -8.9609987338605323e-16 1.7225804116449694e-15 -4.6837533851373792e-17 -0.60641270758128007 
3 0.21090794843985697 0.16304238424046763 8.0481796839627807e-18 0.98957806070126852 -0.1439974367088401 -5.0307715997417432e-102 0.1439974367088401 0.98957806070126852 2.1943730581549526e-102 4.6623571079462004e-102 -2.8959216503745319e-102 1 -0.0051713401959317474 0.035541992320897275 1.7256120623987597e-16 -1.6985448822600444e-100 -3.6929840916885326e-100 1.6999811829841618 
4 -0.179949895431534 0.16000000169909326 -4.3404907988206734e-12 1 0 0 0 1 0 0 0 1 0.029883699045545296 0 6.6355124615380927e-18 0 0 0 
1 -0.062105733613378539 0.048526435375479564 -4.0339668379409649e-17 1 0 0 0 1 0 0 0 1 0 0 0 0 0 0 
2 0.012993348071812304 0.15061291092993656 -1.2678551561697407e-17 0.99831282021280643 0.058064731108933919 3.4694464284337285e-18 -0.058064731108933919 0.99831282021280643 9.6134027715675776e-35 -3.4635928485469243e-18 -2.0145247396385568e-19 1 0.029411657465646762 -0.10338508623102108 -4.5118531519801917e-16 1.0998146837692957e-15 -3.1225022567582528e-17 -0.64057952126363105 
3 0.21085151458535045 0.16340777509823876 9.7924498560212944e-18 0.98690673645848859 -0.1612919512339511 -8.0651275313952871e-102 0.1612919512339511 0.98690673645848859 3.4915914858724739e-102 7.3963630874626075e-102 -4.7467153148580535e-102 1 -0.0061335017116428223 0.037531669270189132 1.9226857208430188e-16 -9.5861932705278131e-101 -1.886444918798478e-100 1.7999870459643772 
4 -0.17962387657659251 0.16000000169909326 -4.3404907264299677e-12 1 0 0 0 1 0 0 0 1 0.035423102625873205 0 7.8655064363225108e-18 0 0 0 
1 -0.062105733613378539 0.048526435375479564 -4.0339668379409649e-17 1 0 0 0 1 0 0 0 1 0 0 0 0 0 0 
2 0.013312703086724142 0.14955198603548442 -1.1556361830520183e-17 0.99790947867221624 0.064627179856045144 -7.480993756172678e-18 -0.064627179856045144 0.99790947867221624 -6.9388927593485704e-18 7.0169135088121529e-18 7.407862385026071e-18 1 0.034550080732553869 -0.10878550975358295 8.44619806138456e-16 2.3467556023448743e-16 -5.2041704279304213e-18 -0.67431171852398319 
3 0.21078490724397181 0.16379292041958726 1.2304234730919779e-17 0.98375413139165335 -0.17952105439154928 -7.9795449190307244e-102 0.17952105439154928 0.98375413139165335 3.4199596478696591e-102 7.235955518759639e-102 -4.7968957502136464e-102 1 -0.0072070101967735573 0.039492173603618112 3.3546028013475685e-16 1.0390884216972389e-100 2.7518919265035445e-100 1.9000110338964742 
4 -0.17923931960710268 0.16000000169909326 -4.3404906410411939e-12 1 0 0 0 1 0 0 0 1 0.041596622861543656 0 9.2363023987324822e-18 0 0 0 
1 -0.062105733613378539 0.048526435375479564 -4.0339668379409649e-17 1 0 0 0 1 0 0 0 1 0 0 0 0 0 0 
2 0.013686209533822224 0.14843750917252141 8.1889508379807114e-18 0.99743910433559901 0.071520858091874376 1.1058861819275475e-17 -0.071520858091874376 0.99743910433559901 -6.9388936905257885e-18 -1.1526816858943981e-17 6.1301846209239333e-18 1 0.040246448731490317 -0.11409337242051468 3.3345032007676661e-15 -1.0433277505828009e-15 3.6429192995512949e-17 -0.7075434553060157 
3 0.21070698384354763 0.1641975065988408 1.7114224756021675e-17 0.98006659336439095 -0.19866925421694623 -1.3576788750675643e-102 0.19866925421694623 0.98006659336439095 5.7445813713976044e-103 1.216488540285854e-102 -8.3273627907279468e-103 1 -0.0083976785158372796 0.041419075765327405 6.6270203749404847e-16 4.7749560163026959e-100 1.1341454892118703e-99 2.0000646564478206 
4 -0.17878972507526139 0.16000000169909326 -4.3404905412111924e-12 1 0 0 0 1 0 0 0 1 0.048435841408460169 0 1.0754912852763295e-17 0 0 0 
1 -0.062105733613378539 0.048526435375479564 -4.0339668379409649e-17 1 0 0 0 1 0 0 0 1 0 0 0 0 0 0 
2 0.014119233639489435 0.14727073158141171 1.2465770521244859e-17 0.99689534010526526 0.078738052277202777 -2.1250359788784915e-17 -0.078738052277202777 0.99689534010526526 -1.3877785984512597e-17 2.0091674810659606e-17 1.5507912118897483e-17 1 0.046473824412224203 -0.11925521639279343 -9.2148397040688803e-18 -8.799384831892354e-16 4.3368086899420177e-17 -0.73995986442738959 
3 0.21061660017443837 0.16462107940085544 1.7134119169579673e-17 0.97578825739387176 -0.2187173443790662 6.1854610610053262e-103 0.2187173443790662 0.97578825739387176 -7.917853820197205e-105 -6.0183825502886843e-103 1.4301291048383026e-103 1 -0.0097025691695078829 0.043292969069036291 -1.907289536518843e-16 1.1056818548701976e-102 7.3342582366849856e-101 2.0999740733112935 
4 -0.17826882592646603 0.16000000169909326 -4.3404904255483933e-12 1 0 0 0 1 0 0 0 1 0.055887422663644472 0 1.2409495474686341e-17 0 0 0 
1 -0.062105733613378539 0.048526435375479564 -4.0339668379409649e-17 1 0 0 0 1 0 0 0 1 0 0 0 0 0 0 
2 0.014617702095798692 0.14605282004890141 1.1689988592182665e-17 0.99627166070305739 0.086271536905123153 -1.311884231833708e-17 -0.086271536905123153 0.99627166070305739 -6.9388918047402738e-18 1.2471301962577924e-17 8.0448039509663368e-18 1 0.0533211478673246 -0.12430382129598233 -1.6007307458042349e-16 -6.2113942461694549e-16 3.4694469519536142e-17 -0.77176834595800636 
3 0.21051250719723927 0.16506321524950562 1.3811858695305871e-17 0.97086073935375405 -0.23964437147882695 1.3012968910110631e-102 0.23964437147882695 0.97086073935375405 6.5322968462055527e-105 -1.2649434898977644e-102 3.0550652500791249e-103 1 -0.011137484875378008 0.045125753432913349 -4.8707372027943067e-16 3.112434835290846e-103 5.7188098271022679e-101 2.1999760922291256 
4 -0.1776695861477805 0.16000000169909326 -4.3404902924904925e-12 1 0 0 0 1 0 0 0 1 0.064079883910156982 0 1.4228586108727302e-17 0 0 0 
1 -0.062105733613378539 0.048526435375479564 -4.0339668379409649e-17 1 0 0 0 1 0 0 0 1 0 0 0 0 0 0 
2 0.015187719501858635 0.14478515057304789 8.921750594356394e-18 0.99556153981862749 0.094112806960389123 2.363559771047981e-17 -0.094112806960389123 0.99556153981862749 -1.3877782141933099e-17 -2.4836769082940991e-17 1.1591773713770565e-17 1 0.060787320697691299 -0.12920376188147173 -4.1389651027333426e-16 -4.0505793164058446e-16 2.0816681711721685e-17 -0.802764312961884 
3 0.21039341290957372 0.16552341461912584 7.1011956794396821e-18 0.96522349846233269 -0.2614260851868751 1.6145308884631147e-102 0.2614260851868751 0.96522349846233269 3.5709041027864518e-104 -1.5677184273395579e-102 3.8761328407654902e-103 1 -0.012703667215352458 0.046904568503852398 -8.7091105731620467e-16 1.0682820015191182e-102 -3.2526388942375058e-102 2.2999971463995439 
4 -0.17698480115913393 0.16000000169909326 -4.34049014043775e-12 1 0 0 0 1 0 0 0 1 0.073000437114690536 0 1.6209345503925705e-17 0 0 0 
1 -0.062105733613378539 0.048526435375479564 -4.0339668379409649e-17 1 0 0 0 1 0 0 0 1 0 0 0 0 0 0 
2 0.015835584434904567 0.14346930304497524 2.9358072285780551e-18 0.99475851597825338 0.10225211434852072 -1.8648272124015804e-17 -0.10225211434852072 0.99475851597825338 9.5791760667836372e-35 1.8550527503644591e-17 1.9068252536271953e-18 1 0.068894248942126965 -0.13393619330501463 -8.1079296550529466e-16 1.7759231585312563e-16 -6.9388939039072284e-18 -0.83284410273331633 
3 0.21025797974517507 0.16600110396518167 -3.9507357266931638e-18 0.95881398445598132 -0.28403475704857883 1.0275276360600923e-102 0.28403475704857883 0.95881398445598132 3.9849167315844019e-104 -9.9652641542655637e-103 2.536456235776714e-103 1 -0.01440607830943681 0.048622573077889419 -1.3581182229485153e-15 5.6562938876417893e-102 -1.259435024851378e-100 2.4000497761405111 
4 -0.17620707260621427 0.16000000169909326 -4.3404899677474046e-12 1 0 0 0 1 0 0 0 1 0.082672395320286723 0 1.8356950199108855e-17 0 0 0 
1 -0.062105733613378539 0.048526435375479564 -4.0339668379409649e-17 1 0 0 0 1 0 0 0 1 0 0 0 0 0 0 
2 0.016567522058483958 0.14210716654558453 -4.6005845948528069e-18 0.99385634685159863 0.11067773860535302 3.903127429470619e-18 -0.11067773860535302 0.99385634685159863 9.5704884941040069e-35 -3.8791479683499399e-18 -4.3198931738233271e-19 1 0.07758170591439871 -0.13844873089572174 -4.6048416179073889e-16 -2.7972416050126014e-16 1.7347234759768071e-17 -0.86167251546396895 
3 0.21010486820998583 0.16649559749862752 -1.672924205568575e-17 0.95156797930580783 -0.30743841783333065 -4.5592317108874999e-104 0.30743841783333065 0.95156797930580783 1.0930003031542157e-104 4.0023886224230963e-104 -2.4417470735838949e-104 1 -0.016236286548456415 0.050260750058709641 -9.1397504104131811e-16 -2.7615404999023599e-102 -1.1393794495543542e-101 2.4999739435900867 
4 -0.17532922493681416 0.16000000169909326 -4.3404897728261618e-12 1 0 0 0 1 0 0 0 1 0.092991039789664498 0 2.0648148858060309e-17 0 0 0 
1 -0.062105733613378539 0.048526435375479564 -4.0339668379409649e-17 1 0 0 0 1 0 0 0 1 0 0 0 0 0 0 
2 0.017389649781682195 0.14070096206683003 -8.8685936832763207e-18 0.99284913641761185 0.11937584477105202 1.4528303481681741e-17 -0.11937584477105202 0.99284913641761185 -2.0816673645394733e-17 -1.6909421567142994e-17 1.8933487950701446e-17 1 0.086954089962048661 -0.14275348929098325 -3.7827926625818294e-16 -2.3375398838787476e-16 2.7755575615628914e-17 -0.88936404023974747 
3 0.20993274247180202 0.16700608893745009 -2.4711606229633459e-17 0.9434198837069202 -0.33160054738558736 -1.6421111793984528e-103 0.33160054738558736 0.9434198837069202 3.6138272471539758e-104 1.429365628570601e-103 -8.8546061408120967e-104 1 -0.018212709697053468 0.051823497397508439 -6.4053567077457073e-16 -2.6381972710173174e-102 -1.1409213982361407e-101 2.5999704567935149 
4 -0.1743443590140743 0.16000000169909326 -4.3404895541421e-12 1 0 0 0 1 0 0 0 1 0.10410825033504997 0 2.3116664665560043e-17 0 0 0 
1 -0.062105733613378539 0.048526435375479564 -4.0339668379409649e-17 1 0 0 0 1 0 0 0 1 0 0 0 0 0 0 
2 0.018308829646133232 0.13925291292786296 -1.1829860814716318e-17 0.99173116086607638 0.12833278835599454 2.0816668323773782e-17 -0.12833278835599454 0.99173116086607638 -1.3877778882515856e-17 -2.242551270228145e-17 1.1091564671128374e-17 1 0.096994164575266995 -0.1468133487398085 -1.9510548392494931e-16 -3.4369208867790491e-16 2.4286128663675299e-17 -0.91569246561491768 
3 0.20974013133571093 0.16753177115479864 -2.8580492517331007e-17 0.9343023504961887 -0.35648158137174074 -2.5519197824773848e-103 0.35648158137174074 0.9343023504961887 5.1213280072869406e-104 2.2016987403702401e-103 -1.3881992790783818e-103 1 -0.020333929487164958 0.053297339589565756 -7.9007505878099384e-17 -1.2868086480991962e-102 -5.2931487984093425e-102 2.6999829630228951 
4 -0.17324452355474693 0.16000000169909326 -4.3404893099296782e-12 1 0 0 0 1 0 0 0 1 0.11598630157215435 0 2.5754121317674389e-17 0 0 0 
1 -0.062105733613378539 0.048526435375479564 -4.0339668379409649e-17 1 0 0 0 1 0 0 0 1 0 0 0 0 0 0 
2 0.019331797171955836 0.1377655999699508 -1.2349980927807414e-17 0.99049722850548416 0.13753268819795053 -1.344409820095215e-17 -0.13753268819795053 0.99049722850548416 9.538141361056395e-35 1.331634200779867e-17 1.8490029659741797e-18 1 0.10771342286205124 -0.15060169629653344 1.1436118205597974e-16 -9.7144514654701197e-17 0 -0.94050618044018319 
3 0.2095255703075124 0.16807170723332437 -2.507435889095021e-17 0.92414708410318813 -0.38203686594826808 -2.4240134644182829e-103 0.38203686594826808 0.92414708410318813 4.3986938829946318e-104 2.0720986524365144e-103 -1.3325665195459663e-103 1 -0.022603214182541378 0.054672615393484246 8.4798980345604127e-16 1.56184179386591e-102 9.9095086707882228e-102 2.8000234303867688 
4 -0.17202207311387269 0.16000000169909326 -4.3404890384912674e-12 1 0 0 0 1 0 0 0 1 0.12863224151865887 0 2.85620838836921e-17 0 0 0 
1 -0.062105733613378539 0.048526435375479564 -4.0339668379409649e-17 1 0 0 0 1 0 0 0 1 0 0 0 0 0 0 
2 0.020465395916810205 0.13624187744136901 -9.0298862173506181e-18 0.98914272712327211 0.14695803951855124 -2.4286127448660973e-17 -0.14695803951855124 0.98914272712327211 9.5250979871978146e-35 2.4022446335831869e-17 3.569041677352891e-18 1 0.11912197922269531 -0.15409046350522249 5.7772928301820919e-16 -6.2927094091058677e-16 4.8572257327350599e-17 -0.96364494438379933 
3 0.20928756332916573 0.16862486100131058 -1.0120373804919016e-17 0.91288496654116058 -0.40821690051141202 -1.7598406931883448e-104 0.40821690051141202 0.91288496654116058 2.8565039311256764e-105 1.489924794212736e-104 -9.7916266272623658e-105 1 -0.025023608287575154 0.05593913517705007 2.225333810710222e-15 6.0822215329757454e-102 3.7586717714490968e-101 2.9001074487820682 
4 -0.17066930255403803 0.16000000169909326 -4.3404887381159752e-12 1 0 0 0 1 0 0 0 1 0.14205096064773626 0 3.1541638371315024e-17 0 0 0 
1 -0.062105733613378539 0.048526435375479564 -4.0339668379409649e-17 1 0 0 0 1 0 0 0 1 0 0 0 0 0 0 
2 0.021715228205444772 0.13468511950634601 -7.4560999789898515e-18 0.98766411741369875 0.15658732762717248 8.6736145322998124e-18 -0.15658732762717248 0.98766411741369875 9.5108594936191693e-35 -8.566617841830525e-18 -1.3581781204810351e-18 1 0.13103405809597451 -0.15721634265254658 1.6557535182290761e-16 -1.1275702593849246e-17 -6.9388939039072284e-18 -0.98459828447555431 
3 0.20902480704337523 0.16919000754305127 -2.2007367468132133e-18 0.90044721009254169 -0.43496531107268549 1.3300851015050825e-104 0.43496531107268549 0.90044721009254169 -8.3463440516221657e-105 -8.346344051625572e-105 1.3300851015048688e-104 1 -0.027565594631765136 0.05707391647494231 7.3120835952887669e-16 9.5358424221805521e-103 1.4753315043431908e-102 2.9999713308727842 
4 -0.16918051733877568 0.16000000169909326 -4.3404884075393697e-12 1 0 0 0 1 0 0 0 1 0.15594679903242537 0 3.4627133258429499e-17 0 0 0 
1 -0.062105733613378539 0.048526435375479564 -4.0339668379409649e-17 1 0 0 0 1 0 0 0 1 0 0 0 0 0 0 
2 0.023088300024527306 0.1330987730261782 -5.6985960673847861e-18 0.98605840641016063 0.1663995767658516 2.1684028117378924e-18 -0.1663995767658516 0.98605840641016063 9.4953970591004385e-35 -2.1381718209975776e-18 -3.6082131013106797e-19 1 0.14368893906114005 -0.15998863580937561 1.731373757900279e-16 1.6046192152785466e-17 0 -1.0035945306317944 
3 0.20873575101958125 0.16976589555177768 4.3892472192805339e-18 0.88676417092886828 -0.46222213832402798 2.7440888102324415e-104 0.46222213832402798 0.88676417092886828 -1.6641518241197848e-104 -1.6641518241204769e-104 2.7440888102320217e-104 1 -0.030270327832391246 0.058080336198283143 5.3634505911119074e-16 7.5211186330941856e-103 1.1442597474586601e-102 3.0999751330132059 
4 -0.16754797651784517 0.16000000169909326 -4.3404880450426108e-12 1 0 0 0 1 0 0 0 1 0.17067611633084492 0 3.7897698726596591e-17 0 0 0 
1 -0.062105733613378539 0.048526435375479564 -4.0339668379409649e-17 1 0 0 0 1 0 0 0 1 0 0 0 0 0 0 
2 0.024591168260916074 0.13148669151721279 -4.3030876891241787e-18 0.98432374247089016 0.17637111443799613 -4.3368047500454638e-18 -0.17637111443799613 0.98432374247089016 9.4786928529799889e-35 4.2688198819302841e-18 7.6488708686551358e-19 1 0.15699211766547808 -0.16235745561501855 8.7644342911157952e-17 -6.9388939039072284e-18 6.9388939039072284e-18 -1.0202701894433661 
3 0.20841890572505681 0.17035112609359754 7.3372331062439614e-18 0.87176674993535685 -0.48992115049989937 3.3878107235590593e-104 0.48992115049989937 0.87176674993535685 -1.9822396258227945e-104 -1.9822396258236372e-104 3.3878107235585667e-104 1 -0.033123475645170569 0.058940283843995925 -1.5626641068503239e-17 -3.0650821851957503e-104 -1.7674139691720838e-103 3.2000006570079131 
4 -0.16576473540884523 0.16000000169909326 -4.3404876490836625e-12 1 0 0 0 1 0 0 0 1 0.18608318336992774 0 4.1318755081713745e-17 0 0 0 
1 -0.062105733613378539 0.048526435375479564 -4.0339668379409649e-17 1 0 0 0 1 0 0 0 1 0 0 0 0 0 0 
2 0.02623027494248165 0.12985308925861738 -4.3728070847412003e-18 0.98245949261153886 0.18647612548923684 -1.3877779993436498e-17 -0.18647612548923684 0.98245949261153886 9.4607407798402671e-35 1.3634356690926186e-17 2.5878746435680849e-18 1 0.17093498102787127 -0.1642866167638963 -1.2611254623539972e-16 4.3368086899420177e-18 -6.9388939039072284e-18 -1.0344058428444141 
3 0.20807278690211206 0.17094416926765491 2.4976252329096695e-18 0.8553866190235313 -0.51799008870391727 2.023471556819622e-104 0.51799008870391727 0.8553866190235313 -1.1402251612561891e-104 -1.140225161256686e-104 2.0234715568193419e-104 1 -0.036124990938650396 0.059640623137101959 -1.0417540944776333e-15 -1.6154731060718576e-102 -2.9449232881736952e-102 3.300061764840414 
4 -0.16382413327533116 0.16000000169909326 -4.3404872181835445e-12 1 0 0 0 1 0 0 0 1 0.20214399169024846 0 4.4884971385453618e-17 0 0 0 
1 -0.062105733613378539 0.048526435375479564 -4.0339668379409649e-17 1 0 0 0 1 0 0 0 1 0 0 0 0 0 0 
2 0.028011218805567024 0.12820254893340413 -5.0257527049499674e-18 0.98046654783239207 0.19668591353127382 1.1275700787312244e-17 -0.19668591353127382 0.98046654783239207 9.441549419701922e-35 -1.1055447425327021e-17 -2.2177715100578124e-18 1 0.1853214622784897 -0.16573870771464611 7.8190933413698537e-17 4.9439619065339002e-17 0 -1.0455815370229524 
3 0.20769604209070675 0.17154336143222482 -5.4174820931379369e-18 0.83755708578720767 -0.54634982204411864 -1.202519157412117e-118 0.54634982204411864 0.83755708578720767 -1.0515250328984024e-118 1.5816789556843594e-118 2.2371611452993005e-119 1 -0.039242307825058033 0.060167772644835513 -1.6512037283752226e-16 2.2697794833512334e-116 -2.6369632485525885e-116 3.3999750866936163 
4 -0.16172086854191048 0.16000000169909326 -4.3404867511650738e-12 1 0 0 0 1 0 0 0 1 0.2185575230551608 0 4.8529507034441546e-17 0 0 0 
1 -0.062105733613378539 0.048526435375479564 -4.0339668379409649e-17 1 0 0 0 1 0 0 0 1 0 0 0 0 0 0 
2 0.029939040626234092 0.12654003892280979 -4.418996065335436e-18 0.97834747098471964 0.20696914267059976 1.9081947858081635e-17 -0.20696914267059976 0.97834747098471964 9.4211434519249729e-35 -1.8668775428416456e-17 -3.9493743886722436e-18 1 0.20033274987208438 -0.1666737750423769 4.0154058434593959e-17 -4.3368086899420177e-18 6.9388939039072284e-18 -1.0537540450263005 
3 0.20728740085240591 0.1721468989263715 -7.1793655010201462e-18 0.81821351514573981 -0.57491446636247745 -3.8527218396652965e-118 0.57491446636247745 0.81821351514573981 -3.4880393470450982e-118 5.1576733591690601e-118 6.3897541461818436e-119 1 -0.042508377805947864 0.060507228159833504 -1.7043345803647069e-16 2.260438474162986e-116 -2.6322839427509101e-116 3.4999727301775443 
4 -0.15945057931334314 0.16000000169909326 -4.3404862470597171e-12 1 0 0 0 1 0 0 0 1 0.23557968104669275 0 5.2309185242545028e-17 0 0 0 
1 -0.062105733613378539 0.048526435375479564 -4.0339668379409649e-17 1 0 0 0 1 0 0 0 1 0 0 0 0 0 0 
2 0.032019616224251431 0.12487093318130726 -4.2806420883722035e-18 0.97610637488680296 0.21729322333046669 1.734721988367188e-18 -0.21729322333046669 0.97610637488680296 9.3995624815088373e-35 -1.6932731915015227e-18 -3.769433324345427e-19 1 0.2158666278948633 -0.16705086262955968 -1.5245993303253985e-17 1.9081958235744878e-17 6.9388939039072284e-18 -1.0585812455790748 
3 0.20684543269723149 0.17275283085476456 -8.4001096121563667e-18 0.7972929624422832 -0.6035925215242548 -5.7503112164827525e-118 0.6035925215242548 0.7972929624422832 -5.3947909592729751e-118 7.8409381429584519e-118 8.3038401896956756e-119 1 -0.045906976197341264 0.060644121469340902 -4.7667480015690114e-17 9.2552576993417952e-117 -1.1939506626056392e-116 3.5999863277602815 
4 -0.15700778814357536 0.16000000169909326 -4.3404857046512388e-12 1 0 0 0 1 0 0 0 1 0.2530476652360103 0 5.6187856528771868e-17 0 0 0 
1 -0.062105733613378539 0.048526435375479564 -4.0339668379409649e-17 1 0 0 0 1 0 0 0 1 0 0 0 0 0 0 
2 0.03425799701111891 0.12320102400007116 -4.7756151267640193e-18 0.97374942374954643 0.2276226257370435 -6.0715272237512186e-18 -0.2276226257370435 0.97374942374954643 9.3768658676453378e-35 5.9121461354074322e-18 1.3820169689041944e-18 1 0.23188751807027541 -0.1668271961456182 -8.6127817445922702e-17 6.0715321659188248e-18 0 -1.0597803200944347 
3 0.20636883493097008 0.1733590544541854 -7.5088444320852101e-18 0.77473567965947576 -0.63228524153468113 -5.1799911172404009e-118 0.63228524153468113 0.77473567965947576 -5.0405899330736733e-118 7.2002145621560585e-118 6.298929329726941e-119 1 -0.049433471039064522 0.060562924298564989 2.6252626723376751e-16 -2.4653418932588215e-116 2.3417902813009746e-116 3.7000278563413467 
4 -0.1543883545035363 0.16000000169909326 -4.3404851230202565e-12 1 0 0 0 1 0 0 0 1 0.27089689392869554 0 6.015118077528102e-17 0 0 0 
1 -0.062105733613378539 0.048526435375479564 -4.0339668379409649e-17 1 0 0 0 1 0 0 0 1 0 0 0 0 0 0 
2 0.036658828125700961 0.12153653387688891 -6.0059793050554361e-18 0.97128492267287936 0.23791931192809615 2.0816681644046498e-17 -0.23791931192809615 0.97128492267287936 9.3531335855376982e-35 -2.0218929020943649e-17 -4.952690573377772e-18 1 0.24821601092602777 -0.16598529697815714 1.5254557718469574e-17 1.6479873021779667e-17 0 -1.0570402940278061 
3 0.20585636036401514 0.17396331078441826 -2.4492704524807862e-18 0.75048545982254777 -0.66088696052724405 0 0.66088696052724405 0.75048545982254777 0 0 0 1 -0.053055775814605986 0.06025729142380664 1.401004703036788e-16 0 0 3.7999807386886935 
4 -0.151588854969535 0.16000000169909326 -4.3404845014066237e-12 1 0 0 0 1 0 0 0 1 0.28886975493261241 0 6.4141959526482776e-17 0 0 0 
1 -0.062105733613378539 0.048526435375479564 -4.0339668379409649e-17 1 0 0 0 1 0 0 0 1 0 0 0 0 0 0 
2 0.03922427784095725 0.11988374063332524 -5.3151876814569709e-18 0.96872355106501629 0.24814246233159049 -6.9388927177853567e-18 -0.24814246233159049 0.96872355106501629 9.3284684741462633e-35 6.7218687940322126e-18 1.7218339248460003e-18 1 0.26492594619543214 -0.16445641143039691 1.3679935429203303e-16 1.9081958235744878e-17 1.3877787807814457e-17 -1.0500637165493412 
3 0.20530721297493884 0.17456332082117365 -5.8357801419428355e-19 0.72449162477528772 -0.68928360319281035 0 0.68928360319281035 0.72449162477528772 0 0 0 1 -0.056790413042511534 0.059702263335884451 2.3870418172971287e-16 0 0 3.8999747660145134 
4 -0.14860935875357284 0.16000000169909326 -4.3404838398256658e-12 1 0 0 0 1 0 0 0 1 0.30704641741185423 0 6.8177991219005147e-17 0 0 0 
1 -0.062105733613378539 0.048526435375479564 -4.0339668379409649e-17 1 0 0 0 1 0 0 0 1 0 0 0 0 0 0 
2 0.041958277623368269 0.11824981944347415 -2.9472836548988812e-18 0.96607842625313634 0.25824886123323659 -2.7755566552045137e-17 -0.25824886123323659 0.96607842625313634 9.3029968487370592e-35 2.6814054054363955e-17 7.167843454948968e-18 1 0.28191486027880169 -0.1622033432722525 3.5526066138086986e-16 -5.0306980803327406e-17 -1.3877787807814457e-17 -1.038520785192155 
3 0.20472023472339687 0.17515647977617044 2.4434120364590783e-18 0.6967070719695887 -0.71735573871515268 0 0.71735573871515268 0.6967070719695887 0 0 0 1 -0.060620230414807498 0.058884336766034738 3.7287193980844187e-16 0 0 3.9999795320889815 
4 -0.14544776723619757 0.16000000169909326 -4.3404831378114055e-12 1 0 0 0 1 0 0 0 1 0.32527061170712285 0 7.2224578076900828e-17 0 0 0 
