1 -0.062105733613378539 0.048526435375479564 -4.0339668379409649e-17 1 0 0 0 1 0 0 0 1 -0 0 0 -0 0 0 
2 0.011666006676941862 0.15999999999999778 -5.8571424739478689e-18 1 -9.9657629064293349e-17 -2.2204460492503131e-16 9.9657629064293349e-17 1 -1.1700024412152458e-31 2.2204460492503131e-16 9.4871805248178247e-32 1 0 0 0 0 -0 0 
3 0.21112813669524977 0.16 -2.0217697810416266e-18 1 -2.2204460492503131e-16 0 2.2204460492503131e-16 1 0 0 0 1 0 0 0 0 0 0 
4 -0.18122392750152072 0.16000000169909326 -4.3404910817125856e-12 1 0 0 0 1 0 0 0 1 0 0 -0 0 0 0 
1 -0.062105733613378539 0.048526435375479564 -4.0339668379409649e-17 1 0 0 0 1 0 0 0 1 0 0 0 0 0 0 
2 0.011666019357952221 0.15997090012001136 -3.2090947649854067e-17 0.99999998380000121 0.00017999999248361696 -2.5603079608198518e-17 -0.00017999999248361696 0.99999998380000121 9.6296495659358687e-35 2.5603079193428659e-17 4.6085541370330834e-21 1 5.0724039966167184e-06 -0.0058199755112153572 -4.5974450819773097e-15 2.2894950563487052e-19 0 -0.035999996073989786 
3 0.21112813405423275 0.16001056406790645 1.1192528261328433e-18 0.99999987500000265 -0.00049999997915400895 -2.3857387021050156e-77 0.00049999997915400895 0.99999987500000265 2.3845461308719566e-77 2.3845461308719566e-77 -2.385738702105016e-77 1 -1.0564067898267473e-06 0.0021128134048352624 8.3133939811138675e-16 -1.0746730212388192e-74 -1.0749719182283292e-74 0.099999999992942096 
4 -0.18122391220152129 0.16000000169909326 -4.3404910817091889e-12 1 -6.8094929838550615e-33 4.6972984828451837e-43 6.8094929838550615e-33 1 -1.4708771848242762e-70 -4.6972984828451837e-43 1.4709091710453381e-70 1 6.119999553803959e-06 -2.8543305938245498e-87 1.3587358010018373e-21 6.6283179904533071e-68 2.1167548660653459e-40 2.9337179704506464e-30 
1 -0.062105733613378539 0.048526435375479564 -4.0339668379409649e-17 1 0 0 0 1 0 0 0 1 0 0 0 0 0 0 
2 0.011666209573022992 0.15988360055291714 5.199199315616461e-17 0.99999974080031251 0.00071999951929046916 2.4391107809575544e-18 -0.00071999951929046916 0.99999974080031251 4.3639137442541399e-17 -2.4076899907599218e-18 -4.3640882289880396e-17 1 4.0579196694305746e-05 -0.011639929070212255 4.9193760424314745e-14 1.4643325453701626e-14 -6.8389440161312209e-18 -0.071999873933094705 
3 0.21112809443899083 0.16004225624517349 2.6925002873973891e-17 0.99999800000066774 -0.0019999986661206584 -8.4137634577357965e-107 0.0019999986661206584 0.99999800000066774 8.3969527359431349e-107 8.3969527359431349e-107 -8.4137634577357965e-107 1 -8.4512486548954995e-06 0.0042256188403559641 2.1009076491601625e-14 -7.8901838030449346e-104 -7.904297216028801e-104 0.19999999943862817 
4 -0.18122368270166248 0.16000000169909326 -4.3404910816582292e-12 1 -4.291721894975384e-129 1.0748527074602444e-119 4.291721894975384e-129 1 2.3064844492403513e-248 -1.0748527074602444e-119 2.3064844492403513e-248 1 4.89599408854018e-05 1.8575742049960023e-264 1.087198733217434e-20 -9.3773444868443631e-247 1.0269391045681739e-116 3.9259241018387045e-126 
1 -0.062105733613378539 0.048526435375479564 -4.0339668379409649e-17 1 0 0 0 1 0 0 0 1 0 0 0 0 0 0 
2 0.011667033836521915 0.15973810195422403 -1.862695117316974e-17 0.99999868780800671 0.0016199945261674851 -1.1153941607680685e-17 -0.0016199945261674851 0.99999868780800671 9.6296370859869181e-35 1.1153926971567815e-17 1.8069324349634373e-20 1 0.00013695428273626976 -0.01745975102518801 -2.6271577683936865e-14 2.0162361994857539e-18 -6.7762635780344027e-21 -0.10799904311033301 
3 0.21112792277323345 0.16009507629383343 -1.2873452976345326e-17 0.9999898750171079 -0.0044999848076408356 3.3296458985579363e-107 0.0044999848076408356 0.9999898750171079 -3.3146961038409463e-107 -3.3146961038409457e-107 3.3296458985579369e-107 1 -2.8522882745159734e-05 0.0063383765000152121 -1.3835235804082341e-14 2.5159203681507437e-104 2.5262686562550932e-104 0.2999999960719763 
4 -0.18122268820512355 0.16000000169909326 -4.3404910814374092e-12 1 3.2706292413667278e-129 0 -3.2706292413667278e-129 1 0 0 0 1 0.00016523900275513406 0 3.6689585926099025e-20 0 0 -2.4617870008288219e-126 
1 -0.062105733613378539 0.048526435375479564 -4.0339668379409649e-17 1 0 0 0 1 0 0 0 1 0 0 0 0 0 0 
2 0.011669252992794477 0.15953440687359102 3.0514665368824425e-18 0.9999958528799775 0.0028799692440198477 -1.3398578917895135e-17 -0.0028799692440198477 0.9999958528799775 3.1441863002055692e-17 1.3489074950800836e-17 -3.1403145113678983e-17 1 0.00032462901441509173 -0.023279154889899862 -4.4505814392799613e-16 4.629289272508046e-15 -8.9311153958493428e-18 -0.14399596060208608 
3 0.21112746059855683 0.16016902328828861 2.7923700009155894e-17 0.99996800017088827 -0.0079999146391877447 -1.3913841907085993e-136 0.0079999146391877447 0.99996800017088827 1.380297405233706e-136 1.3802974052337058e-136 -1.3913841907085993e-136 1 -6.7609255742520906e-05 0.0084509823811854332 6.0297293322496644e-15 -9.9728949622681872e-135 -9.9973418193334051e-135 0.39999997800721954 
4 -0.18122001073758817 0.16000000169909326 -4.3404910808428901e-12 1 -6.4011780359176326e-130 0 6.4011780359176326e-130 1 0 0 0 1 0.0003916723414320915 0 8.6969242581598162e-20 0 0 4.8508442154400899e-127 
1 -0.062105733613378539 0.048526435375479564 -4.0339668379409649e-17 1 0 0 0 1 0 0 0 1 0 0 0 0 0 0 
2 0.011673932166186922 0.1592725220255464 1.8926840194812635e-17 0.99998987547885754 0.0044998821961138077 4.4147357210279577e-18 -0.0044998821961138077 0.99998987547885754 1.3010426069644941e-18 -4.4088364854793471e-18 -1.3208952252027139e-18 1 0.00063402821409405696 -0.029097597044697148 2.8000900806323092e-15 1.4133994098535201e-15 -3.2797115717686509e-18 -0.17998769987287544 
3 0.21112648608248349 0.16026409479097811 1.0395589094900722e-16 0.99992187602318272 -0.012499674006899933 -1.4717783133499922e-136 0.012499674006899933 0.99992187602318272 1.45349511704152e-136 1.45349511704152e-136 -1.471778313349992e-136 1 -0.00013204726376340637 0.010563239134871208 4.8117037802379234e-15 1.0158165226701771e-134 1.0359537217652646e-134 0.49999995376985051 
4 -0.18121436522601106 0.16000000169909326 -4.3404910795893269e-12 1 -8.1325568627330741e-129 0 8.1325568627330741e-129 1 0 0 0 1 0.00076496482150361874 0 1.6985684670277523e-19 0 0 5.8241440822571524e-127 
1 -0.062105733613378539 0.048526435375479564 -4.0339668379409649e-17 1 0 0 0 1 0 0 0 1 0 0 0 0 0 0 
2 0.011682440685145618 0.1589524608951888 1.9665402080572878e-17 0.99997900684880969 0.0064796498106217369 -1.41573086802449e-17 -0.0064796498106217369 0.99997900684880969 2.1250362580470505e-17 1.4294706381593518e-17 -2.115818206588714e-17 1 0.0010955580162024536 -0.034914168609094347 5.6817998953657808e-15 2.4087766252922551e-15 -1.0083080204115191e-17 -0.21596936411970291 
3 0.21112471403067293 0.16038028590643552 8.2572857347618547e-18 0.99983800437776094 -0.01799902780420486 5.0927055346040021e-137 0.01799902780420486 0.99983800437776094 -5.0018520642255295e-137 -5.0018520642255286e-137 5.0927055346040031e-137 1 -0.00022817079667301698 0.012674816812096375 -3.3455502264910055e-15 2.9991895219352327e-134 3.0506105804691198e-134 0.59999986253580073 
4 -0.18120409961824102 0.16000000169909326 -4.3404910773099112e-12 1 -3.9688250993639554e-284 0 3.9688250993639554e-284 1 0 0 0 1 0.0013217918548437736 0 2.934965835223067e-19 0 0 2.4930311654802004e-281 
1 -0.062105733613378539 0.048526435375479564 -4.0339668379409649e-17 1 0 0 0 1 0 0 0 1 0 0 0 0 0 0 
2 0.011696451743656733 0.1585742489027247 7.3489082763027875e-17 0.9999611108472255 0.0088191152154182273 6.4713317163269059e-18 -0.0088191152154182273 0.9999611108472255 5.2041704273707476e-18 -6.4251838731194807e-18 -5.2610394615954099e-18 1 0.0017396051063594683 -0.040727583161769831 2.3543331160395451e-15 9.4737247018604476e-16 -4.9873299934333204e-18 -0.25193403508337775 
3 0.21112179594138417 0.16051758740641661 -2.1045935858347289e-17 0.99969989005825155 -0.024497547173540555 2.9999494964397506e-136 0.024497547173540555 0.99969989005825155 -2.9273366149534705e-136 -2.9273366149534705e-136 2.9999494964397506e-136 1 -0.00036231061564096303 0.014785248406005659 -9.5721941977664657e-16 6.1776787633422776e-135 6.1208572367138022e-135 0.69999989637962556 
4 -0.18118719541660117 0.16000000169909326 -4.3404910735564265e-12 1 -2.9002972464448347e-283 0 2.9002972464448347e-283 1 0 0 0 1 0.0020987982013727364 0 4.6602673843149128e-19 0 0 1.0844406632088332e-281 
1 -0.062105733613378539 0.048526435375479564 -4.0339668379409649e-17 1 0 0 0 1 0 0 0 1 0 0 0 0 0 0 
2 0.011717942327644736 0.15813792555162021 1.8937777442163022e-17 0.99993366525351812 0.011518033367946448 -1.8990478676492787e-17 -0.011518033367946448 0.99993366525351812 -2.255140518657199e-17 1.8729471110471196e-17 2.2768642211895249e-17 1 0.0025964790116116262 -0.046535905569665172 -1.4553977862349826e-15 -2.1556869923009328e-15 1.5612511283791264e-17 -0.28787127281197938 
3 0.21111732001731853 0.1606759849500615 1.4565953265766272e-17 0.99948804370524069 -0.031994538444409179 -3.0146778350886285e-137 0.031994538444409179 0.99948804370524069 2.9197193779108289e-137 2.9197193779108294e-137 -3.0146778350886285e-137 1 -0.00054078506843700661 0.016893831409362167 1.1210168590606564e-15 -1.6285008785487905e-134 -1.6790518723018957e-134 0.79999970794877573 
4 -0.18116126779387842 0.16000000169909326 -4.3404910677993367e-12 1 0 0 0 1 0 0 0 1 0.0031325070240068539 0 6.9555628768582549e-19 0 0 0 
1 -0.062105733613378539 0.048526435375479564 -4.0339668379409649e-17 1 0 0 0 1 0 0 0 1 0 0 0 0 0 0 
2 0.011749191836242782 0.15764355475950712 -2.4277751802491376e-18 0.99989376432435262 0.014576009923018185 -1.1333300830132924e-17 -0.014576009923018185 0.99989376432435262 -8.6736173767235536e-18 1.1205670096310334e-17 8.8378902344817982e-18 1 0.0036964638506724063 -0.052336801536270412 -2.4080564195294368e-15 -8.578190648046366e-16 7.589415207398531e-18 -0.32376852920661997 
3 0.2111108113874306 0.16085545533348761 2.1122223119382604e-17 0.99917998723788681 -0.04048892568711121 -1.7145751258801171e-136 0.04048892568711121 0.99917998723788681 1.6465039752960007e-136 1.6465039752960005e-136 -1.7145751258801173e-136 1 -0.0007699084153134732 0.018999718407445451 -5.5916359749250497e-16 -3.3911376066693215e-135 -3.3768984878050247e-135 0.89999985968914498 
4 -0.1811235677661166 0.16000000169909326 -4.3404910594282479e-12 1 0 0 0 1 0 0 0 1 0.0044594014422118739 0 9.9018604772571367e-19 0 0 0 
1 -0.062105733613378539 0.048526435375479564 -4.0339668379409649e-17 1 0 0 0 1 0 0 0 1 0 0 0 0 0 0 
2 0.011792782506125263 0.15709122439871931 -1.9978878788733602e-17 0.99983812187052157 0.017992499949371181 -1.3715157480199372e-17 -0.017992499949371181 0.99983812187052157 1.0408340854538653e-17 1.3900209368459299e-17 -1.0159886001522041e-17 1 0.0050696263417222788 -0.05812693428870893 -2.1139427016261804e-15 1.1375754125578924e-15 -1.214306433183765e-17 -0.35960777928145432 
3 0.21110173203866725 0.16105596665658747 -5.7633302218795426e-18 0.99875026043296211 -0.049979168511395319 8.0109588955344169e-138 0.049979168511395319 0.99875026043296211 -7.6201009726469821e-138 -7.6201009726469821e-138 8.0109588955344181e-138 1 -0.0010559599347723923 0.02110169805864439 -1.131825246328893e-15 3.9455032465898267e-135 4.1398590081711416e-135 0.99999959445446329 
4 -0.18107098152384296 0.16000000169909326 -4.3404910477517566e-12 1 0 0 0 1 0 0 0 1 0.0061156220134785414 0 1.3579408917453284e-18 0 0 0 
1 -0.062105733613378539 0.048526435375479564 -4.0339668379409649e-17 1 0 0 0 1 0 0 0 1 0 0 0 0 0 0 
2 0.011851595544945654 0.15648106307442738 -2.6333429694230823e-17 0.99976307711009482 0.021766709612492992 -7.3319171855125314e-18 -0.021766709612492992 0.99976307711009482 3.4694469491519554e-18 7.4056985307625344e-18 -3.3090332454744912e-18 1 0.0067460213130459317 -0.063902575921790869 1.6615141800703578e-15 3.7568282902980532e-16 -4.7704895589362195e-18 -0.39536896968879964 
3 0.21108948143812215 0.16127747223209782 -1.1461889077930555e-17 0.99817043344251311 -0.060463094538615168 4.2833074229210293e-137 0.060463094538615168 0.99817043344251311 -4.0317016678121964e-137 -4.0317016678121964e-137 4.2833074229210293e-137 1 -0.001405216993652358 0.023198417029418644 4.110025482252344e-16 7.4033119641168284e-136 7.3933019005564396e-136 1.0999998508885824 
4 -0.18100003652477156 0.16000000169909326 -4.3404910319988022e-12 1 0 0 0 1 0 0 0 1 0.0081372905482265181 0 1.8068414395537269e-18 0 0 0 
1 -0.062105733613378539 0.048526435375479564 -4.0339668379409649e-17 1 0 0 0 1 0 0 0 1 0 0 0 0 0 0 
2 0.011928812933213222 0.15581323687365312 1.8304073331109688e-17 0.99966460065947305 0.025897609703142241 -4.8924623021470303e-18 -0.025897609703142241 0.99966460065947305 6.9388939022140709e-18 5.0705221395683907e-18 -6.8098635225869408e-18 1 0.0087552389660731714 -0.069658662498656584 2.881871732444757e-15 7.5735587506259305e-16 -1.0842021724855044e-17 -0.43102470063619247 
3 0.21107339624312324 0.16151991176579822 5.871867390053633e-18 0.99740911961812162 -0.071937807185121119 -7.5538130498680369e-139 0.071937807185121119 0.99740911961812162 7.0286186132509554e-139 7.0286186132509554e-139 -7.5538130498680369e-139 1 -0.0018238821689710069 0.025288036969481148 9.2762156580005365e-16 -3.3983871248239381e-136 -3.6432342545604947e-136 1.1999995348458512 
4 -0.18090689865434861 0.16000000169909326 -4.3404910113180405e-12 1 0 0 0 1 0 0 0 1 0.01055979694691811 0 2.3447458972660571e-18 0 0 0 
1 -0.062105733613378539 0.048526435375479564 -4.0339668379409649e-17 1 0 0 0 1 0 0 0 1 0 0 0 0 0 0 
2 0.012027909239894635 0.15508797167553826 3.1779717491482241e-17 0.99953830561687307 0.030383804971572309 -1.9420771387339401e-17 -0.030383804971572309 0.99953830561687307 9.6252037667480826e-35 1.9411804926273876e-17 5.9007693023041202e-19 1 0.011126885739657559 -0.075389705645771493 -1.418558117996401e-15 2.991178268615946e-16 -4.7704895589362195e-18 -0.46654539584415916 
3 0.21105275161858561 0.16178320325726145 1.0192454112975317e-17 0.99643199924047288 -0.084399472093339201 -3.8147276483708418e-138 0.084399472093339201 0.99643199924047288 3.5052734670613031e-138 3.5052734670613031e-138 -3.8147276483708424e-138 1 -0.0023181606595508069 0.027368565446193181 -4.8093621952313139e-16 -5.6628886837369197e-137 -5.6651321538296599e-137 1.2999998607436043 
4 -0.18078738511887837 0.16000000169909326 -4.3404909847807059e-12 1 0 0 0 1 0 0 0 1 0.013418556625040197 0 2.9795180910498175e-18 0 0 0 
1 -0.062105733613378539 0.048526435375479564 -4.0339668379409649e-17 1 0 0 0 1 0 0 0 1 0 0 0 0 0 0 
2 0.012152655612960793 0.15430554865232451 -1.877803858161407e-17 0.9993794580759745 0.035223554275108232 2.6806898704348643e-17 -0.035223554275108232 0.9993794580759745 9.6236741205700385e-35 -2.6790263899849489e-17 -9.4423425145995292e-19 1 0.013889743252038808 -0.08108861051004515 -2.9254500435279093e-15 -1.4026865606531214e-17 0 -0.50189256404396065 
3 0.21102676059471892 0.16206724463312316 -6.7785273244351277e-18 0.99520184206971907 -0.097843208967398218 1.5704535548767549e-167 0.097843208967398218 0.99520184206971907 2.934259631447952e-167 -1.850015648982648e-167 -2.7665223749844171e-167 1 -0.002894124804970909 0.029437426830033274 -9.8155401704798468e-16 -1.2261667036409406e-164 6.5890256542070327e-165 1.3999995305407502 
4 -0.18063695815892758 0.16000000169909326 -4.3404909513792109e-12 1 0 0 0 1 0 0 0 1 0.016747686389003355 0 3.7187334150205082e-18 0 0 0 
1 -0.062105733613378539 0.048526435375479564 -4.0339668379409649e-17 1 0 0 0 1 0 0 0 1 0 0 0 0 0 0 
2 0.012307105515301868 0.15346633024880646 -3.5249902157864115e-17 0.99918299559980062 0.040414617457163453 -1.2549640120652278e-17 -0.040414617457163453 0.99918299559980062 9.6217822557409797e-35 1.2539387009452786e-17 5.0718890470123229e-19 1 0.017072624475106261 -0.08674775703776233 8.2479207788718117e-16 -1.2197274440461925e-17 0 -0.53702501432654115 
3 0.21099457636440355 0.16237190431581583 -1.2496147163463589e-17 0.99367854697618829 -0.1122628401533257 5.5970796320779921e-167 0.1122628401533257 0.99367854697618829 1.0642414143597994e-166 -6.7564455939615119e-167 -9.9467945664678837e-167 1 -0.0035578520273584313 0.031491854829011012 2.2703194052788009e-16 9.8065412991348165e-166 -4.1385226960538326e-166 1.4999998826403358 
4 -0.18045074750871323 0.16000000169909326 -4.3404909100321397e-12 1 0 0 0 1 0 0 0 1 0.020581352157724241 0 4.5699782175081888e-18 0 0 0 
1 -0.062105733613378539 0.048526435375479564 -4.0339668379409649e-17 1 0 0 0 1 0 0 0 1 0 0 0 0 0 0 
2 0.012495601194724055 0.15257075627838421 5.3882153286773677e-18 0.99894354436983801 0.045954272508935398 2.0816681699866628e-17 -0.045954272508935398 0.99894354436983801 9.619476424270953e-35 -2.0794689799283514e-17 -9.5661546356743951e-19 1 0.020703052129508976 -0.092357723698647642 2.0233764831394842e-15 5.2312754822425589e-18 8.6736173798840355e-19 -0.5718914111839507 
3 0.21095529124104923 0.16269702264081071 9.8508243928384409e-20 0.99181917884283921 -0.12765075980782964 -8.6290211496369599e-168 0.12765075980782964 0.99181917884283921 -1.6720694357990456e-167 1.0692838010162394e-167 1.5482404241675198e-167 1 -0.0043152116749258056 0.033528429164912193 5.1720011828122353e-16 6.8767646207063973e-165 -3.565819653988487e-165 1.5999995269185718 
4 -0.18022354020947226 0.16000000169909326 -4.3404908595819846e-12 1 0 0 0 1 0 0 0 1 0.024951690368411761 0 5.5403882444882097e-18 0 0 0 
1 -0.062105733613378539 0.048526435375479564 -4.0339668379409649e-17 1 0 0 0 1 0 0 0 1 0 0 0 0 0 0 
2 0.012722752113804576 0.1516193716090902 1.6308762205502331e-17 0.99865544734042144 0.051839150237081986 1.6425662866703108e-17 -0.051839150237081986 0.99865544734042144 9.6167021507917411e-35 -1.6403577698010342e-17 -8.5149240509068132e-19 1 0.024808579227190892 -0.097908430524656462 -7.5908710288935078e-16 5.3396956994911093e-18 -1.7347234759768071e-18 -0.60643701707301434 
3 0.21090794013656355 0.16304240180581786 1.2438066303951038e-18 0.98957802916303605 -0.14399765344546914 -3.3580334693409357e-167 0.14399765344546914 0.98957802916303605 -6.6408235551717683e-167 4.2792991513440478e-167 6.0880641459699021e-167 1 -0.0051720780884407401 0.035543490528248678 -6.1254279192531816e-16 -1.0506324390739206e-166 -1.7753514563809368e-167 1.6999999054761719 
4 -0.17994981454231873 0.16000000169909326 -4.3404907988026773e-12 1 0 0 0 1 0 0 0 1 0.029890884265725726 0 6.6371096061786763e-18 0 0 0 
1 -0.062105733613378539 0.048526435375479564 -4.0339668379409649e-17 1 0 0 0 1 0 0 0 1 0 0 0 0 0 0 
2 0.012993443600873386 0.15061282429529815 -1.4408357809232402e-17 0.99831279053601496 0.058065241342775888 -2.9273458633843817e-18 -0.058065241342775888 0.99831279053601496 9.6134024857904687e-35 2.922406817739322e-18 1.6997704405119068e-19 1 0.029414862798425211 -0.10338782570235049 -1.4082741391127695e-15 -1.3823577699190182e-17 0 -0.6405957277536074 
3 0.21085149916588064 0.16340780654902834 -1.3796999400468665e-17 0.98690667290794065 -0.16129234008401966 3.028951587964905e-168 0.16129234008401966 0.98690667290794065 6.1224833390715007e-168 -3.976802198961933e-168 -5.5537729724732871e-168 1 -0.0061340192771044766 0.037532663774671599 -1.0124866878466787e-15 -2.4132187220747656e-165 1.2007408884699308e-165 1.7999995242346736 
4 -0.17962372642362295 0.16000000169909326 -4.3404907263965695e-12 1 0 0 0 1 0 0 0 1 0.035428139311250391 0 7.8666272052068373e-18 0 0 0 
1 -0.062105733613378539 0.048526435375479564 -4.0339668379409649e-17 1 0 0 0 1 0 0 0 1 0 0 0 0 0 0 
2 0.013312806691204779 0.14955189398994692 -2.0832193039155442e-17 0.99790944347339228 0.064627723359441017 -1.257674515445116e-17 -0.064627723359441017 0.99790944347339228 9.6095183948610425e-35 1.2550452757785039e-17 8.1280640660405971e-19 1 0.034547582975297926 -0.10878306559018529 7.9286880539825527e-16 2.1141942363467336e-18 0 -0.67429733854650298 
3 0.21078489051867072 0.16379295383468412 -2.2032099783545552e-17 0.98375405598082977 -0.1795214676334464 1.1735006875878464e-167 0.1795214676334464 0.98375405598082977 2.4282800970704771e-167 -1.5903644679620162e-167 -2.1781618288459766e-167 1 -0.007206607285895875 0.039491286304147895 -3.9309839968843417e-16 1.5488042344384117e-167 2.0971397013696228e-167 1.899999929264296 
4 -0.17923915677961155 0.16000000169909326 -4.3404906410049547e-12 1 0 0 0 1 0 0 0 1 0.041592694885625933 0 9.2354334831484604e-18 0 0 0 
1 -0.062105733613378539 0.048526435375479564 -4.0339668379409649e-17 1 0 0 0 1 0 0 0 1 0 0 0 0 0 0 
2 0.0136862287965387 0.14843749237260914 3.8407086087005157e-18 0.99743909720708346 0.071520957507001603 -1.8106176261318491e-17 -0.071520957507001603 0.99743909720708346 9.6049891250684681e-35 1.8059808103961842e-17 1.294971063000041e-18 1 0.040229764559803635 -0.11407919797842397 1.3486325500226288e-15 -8.1857264022655585e-18 0 -0.70745905687446387 
3 0.21070698073377059 0.16419751269767746 -1.9496650094901056e-17 0.98006657808552355 -0.19866932958998088 -4.6986669510011763e-169 0.19866932958998088 0.98006657808552355 -9.9697341188578526e-169 6.5856868338151123e-169 8.837522189169504e-169 1 -0.0083949839202546728 0.041413930047583154 2.1066835120368063e-16 3.7486905872151496e-166 -1.778916207871989e-166 1.9999995227973519 
4 -0.17878969480238704 0.16000000169909326 -4.340490541204348e-12 1 0 0 0 1 0 0 0 1 0.048409629490454832 0 1.0749097024040827e-17 0 0 0 
1 -0.062105733613378539 0.048526435375479564 -4.0339668379409649e-17 1 0 0 0 1 0 0 0 1 0 0 0 0 0 0 
2 0.014119313531201204 0.1472706918210521 1.252449431351878e-17 0.99689531981107105 0.078738309219734015 1.2793585576341829e-17 -0.078738309219734015 0.99689531981107105 9.5997527392181599e-35 -1.2753865584657593e-17 -1.0073452971391319e-18 1 0.046484438449762022 -0.11926034079795562 -9.4408575920400355e-17 -2.4828229749918052e-17 0 -0.73999327162810902 
3 0.21061658720691515 0.16462109383497472 -1.3508230708977317e-17 0.97578821369828717 -0.21871753932299479 -1.7647169874710261e-168 0.21871753932299479 0.97578821369828717 -3.8461557094244565e-168 2.56321174950578e-168 3.367058852203608e-168 1 -0.0097042927296554747 0.043294829371005372 1.005749840731735e-15 -8.0849455758264322e-168 -1.1790618754015563e-168 2.0999999539761296 
4 -0.17826870091442465 0.16000000169909326 -4.3404904255204663e-12 1 0 0 0 1 0 0 0 1 0.055904025283040039 0 1.2413187201818722e-17 0 0 0 
1 -0.062105733613378539 0.048526435375479564 -4.0339668379409649e-17 1 0 0 0 1 0 0 0 1 0 0 0 0 0 0 
2 0.0146178930690579 0.14605272828150273 8.7578908989410613e-19 0.99627160885893618 0.086272135603721462 -1.9515639078246853e-17 -0.086272135603721462 0.99627160885893618 9.5937466212213668e-35 1.944287714239532e-17 1.6836558609517983e-18 1 0.053331060208212988 -0.12430841484827736 -2.9935190359631163e-16 -9.7578195523695399e-18 3.4694469519536142e-18 -0.77179858000096069 
3 0.21051247618336333 0.1650632485636303 -7.2880887678691192e-19 0.97086062755138203 -0.2396448244184228 -9.1297410187425298e-184 0.2396448244184228 0.97086062755138203 -5.6424336287994427e-184 1.0215886111104213e-183 3.2901214703510219e-184 1 -0.011139095542152071 0.045127421020488397 1.22459856874063e-15 2.0026452301275129e-181 -3.2628368605346331e-181 2.1999995229686058 
4 -0.17766928744582167 0.16000000169909326 -4.34049029242394e-12 1 0 0 0 1 0 0 0 1 0.064095380727880208 0 1.4232033501273247e-17 0 0 0 
1 -0.062105733613378539 0.048526435375479564 -4.0339668379409649e-17 1 0 0 0 1 0 0 0 1 0 0 0 0 0 0 
2 0.01518797665903295 0.14478502958966122 1.8930066057865595e-18 0.99556146471294071 0.0941136014539036 -2.0816681596154681e-17 -0.0941136014539036 0.99556146471294071 9.586908181843346e-35 2.0724286020330672e-17 1.9591328753333116e-18 1 0.060789060497915257 -0.12920426590731401 8.3691096521428455e-16 -2.3635607360183997e-17 0 -0.80276800917924274 
3 0.21039337113236031 0.1655234585394689 8.0347517206657218e-18 0.96522333625404844 -0.26142668408294539 -3.280088045782705e-183 0.26142668408294539 0.96522333625404844 -2.0785404027601713e-183 3.709403451983426e-183 1.1487531607819252e-183 1 -0.012703951853999746 0.046904751479289686 2.6130270263754257e-16 -1.6599421906893738e-182 1.7852124262633731e-182 2.2999999795264419 
4 -0.17698439905664942 0.16000000169909326 -4.3404901403481673e-12 1 0 0 0 1 0 0 0 1 0.073003141996226928 0 1.6209953839253548e-17 0 0 0 
1 -0.062105733613378539 0.048526435375479564 -4.0339668379409649e-17 1 0 0 0 1 0 0 0 1 0 0 0 0 0 0 
2 0.015835764107755987 0.14346922093610662 1.6534811578270642e-17 0.99475846005895485 0.10225265835730979 2.8189256437463716e-18 -0.10225265835730979 0.99475846005895485 9.5791755283003786e-35 -2.8041501323938388e-18 -2.8824264078465742e-19 1 0.068873215173387584 -0.13392652010437711 5.1238426977857244e-16 8.8904578143811364e-18 -3.4694469519536142e-18 -0.83277964299829921 
3 0.21025795054054219 0.16600113377299058 3.93083815244598e-18 0.95881386347995434 -0.28403516542612006 -1.8088386212224151e-198 0.28403516542612006 0.95881386347995434 -6.7847041998549369e-198 3.6614341265991062e-198 5.9914946694235211e-198 1 -0.014402659290168743 0.048619061436316807 -1.7045324044352156e-16 2.2161446860684741e-195 -6.0075452109949899e-196 2.3999995251649464 
4 -0.1762067917814332 0.16000000169909326 -4.3404899676846665e-12 1 0 0 0 1 0 0 0 1 0.08263952092522163 0 1.8349659787708768e-17 0 0 0 
1 -0.062105733613378539 0.048526435375479564 -4.0339668379409649e-17 1 0 0 0 1 0 0 0 1 0 0 0 0 0 0 
2 0.016567581909396584 0.14210715206898944 1.3568027493695274e-17 0.99385633345720159 0.11067785888337267 1.3660947285263195e-17 -0.11067785888337267 0.99385633345720159 9.570488365120653e-35 -1.357701898048379e-17 -1.5119643958515528e-18 1 0.07759822383253473 -0.13845257312224191 -1.503668436886261e-15 2.2551405187698492e-17 3.4694469519536142e-18 -0.86170518968793208 
3 0.21010485836268983 0.16649560275403522 2.6086226157968826e-18 0.95156794965593483 -0.30743850960411623 -5.3624840917404756e-198 0.30743850960411623 0.95156794965593483 -2.1021038227707414e-197 1.1565444655297573e-197 1.8354312129038095e-197 1 -0.016239006635178192 0.050262144894079826 9.9048184769541617e-17 -4.1642853183687613e-196 7.5276597333703921e-197 2.5000000057572618 
4 -0.17532913231828209 0.16000000169909326 -4.3404897728051187e-12 1 0 0 0 1 0 0 0 1 0.093016582453206043 0 2.0653830284136846e-17 0 0 0 
1 -0.062105733613378539 0.048526435375479564 -4.0339668379409649e-17 1 0 0 0 1 0 0 0 1 0 0 0 0 0 0 
2 0.017389897044094424 0.14070090549925185 -1.1451196224043261e-17 0.99284907825254409 0.11937632852904151 -2.4286128615570977e-17 -0.11937632852904151 0.99284907825254409 9.5607888503192063e-35 2.411246041029238e-17 2.899188868310957e-18 1 0.086972905254870031 -0.1427576658973089 -1.7034053412822937e-15 2.1684043449710089e-19 3.4694469519536142e-18 -0.88940038093245732 
3 0.2099327017348753 0.16700610947305838 6.1211698117065658e-18 0.94341975422700863 -0.33160091576208078 5.8582390128614187e-199 0.33160091576208078 0.94341975422700863 2.6001090489978327e-198 -1.4148763827006336e-198 -2.2587344978271569e-198 1 -0.018215812052487384 0.051825013622072688 -7.2487633310212143e-17 -8.280434550887476e-196 1.901160759154227e-196 2.5999995298576963 
4 -0.17434397680534339 0.16000000169909326 -4.3404895540566524e-12 1 0 0 0 1 0 0 0 1 0.10413731478470857 0 2.3123128891554222e-17 0 0 0 
1 -0.062105733613378539 0.048526435375479564 -4.0339668379409649e-17 1 0 0 0 1 0 0 0 1 0 0 0 0 0 0 
2 0.01830923998012049 0.13925282164888197 -2.0835639467523436e-17 0.99173105818932572 0.12833358181972604 -6.0715321221946753e-18 -0.12833358181972604 0.99173105818932572 9.5500227087283154e-35 6.0213269763746077e-18 7.7918146437476519e-19 1 0.097005920483338379 -0.14681563944305262 3.7669926377882771e-16 2.7105054312137611e-17 0 -0.9157136812108263 
3 0.20974006367833228 0.1675318042916141 3.9406430110293727e-18 0.93430212087582365 -0.35648218318302788 1.7242387227233577e-198 0.35648218318302788 0.93430212087582365 8.1553034920062196e-198 -4.5181802888872021e-198 -7.0048569647622836e-198 1 -0.020335874966276129 0.053298171178723187 -4.2117308408709854e-16 1.5427695810036451e-196 -2.1116275933391505e-197 2.7000000324202675 
4 -0.17324388969814006 0.16000000169909326 -4.3404893097882457e-12 1 0 0 0 1 0 0 0 1 0.1160044057948986 0 2.5758152448581724e-17 0 0 0 
1 -0.062105733613378539 0.048526435375479564 -4.0339668379409649e-17 1 0 0 0 1 0 0 0 1 0 0 0 0 0 0 
2 0.019332217717452239 0.13776550991200184 -4.3363635825099754e-18 0.99049711740712665 0.13753348831529255 -1.4745149512769695e-17 -0.13753348831529255 0.99049711740712665 9.5381402912181274e-35 1.4605028088135482e-17 2.0279518482217527e-18 1 0.1076987063381951 -0.15059835714069578 1.1259803500558984e-15 -1.4554329963445412e-15 9.7144514654701197e-17 -0.94047678164105075 
3 0.2095255008891232 0.16807173992687122 -1.0256506438225308e-18 0.92414683427200739 -0.38203747028927271 -8.2408266139371177e-200 0.38203747028927271 0.92414683427200739 -4.1810054217887751e-199 2.3588741173113666e-199 3.5490324693520906e-199 1 -0.022600788458800765 0.054671403186802484 -1.4939653550910635e-16 1.2854177914689717e-196 -2.5943864859458619e-197 2.7999995375726687 
4 -0.17202142408583287 0.16000000169909326 -4.3404890383463516e-12 1 0 0 0 1 0 0 0 1 0.12860950224718368 0 2.8557046121977888e-17 0 0 0 
1 -0.062105733613378539 0.048526435375479564 -4.0339668379409649e-17 1 0 0 0 1 0 0 0 1 0 0 0 0 0 0 
2 0.020465423391459514 0.13624187063972204 6.4381491949416502e-18 0.9891427187682259 0.14695809575454585 1.2576745104062743e-17 -0.14695809575454585 0.9891427187682259 -1.3877787701034752e-17 -1.447964909931752e-17 1.1878858145806393e-17 1 0.11905241556485417 -0.15407609452624918 6.7962814851970586e-16 -2.3418766925686896e-17 6.9388939039072284e-18 -0.96351307920174967 
3 0.20928755882564773 0.16862486347049813 1.5577105594103877e-18 0.91288494801790188 -0.40821694193449715 -2.3435069402225358e-199 0.40821694193449715 0.91288494801790188 -1.2852512999996565e-198 7.3859657643366089e-199 1.077620642536136e-198 1 -0.025012112183667331 0.05593391883699432 8.2061528173032712e-16 -2.6933027243206829e-197 2.9853511183136445e-198 2.9000000591583088 
4 -0.17066925990563045 0.16000000169909326 -4.3404887381055902e-12 1 0 0 0 1 0 0 0 1 0.14194370753551805 0 3.1517834477476274e-17 0 0 0 
1 -0.062105733613378539 0.048526435375479564 -4.0339668379409649e-17 1 0 0 0 1 0 0 0 1 0 0 0 0 0 0 
2 0.021715447227036614 0.13468510911913703 9.3408266356399663e-18 0.98766407563483505 0.15658759114433951 1.5178830378510579e-17 -0.15658759114433951 0.98766407563483505 -2.7755575549276485e-17 -1.9337764191095537e-17 2.5036368383229494e-17 1 0.1310595667576829 -0.1572174667251317 9.2968345370583338e-16 2.4242760576775879e-16 -2.976785484776201e-15 -0.98462883523764 
3 0.20902476976970738 0.16919001131389783 1.4185990466711895e-17 0.90044710299849506 -0.43496553277428507 1.4176535057970406e-228 0.43496553277428507 0.90044710299849506 -3.1542037810061159e-228 9.5447935733384098e-230 3.4568240693121993e-228 1 -0.027569940411855454 0.057074324544636852 1.0898851946204709e-15 8.3338022739763678e-226 3.6887480013307962e-226 2.999999548890135 
4 -0.16918018805671142 0.16000000169909326 -4.3404884074652199e-12 1 0 0 0 1 0 0 0 1 0.15598511309145188 0 3.4635652827321329e-17 0 0 0 
1 -0.062105733613378539 0.048526435375479564 -4.0339668379409649e-17 1 0 0 0 1 0 0 0 1 0 0 0 0 0 0 
2 0.023088773109149956 0.13309875311614566 1.9607384831248054e-17 0.98605831171755742 0.16640013789874172 8.6736173125966568e-19 -0.16640013789874172 0.98605831171755742 9.4953961472438374e-35 -8.5526924437432365e-19 -1.4432911168969982e-19 1 0.14371220152414846 -0.15998928979605762 1.1685984073920134e-15 -1.7698516263653374e-15 -1.0193235144839718e-14 -1.0036207786052607 
3 0.20873567036651552 0.16976590277967468 2.3059565275696108e-17 0.88676392459336928 -0.46222261091357836 3.3521216843017603e-228 0.46222261091357836 0.88676392459336928 -7.1640700850003082e-228 3.3885459897073942e-229 7.9022653416548073e-228 1 -0.0302743125033774 0.058080573613685148 4.5705603025479665e-16 -3.1703276329256153e-226 -1.6187744540933648e-226 3.1000000854848762 
4 -0.16754726638088055 0.16000000169909326 -4.3404880448837711e-12 1 0 0 0 1 0 0 0 1 0.17071088847992988 0 3.7905431781411507e-17 0 0 0 
1 -0.062105733613378539 0.048526435375479564 -4.0339668379409649e-17 1 0 0 0 1 0 0 0 1 0 0 0 0 0 0 
2 0.024591785860820402 0.13148666975017234 2.8155744821549211e-17 0.98432361380579037 0.17637183251389443 -1.6566609156745723e-16 -0.17637183251389443 0.98432361380579037 4.1633363325853129e-17 1.7041199852025795e-16 -1.1761870488626147e-17 1 0.15699233002918447 -0.16235720707640025 -2.9881443290576521e-16 -1.7225804116449694e-15 -5.5719318048375044e-15 -1.0202688919334892 
3 0.2084188001886603 0.17035113399564025 2.142620376810768e-17 0.87176640904883951 -0.48992175707360802 -8.5834343168144831e-229 0.48992175707360802 0.87176640904883951 1.7616084115673468e-228 -1.1477531710312801e-229 -1.9562321613242619e-228 1 -0.033123526265053917 0.058940193617544705 -5.1599678233628542e-16 -4.7790366351262389e-226 -2.2937075033688468e-226 3.1999995644435701 
4 -0.16576381026001583 0.16000000169909326 -4.3404876488769618e-12 1 0 0 0 1 0 0 0 1 0.18608338976187894 0 4.1318812746333722e-17 0 0 0 
1 -0.062105733613378539 0.048526435375479564 -4.0339668379409649e-17 1 0 0 0 1 0 0 0 1 0 0 0 0 0 0 
2 0.026230655973072486 0.12985307715928174 1.0097593000953489e-17 0.98245940919570307 0.18647656496951612 -1.6219664383979159e-16 -0.18647656496951612 0.98245940919570307 2.7755575416434922e-17 1.6452738324277665e-16 2.9771467673109278e-18 1 0.17088119483810443 -0.1642848232827733 -3.7380707342620122e-15 1.6852838569114681e-15 1.4557799410397365e-14 -1.0343420599136233 
3 0.20807272171903382 0.17094417366005116 7.637799237819612e-18 0.85538639536958894 -0.51799045803626653 -2.2346806170629266e-228 0.51799045803626653 0.85538639536958894 4.4031373586218409e-228 -3.692677393573785e-229 -4.9239270299059015e-228 1 -0.036115793532674363 0.059639972053437754 -2.3945773180372616e-15 1.6891330676152725e-226 9.4863411338734884e-227 3.3000001107629027 
4 -0.16382356306258603 0.16000000169909326 -4.3404872180555391e-12 1 0 0 0 1 0 0 0 1 0.20206347079335091 0 4.4867103532195159e-17 0 0 0 
1 -0.062105733613378539 0.048526435375479564 -4.0339668379409649e-17 1 0 0 0 1 0 0 0 1 0 0 0 0 0 0 
2 0.028011341402233218 0.12820256412982195 -3.7193144393919782e-17 0.98046653639504688 0.19668597054569059 2.6020852088128026e-18 -0.19668597054569059 0.98046653639504688 9.4415493095642941e-35 -2.551257472089471e-18 -5.1179365473793219e-19 1 0.18534873721708964 -0.16573526034615346 -3.4732613176445545e-15 3.6038880213418167e-15 1.4578616092109087e-14 -1.0455940469216969 
3 0.20769601968190138 0.17154335591550135 -2.1002682142666117e-17 0.83755702494890483 -0.54634991530953825 3.2851927998731999e-229 0.54634991530953825 0.83755702494890483 -6.21292970826433e-229 6.4289731208897037e-230 6.9985477306567667e-229 1 -0.039247300571224372 0.06016652115393771 -2.2423862175378062e-15 1.6586381655322745e-226 8.6351823419464384e-227 3.3999995849186817 
4 -0.16172069627198454 0.16000000169909326 -4.3404867511253133e-12 1 0 0 0 1 0 0 0 1 0.21859579222238204 0 4.8538016310527795e-17 0 0 0 
1 -0.062105733613378539 0.048526435375479564 -4.0339668379409649e-17 1 0 0 0 1 0 0 0 1 0 0 0 0 0 0 
2 0.029939462691054946 0.12654009431503252 -5.2782594479872345e-17 0.97834743228227294 0.2069693256177913 2.3418766792564954e-17 -0.2069693256177913 0.97834743228227294 9.4211430792339657e-35 -2.2911690358723283e-17 -4.8469663698574941e-18 1 0.20036369928657705 -0.16666932892783121 1.4797461407673606e-15 -4.3801767768414379e-16 -7.1262440393127235e-15 -1.0537654553184115 
3 0.20728732336307196 0.17214687881744994 -3.14658051266051e-17 0.81821329187112068 -0.57491478412493824 8.6400812849996441e-229 0.57491478412493824 0.81821329187112068 -1.5679433005922702e-228 1.9449084915678602e-229 1.7796430961236205e-228 1 -0.042514103275600512 0.060505614096270165 8.3258818006256625e-16 -6.0754132835167303e-227 -3.7055382182890527e-227 3.5000001341811742 
4 -0.15944998890649331 0.16000000169909326 -4.3404862469269942e-12 1 0 0 0 1 0 0 0 1 0.23562263727966998 0 5.2318735395560969e-17 0 0 0 
1 -0.062105733613378539 0.048526435375479564 -4.0339668379409649e-17 1 0 0 0 1 0 0 0 1 0 0 0 0 0 0 
2 0.032020297329037536 0.12487102832273714 -1.6708158419988856e-17 0.97610631491741329 0.21729349271974915 7.8062556329825345e-18 -0.21729349271974915 0.97610631491741329 2.77555755839379e-17 -1.5886294581330236e-18 -2.8788641153203346e-17 1 0.21588253721726472 -0.16704828074303515 2.4010127318806214e-15 -9.2027080400569616e-16 -8.6528006981723138e-15 -1.0585853368588041 
3 0.20684530699786818 0.17275279631577237 -1.0196204844498042e-17 0.79729257926870345 -0.6035930276627276 -5.5651485672364599e-230 0.6035930276627276 0.79729257926870345 9.6883529346050254e-230 -1.4107706256778323e-230 -1.1083536773187898e-229 1 -0.045909953046787161 0.060643184172535843 1.357294521148598e-15 -2.5190205885550265e-227 -1.423773558470807e-227 3.5999996110514596 
4 -0.1570068404558991 0.16000000169909326 -4.3404857044390613e-12 1 0 0 0 1 0 0 0 1 0.25306948374794797 0 5.6192713540758798e-17 0 0 0 
1 -0.062105733613378539 0.048526435375479564 -4.0339668379409649e-17 1 0 0 0 1 0 0 0 1 0 0 0 0 0 0 
2 0.034258648755446354 0.1232011188223381 6.1854493308615591e-19 0.97374936729195483 0.22762286725748299 1.6479872972855324e-17 -0.22762286725748299 0.97374936729195483 1.387778776661501e-17 -1.288836403774193e-17 -1.7264682995273824e-17 1 0.23185987772385871 -0.1668307466689653 9.9999689862689298e-17 -1.1362438767648086e-16 4.100886297209172e-15 -1.0597667737243326 
3 0.20636871420904404 0.17335902003105827 -1.64970904188639e-18 0.77473528944514658 -0.63228571966188263 -1.439458691033568e-229 0.63228571966188263 0.77473528944514658 2.4033119196923057e-229 -4.0438036107240688e-230 -2.7720797301135005e-229 1 -0.049428408244422933 0.060564213237550103 -2.8093414604414394e-16 9.9802375041519521e-228 6.5817550371817949e-228 3.7000001547299797 
4 -0.15438745110674651 0.16000000169909326 -4.3404851228177879e-12 1 0 0 0 1 0 0 0 1 0.27085813669445213 0 6.0142587982395634e-17 0 0 0 
1 -0.062105733613378539 0.048526435375479564 -4.0339668379409649e-17 1 0 0 0 1 0 0 0 1 0 0 0 0 0 0 
2 0.036658831283582861 0.12153653459895654 -1.0252698022649459e-17 0.97128492266520028 0.2379193119594453 -7.8062556447151256e-18 -0.2379193119594453 0.97128492266520028 9.3531335854637525e-35 7.5820984101819142e-18 1.8572589719701586e-18 1 0.24823756843878839 -0.16597698579416642 -1.1620297101975344e-16 -8.0144224590128488e-16 3.2612801348363973e-15 -1.0570177899324849 
3 0.20585635975592526 0.17396331052228758 -1.1290656016315714e-17 0.75048545799039168 -0.66088696260779123 -3.8590472188047764e-259 0.66088696260779123 0.75048545799039168 -4.4874483929198036e-259 5.8618549576672332e-259 8.1737076737273269e-260 1 -0.053060466045183094 0.060254274232255919 -3.2131788344622219e-17 1.0614666257365593e-256 -9.4039591310949594e-257 3.7999996436262653 
4 -0.15158885077287274 0.16000000169909326 -4.3404845014036826e-12 1 0 0 0 1 0 0 0 1 0.28889420124013337 0 6.4147398795074752e-17 0 0 0 
1 -0.062105733613378539 0.048526435375479564 -4.0339668379409649e-17 1 0 0 0 1 0 0 0 1 0 0 0 0 0 0 
2 0.039224537935697863 0.11988384483846867 -1.5245099331042121e-17 0.96872362496926945 0.24814217381654069 -5.2041704347018954e-18 -0.24814217381654069 0.96872362496926945 4.1633363477615164e-17 1.5372396165091919e-17 -3.9039848623119857e-17 1 0.26495472478193688 -0.16444428792032828 -7.747145698544588e-16 6.4878658001532585e-16 -1.6237011735142914e-15 -1.0500265582286719 
3 0.20530715574002315 0.17456328299180079 -9.3860762898933748e-18 0.72449146209783954 -0.68928377417964426 -8.469900014075941e-259 0.68928377417964426 0.72449146209783954 -9.9558546987955489e-259 1.2998779346990332e-258 1.3747670785375464e-259 1 -0.056796843357921879 0.05969786216366188 6.4221558479004922e-16 -5.7834913198954643e-257 4.3817214393956567e-257 3.9000001711742631 
