1 -5.1150018616868827e-08 -0.011073908864273972 6.608063559905836e-07 1 0 2.2204460492503131e-16 0 1 0 -2.2204460492503131e-16 0 1 3.4741257435772736e-22 4.6198480632508862e-29 -2.3099240316229602e-23 0 8.7266462599716483 1.7453292519943296e-05 
1 -5.115001861686078e-08 -0.011073908864273972 6.6080635599051679e-07 0.99619469777588765 -1.7465606280116475e-07 0.087155746357756581 1.7424043857089325e-07 0.99999999999998479 1.2376255195673334e-08 -0.087155746357757413 2.8568956650979845e-09 0.99619469777590275 1.2151508221923092e-17 5.0079246011295631e-25 -3.8291216946912898e-17 -9.5123716360963451e-07 8.7266560803459949 1.751509742299343e-05 
1 -5.1150018616806782e-08 -0.011073908864273972 6.6080635599056296e-07 0.98480774209337707 -3.5004585090264163e-07 0.17364823959033415 3.4672833022404033e-07 0.99999999999993872 4.9439642550537504e-08 -0.17364823959034081 1.1520221409402159e-08 0.98480774209343802 -4.5997291054175882e-18 4.5231805629910115e-25 3.1331971154425666e-17 -1.890364171295838e-06 8.7266438232256398 1.7700193432729896e-05 
1 -5.1150018616904978e-08 -0.011073908864273972 6.6080635599067286e-07 0.96592583391599163 -5.2687884450370488e-07 0.25881901663791751 5.1572425288187002e-07 0.99999999999986089 1.1099441548454159e-07 -0.25881901663793994 2.6266870650286408e-08 0.96592583391612896 -1.913268779267937e-18 3.9887729589074892e-25 -1.8828443380364226e-18 -2.8052841960246223e-06 8.7266441695789467 1.800714213318122e-05 
1 -5.11500186169102e-08 -0.011073908864273972 6.6080635599027084e-07 0.93969264258229857 -7.0581342261580679e-07 0.34202008343984452 6.7951214482522791e-07 0.99999999999974976 1.9671610772494246e-07 -0.34202008343989782 4.7554121364956843e-08 0.93969264258254315 9.0753216791412806e-18 3.4077450999794124e-25 -5.3117441285545616e-17 -3.6840058896794834e-06 8.7266517053921877 1.8433739196116021e-05 
1 -5.1150018616818118e-08 -0.011073908864273972 6.6080635598999089e-07 0.90630778260142153 -8.8743424068684618e-07 0.42261827125114582 8.3641306125863928e-07 0.99999999999960332 3.0615470887064511e-07 -0.4226182712512499 7.6013046671466829e-08 0.90630778260180422 1.0035314892259918e-17 2.7834599114092363e-25 5.8876366270712547e-18 -4.5146391609600921e-06 8.7266570357886337 1.8976898487909679e-05 
1 -5.115001861675553e-08 -0.011073908864273972 6.6080635599040096e-07 0.86602535049184082 -1.072228284237187e-06 0.50000009230432607 9.8479688821058956e-07 0.9999999999994188 4.3873834692653303e-07 -0.50000009230450593 1.1244000433504635e-07 0.86602535049239349 1.7114550422516323e-18 2.1195741369723432e-25 5.936424895573886e-17 -5.2854013202437286e-06 8.726652661443417 1.9632609192299536e-05 
1 -5.1150018616799993e-08 -0.011073908864273972 6.608063559910374e-07 0.81915197967338504 -1.2605613782491464e-06 0.57357652863029984 1.123093434401169e-06 0.99999999999919309 5.9377807685668131e-07 -0.5735765286305855 1.5778554628749799e-07 0.81915197967413977 -1.3295260702778201e-17 1.4199933448488306e-25 9.9926679390587679e-17 -5.9847134485694646e-06 8.7266406604284743 2.0395910276453939e-05 
1 -5.1150018616948528e-08 -0.011073908864273972 6.608063559918983e-07 0.76604442312904042 -1.4526556332703636e-06 0.64278763350797707 1.2498028955541869e-06 0.9999999999989222 7.7047390040188172e-07 -0.6427876335084034 2.13140611015352e-07 0.76604442313003029 -1.0679201976572218e-17 6.8883612949064392e-26 4.9916416403235852e-17 -6.601255820841274e-06 8.7266393352051495 2.1260863381634388e-05 
1 -5.1150018617090346e-08 -0.011073908864273972 6.6080635599227407e-07 0.70710683953479669 -1.6485686720759806e-06 0.70710672283637166 1.3635064322832876e-06 0.9999999999986019 9.6792170962692631e-07 -0.70710672283697873 2.7972050388673549e-07 0.70710683953605602 -1.6998271914443417e-17 -6.9560380328547264e-27 2.7286243849047086e-17 -7.1239648238077491e-06 8.7266311643118168 2.2220691556905783e-05 
1 -5.1150018617201678e-08 -0.011073908864273972 6.6080635599237116e-07 0.64278775647717401 -1.8481744577305e-06 0.76604431994475719 1.4628761229599064e-06 0.99999999999822786 1.185121504081212e-06 -0.76604431994558997 3.5884635201502855e-07 0.64278775647873854 -2.2751700303551527e-18 -8.5074205870172766e-26 -2.353504148655973e-19 -7.5421986776223953e-06 8.7266427580766504 2.3267567459408543e-05 
1 -5.1150018617235639e-08 -0.011073908864273972 6.6080635599205501e-07 0.57357664925687468 -2.0511450106121589e-06 0.81915189520811638 1.5466838958779324e-06 0.99999999999779432 1.4209858403058089e-06 -0.81915189520922427 4.519247476722108e-07 0.57357664925878205 -3.2798871909029148e-19 -1.6500757379304786e-25 -4.0584043198012507e-17 -7.8455707695303774e-06 8.7266415298299336 2.4392783264535723e-05 
1 -5.115001861722253e-08 -0.011073908864273972 6.6080635599176913e-07 0.50000024698510326 -2.2569348183807305e-06 0.86602526118453493 1.6138100119692853e-06 0.99999999999729616 1.6743500204828054e-06 -0.86602526118597223 5.6042481333700251e-07 0.50000024698739365 5.7023983347817876e-18 -2.4629063267774229e-25 -3.9437422331589156e-17 -8.0243234394278368e-06 8.726647185896903 2.5586611989930109e-05 
1 -5.1150018617156203e-08 -0.011073908864273972 6.6080635599144429e-07 0.42261849945038765 -2.4647655881057175e-06 0.90630767618741248 1.6632501312120118e-06 0.99999999999672728 1.9439814532364657e-06 -0.9063076761892378 6.8585383661098806e-07 0.42261849945310404 5.9173157781647399e-18 -3.2844985272305724e-25 -2.1614415002840289e-17 -8.0691325112136719e-06 8.7266485047594067 2.6838366579091358e-05 
1 -5.1150018617116234e-08 -0.011073908864273972 6.6080635599138458e-07 0.34202037467560303 -2.6736154265073884e-06 0.93969253657758289 1.6941223053723933e-06 0.99999999999608169 2.2285917992860944e-06 -0.93969253657985929 8.2973028421724111e-07 0.34202037467879232 4.467041146330934e-18 -4.1101327268486446e-25 8.8892793334920435e-18 -7.971358102798505e-06 8.7266498314263448 2.8136264247088345e-05 
1 -5.115001861708891e-08 -0.011073908864273972 6.6080635599163477e-07 0.25881924692139158 -2.8822071495498846e-06 0.96592577220754217 1.7056714777624036e-06 0.99999999999535283 2.5268468989999166e-06 -0.96592577221033626 9.9355542780521863e-07 0.25881924692510488 8.2614181557507233e-19 -4.9351149533312165e-25 3.9615559078491975e-17 -7.7230427567987056e-06 8.7266493407452081 2.9467636908248229e-05 
1 -5.1150018617098135e-08 -0.011073908864273972 6.608063559921089e-07 0.17364835518065658 -3.0890035272931596e-06 0.98480772170688757 1.6972754162350699e-06 0.99999999999453426 2.8373807204876522e-06 -0.98480772171026953 1.1787834406375775e-06 0.17364835518495034 -2.2972607430445579e-18 -5.7548299852012996e-25 4.9688575909120215e-17 -7.3170304628658347e-06 8.7266471331483277 3.0818835081341644e-05 
1 -5.1150018617120105e-08 -0.011073908864273972 6.6080635599246783e-07 0.087155927625217525 -3.2922022333857028e-06 0.99619468191159766 1.6684477647151017e-06 0.9999999999936191 3.1588073876266442e-06 -0.99619468191564042 1.3867900021984886e-06 0.087155927630154256 -9.5247604458701723e-19 -6.5647785549530406e-25 1.1326853899481952e-17 -6.7470399160778045e-06 8.7266421667501444 3.217527812316455e-05 
1 -5.1150018617208401e-08 -0.011073908864273972 6.6080635599308743e-07 6.123233995736766e-17 0 1 1.6188381683310427e-06 0.99999999999868971 -9.9125249059208779e-23 -0.99999999999868971 1.6188381683310427e-06 6.1232339957287431e-17 -1.1850392951869493e-17 -7.3606498879717652e-25 7.2802484283298091e-17 -6.0082112091328967e-06 8.7266426484811106 3.3520814594875336e-05 
1 -5.1150018617336297e-08 -0.011073908864273972 6.6080635599378751e-07 -0.087155499083182625 -3.6792568145771241e-06 0.99619471940280047 1.548237520154484e-06 0.99999999999147171 3.8287637487183778e-06 -0.99619471940839166 1.876043857350335e-06 -0.08715549907674297 -1.2976499370083531e-17 -8.1382407439498968e-25 6.4140243797871073e-17 -5.0960004861298555e-06 8.7266400125307833 3.4839604756733206e-05 
1 -5.1150018617448118e-08 -0.011073908864273972 6.6080635599429996e-07 -0.17364787708552987 -3.858185675383199e-06 0.984807806005214 1.4565770582687171e-06 0.99999999999022571 4.1745375739878846e-06 -0.98480780601169438 2.1593480445679153e-06 -0.17364787707821283 -8.1431724032357994e-18 -8.8936403573806026e-25 3.4411366960555399e-17 -4.0075707096907815e-06 8.7266353630727149 3.6114161348340247e-05 
1 -5.1150018617517674e-08 -0.011073908864273972 6.6080635599452411e-07 -0.25881864461014259 -4.0236728999233025e-06 0.96592593359220802 1.3439255536888028e-06 0.99999999998885591 4.5257154178310774e-06 -0.96592593359965362 2.4694720754595504e-06 -0.25881864460185078 -1.1662974124975171e-17 -9.6232359535694909e-25 2.6987470001356818e-17 -2.7421549231464129e-06 8.7266381624943321 3.7325602015924253e-05 
1 -5.115001861762579e-08 -0.011073908864273972 6.6080635599469923e-07 -0.34201968403694927 -4.1726306911319145e-06 0.93969278794393996 1.210484845701924e-06 0.99999999998735534 4.8809998271597562e-06 -0.9396927879524245 2.806881898091114e-06 -0.3420196840275736 -9.6912996473370547e-18 -1.0323575288040591e-24 8.4951220781246106e-18 -1.2989113437678563e-06 8.726636356307111 3.8455674340153701e-05 
1 -5.1150018617706212e-08 -0.011073908864273972 6.6080635599471416e-07 -0.42261773368757499 -4.3017573750892012e-06 0.90630803326146947 1.0565975944510049e-06 0.99999999998571742 5.2391616112316944e-06 -0.90630803327106269 3.1717654943373709e-06 -0.42261773367699368 -6.1358108088670632e-18 -1.0991632319753758e-24 -3.8954913253469298e-18 3.2055336880577501e-07 8.7266299380552823 3.9484660539978004e-05 
1 -5.1150018617743634e-08 -0.011073908864273972 6.6080635599466821e-07 -0.4999993115538075 -4.407548107747625e-06 0.86602580124745243 8.8273534062984429e-07 0.99999999998393574 5.5990423879882331e-06 -0.86602580125821849 3.5639889200131101e-06 -0.49999931154188471 -1.1225902501020766e-18 -1.162471848966322e-24 -2.1753819094725361e-18 2.1132487295715037e-06 8.7266115526406072 4.0392451433979095e-05 
1 -5.1150018617751217e-08 -0.011073908864273972 6.6080635599441982e-07 -0.57357563888696961 -4.486312967331194e-06 0.81915260266648582 6.8948393232655711e-07 0.99999999998200417 5.9595539809626411e-06 -0.81915260267848089 3.983047539774053e-06 -0.57357563887355434 4.2669115062194654e-19 -1.2220646822836066e-24 -3.4665311118184108e-17 4.0710591469506349e-06 8.726631209788323 4.1157068494578552e-05 
1 -5.1150018617735302e-08 -0.011073908864273972 6.6080635599405379e-07 -0.64278675097390536 -4.5342200089656543e-06 0.76604516365019337 4.775562563454065e-07 0.99999999997991662 6.3197146500213336e-06 -0.76604516366346365 4.4280585075136945e-06 -0.64278675095883064 2.4788032135994362e-18 -1.2777285028659711e-24 -3.6409164557884057e-17 6.1906221883855873e-06 8.7266244120324412 4.175906674257071e-05 
1 -5.1150018617709071e-08 -0.011073908864273972 6.6080635599374399e-07 -0.70710580541347379 -4.5473225276993254e-06 0.70710775694365302 2.4777938647409107e-07 0.99999999997766709 6.6786550194947321e-06 -0.70710775695823125 4.8977224628251322e-06 -0.70710580539655543 2.2954732600446235e-18 -1.3293217925377556e-24 -2.2447325482606731e-17 8.4618973104438021e-06 8.7266044386226458 4.2176741824347234e-05 
1 -5.1150018617684527e-08 -0.011073908864273972 6.6080635599357162e-07 -0.76604325937186424 -4.5215923961740949e-06 0.64278902040287367 1.0790426238091395e-09 0.99999999997525002 7.0356195358723832e-06 -0.64278902041877684 5.3902825177111747e-06 -0.76604325935289985 5.4036350419132439e-18 -1.3767597844276256e-24 -3.0055734410078998e-17 1.0870565920637483e-05 8.7266160502670811 4.2388602595536263e-05 
1 -5.1150018617627577e-08 -0.011073908864273972 6.6080635599329993e-07 -0.81915080951471919 -4.4529610807705703e-06 0.57357819977013713 -2.6153886419952317e-07 0.99999999997266009 7.3899623626192641e-06 -0.57357819978736269 5.9034806607253897e-06 -0.81915080949348829 5.759259833427605e-18 -1.4199545987899012e-24 -2.3678951179433155e-17 1.3405972420976645e-05 8.7266092207881396 4.237372249723036e-05 
1 -5.1150018617574565e-08 -0.011073908864273972 6.6080635599310861e-07 -0.86602412854140254 -4.3373728096406569e-06 0.50000220876041301 -5.389609310752666e-07 0.99999999996989175 7.7412050807808275e-06 -0.5000022087789352 6.4345887279702911e-06 -0.86602412851766564 4.5462253318292282e-18 -1.4589006418071006e-24 -1.4141756546287659e-17 1.6051539314247991e-05 8.7265923702896924 4.2111256899230781e-05 
1 -5.1150018617543377e-08 -0.011073908864273972 6.6080635599302433e-07 -0.90630642951867602 -4.1708260250001362e-06 0.42262117291460133 -8.3000432094503857e-07 0.99999999996693956 8.0890120783235487e-06 -0.42262117293436713 6.9803462553968803e-06 -0.90630642949217488 1.315789374134045e-18 -1.4936326154185063e-24 -2.4607814487344133e-18 1.8789209578632283e-05 8.7265545427918116 4.1580827944126532e-05 
1 -5.1150018617518409e-08 -0.011073908864273972 6.6080635599302909e-07 -0.93969128470731178 -3.949435383718383e-06 0.34202381412633232 -1.1334435271771312e-06 0.99999999996379829 8.4331799724148977e-06 -0.3420238141472568 7.5369210441846018e-06 -0.93969128467776986 2.6116369881505216e-18 -1.5242734070208497e-24 3.9278581700593924e-18 2.1591861325149937e-05 8.7265817909860566 4.076473061672692e-05 
1 -5.1150018617498365e-08 -0.011073908864273972 6.6080635599309739e-07 -0.96592464165665937 -3.6694820091217039e-06 0.2588234661443764 -1.4479880369118964e-06 0.99999999996046296 8.7736816028599878e-06 -0.25882346616633817 8.0999419756030303e-06 -0.96592464162378278 1.4128558202035764e-18 -1.5508937378009787e-24 8.9733493799547246e-18 2.4443051305437244e-05 8.7265685180524404 3.9642561181982453e-05 
1 -5.1150018617489206e-08 -0.011073908864273972 6.6080635599318759e-07 -0.98480681153904315 -3.3274722732172665e-06 0.17365351691005645 -1.7722991166956353e-06 0.99999999995692734 9.1106708290100363e-06 -0.17365351693289222 8.6644847154683621e-06 -0.98480681150252225 5.0098476488690355e-19 -1.5736915685588541e-24 7.7715876208183404e-18 2.7314533418732585e-05 8.7265418544337248 3.8197737042454284e-05 
1 -5.1150018617488525e-08 -0.011073908864273972 6.6080635599325673e-07 -0.99619412630567949 -2.9202090420807188e-06 0.087162277996482712 -2.1050190647974395e-06 0.99999999995318545 9.4444687857348787e-06 -0.087162278019982081 9.2250460735126493e-06 -0.99619412626519033 -9.4836985156812072e-19 -1.5929338909144152e-24 1.4542508086459078e-17 3.0173736162164374e-05 8.7265478700589885 3.6417382190392683e-05 
1 -5.1150018617502077e-08 -0.011073908864273972 6.6080635599340539e-07 -0.99999999996832323 -2.4448780862550831e-06 7.5747027227138777e-06 -2.4448040393806975e-06 0.99999999994923083 9.775542409459738e-06 -7.5747266223387343e-06 9.7755238904862671e-06 -0.99999999992353128 -1.6575101738027292e-18 -1.6088425110948379e-24 1.4664127624717365e-17 3.2992650061136145e-05 8.7265373164256808 3.4285569022935149e-05 
1 -5.1150018617519031e-08 -0.011073908864273972 6.6080635599353827e-07 -0.99619545635180762 -1.8990681940818517e-06 -0.0871470753405265 -2.7902689360942538e-06 0.99999999994505595 1.0104585136314666e-05 0.087147075316549 1.0309305578310818e-05 -0.9961954563023715 -1.5715160985495502e-18 -1.6217482566284329e-24 1.1264956715488963e-17 3.5736586765412732e-05 8.7265192198226202 3.1791492851989662e-05 
1 -5.1150018617529626e-08 -0.011073908864273972 6.6080635599361662e-07 -0.98480950398050449 -1.2808760239532547e-06 -0.17363824713475995 -3.1400501567280001e-06 0.99999999994065181 1.0432466598433765e-05 0.17363824711109213 1.0819225061226216e-05 -0.98480950392607991 -3.2088808179545841e-19 -1.6320129281988055e-24 3.6805683873542136e-18 3.8369400890238403e-05 8.7264836267324419 2.8925934561807264e-05 
1 -5.1150018617540842e-08 -0.011073908864273972 6.6080635599366479e-07 -0.96592881576479772 -5.8900371976670546e-07 -0.25880788796879506 -3.492837003269771e-06 0.99999999993600885 1.076021373365016e-05 0.25880788794589588 1.1297574276956317e-05 -0.96592881570504419 -1.5101319118459212e-18 -1.6401104210130884e-24 4.6761741249757698e-18 4.0847111123247991e-05 8.7265050968508664 2.568999808951801e-05 
1 -5.1150018617553905e-08 -0.011073908864273972 6.6080635599369476e-07 -0.93969706267799413 1.7720498207577365e-07 -0.34200793908083277 -3.8473443218619709e-06 0.99999999993111544 1.1089050010420259e-05 0.34200793905923876 1.1736170025135654e-05 -0.93969706261258168 -1.0567614723280964e-18 -1.646390377544895e-24 1.4918399244718987e-18 4.3134626658563031e-05 8.7264925946962446 2.2073122715982253e-05 
1 -5.1150018617561111e-08 -0.011073908864273972 6.6080635599369952e-07 -0.90631394901355899 1.0176992698478866e-06 -0.42260504708582475 -4.2023207372201376e-06 0.99999999992595734 1.142040589771739e-05 0.42260504706615648 1.2126395121520642e-05 -0.90631394894217654 -3.4445064952262838e-19 -1.6513669253571655e-24 -2.1802308587485393e-19 4.5187183218073091e-05 8.7264684902530671 1.8078425912982981e-05 
1 -5.1150018617560714e-08 -0.011073908864273972 6.6080635599369179e-07 -0.86603363532134137 1.9316161121185451e-06 -0.49998574228508841 -4.5565896467732831e-06 0.99999999992051836 1.1755887241032971e-05 0.49998574226805659 1.2459223620610045e-05 -0.86603363524370591 1.9220577545161942e-19 -1.6556180497620303e-24 -4.1510164432918272e-18 4.6957949372937833e-05 8.7264737763403257 1.3716473829526022e-05 
1 -5.1150018617556095e-08 -0.011073908864273972 6.6080635599364086e-07 -0.81916249089565496 2.9171591809458317e-06 -0.57356151675397127 -4.9090954609835757e-06 0.99999999991477884 1.2097230800680362e-05 0.57356151674038136 1.2725265954116741e-05 -0.81916249081152448 7.0214940459334733e-19 -1.659627539306785e-24 -5.7426582547967429e-18 4.8402294215419309e-05 8.726464669535849 8.9913839996639274e-06 
1 -5.1150018617547585e-08 -0.011073908864273972 6.6080635599358411e-07 -0.76605733724507652 3.971659610589669e-06 -0.64277224274015521 -5.2588110458683262e-06 0.99999999990871569 1.2446415487692649e-05 0.64277224273091305 1.2914885676847196e-05 -0.76605733715426139 9.3489364143616364e-19 -1.6639945928925208e-24 -5.2311304643433326e-18 4.9472336907267726e-05 8.7264480458598204 3.9178669848207477e-06 
1 -5.1150018617538989e-08 -0.011073908864273972 6.6080635599354621e-07 -0.70712244162119386 5.0914168115977784e-06 -0.70709112038672839 -5.6048234941942458e-06 0.9999999999023016 1.2805581945674187e-05 0.70709112038284527 1.3018235295885077e-05 -0.70712244152357262 6.8502675610494279e-19 -1.6693285632738264e-24 -1.7493269917624258e-18 5.0119631257650474e-05 8.7264137851059651 -1.4862090659192794e-06 
1 -5.1150018617528051e-08 -0.011073908864273972 6.6080635599351434e-07 -0.64280625417683146 6.271603794890951e-06 -0.76602879812172708 -5.9463654461393976e-06 0.9999999998955037 1.3177004203216655e-05 0.76602879812432079 1.3025347889040795e-05 -0.64280625407236736 1.4192067016691077e-18 -1.6763587350391513e-24 -4.2100504983815624e-18 5.0294979118354458e-05 8.7264350525464813 -7.1852699618678253e-06 
1 -5.1150018617513876e-08 -0.011073908864273972 6.6080635599347823e-07 -0.573598122558306 7.5062631539158367e-06 -0.8191368589809902 -6.2827813258512234e-06 0.99999999988828414 1.3563123920282222e-05 0.81913685899128807 1.2926240177621723e-05 -0.57359812244706576 1.3734689718991689e-18 -1.6856111371854845e-24 -2.8965143807602424e-18 4.9949863438028858e-05 8.7264231821480642 -1.3163144719695165e-05 
1 -5.1150018617501548e-08 -0.011073908864273972 6.6080635599345759e-07 -0.50002490697381297 8.7882873811071023e-06 -0.86601102321425205 -6.6135146982126553e-06 0.99999999988059818 1.3966576784333985e-05 0.86601102323359103 1.2711012888170854e-05 -0.50002490685598755 1.0376597212878586e-18 -1.6977984385363889e-24 -1.2428338076778965e-18 4.903566404653882e-05 8.7263993584221566 -1.9381157896874513e-05 
1 -5.1150018617493607e-08 -0.011073908864273972 6.6080635599345377e-07 -0.42264668113715498 1.0109312302991791e-05 -0.90629453425558615 -6.9381618031982103e-06 0.99999999987239296 1.4390137938687109e-05 0.90629453428541107 1.2369962160911389e-05 -0.42264668101308223 9.580323957137059e-19 -1.7136865519050872e-24 3.7802739046635823e-19 4.7507200272212731e-05 8.7264035569869449 -2.5790544013702276e-05 
1 -5.1150018617485156e-08 -0.011073908864273972 6.6080635599346415e-07 -0.3420519158190769 1.1459604920738204e-05 -0.93968105586585948 -7.2565346913734658e-06 0.99999999986360844 1.4836647419395555e-05 0.939681055907717 1.1893731854853469e-05 -0.34205191568926685 7.3158119041142277e-19 -1.7338824157561602e-24 1.6359451120567258e-18 4.5316803979350547e-05 8.7263943311472119 -3.2350621649708632e-05 
1 -5.1150018617478903e-08 -0.011073908864273972 6.6080635599348342e-07 -0.25885416839226477 1.2828241891395718e-05 -0.96591641426232389 -7.5685107202490704e-06 0.99999999985417343 1.5309173981970526e-05 0.96591641431785746 1.1273392236084424e-05 -0.25885416825742624 5.2956851006679713e-19 -1.7591100413843033e-24 2.0534615297915784e-18 4.2421342367039049e-05 8.7263777959764948 -3.9006809634355746e-05 
1 -5.1150018617474244e-08 -0.011073908864273972 6.6080635599350068e-07 -0.1736867314070728 1.4202949215248172e-05 -0.98480095406706603 -7.8741482950314597e-06 0.99999999984400667 1.581089480946098e-05 0.98480095413800495 1.050061139348888e-05 -0.17368673126814271 4.263723401959539e-19 -1.7900757831884473e-24 1.0895589611777973e-18 3.8779587250453441e-05 8.7263441474952437 -4.5700161316486569e-05 
1 -5.1150018617471564e-08 -0.011073908864273972 6.6080635599351995e-07 -0.087197656396797149 1.5570076210132092e-05 -0.99619103011243726 -8.1737138765457587e-06 0.99999999983301469 1.6345062753463149e-05 0.99619103020058186 9.5678316122810032e-06 -0.08719765625497107 1.0871278291737384e-19 -1.82762115162864e-24 2.8079982322195976e-18 3.4363334723584776e-05 8.7263629341243867 -5.2351486301121294e-05 
1 -5.1150018617471021e-08 -0.011073908864273972 6.6080635599354695e-07 6.123233995736766e-17 0 -1 -8.4684020383049819e-06 0.99999999996414313 -5.1854007250515593e-22 0.99999999996414313 8.4684020383049819e-06 6.1232339955172063e-17 2.3030899569136006e-20 -1.8722752007591454e-24 2.5213377504062247e-18 2.9130305961170222e-05 8.7263510601494865 -5.8902644897809287e-05 
1 -5.1150018617470545e-08 -0.011073908864273972 6.6080635599356812e-07 0.087107988690164673 1.8220473910537571e-05 -0.99619887471045077 -8.7564862698866978e-06 0.99999999980811105 1.7524326159425287e-05 0.99619887483859271 7.1966929635806725e-06 0.087107988832996947 1.0336840724397984e-19 -1.9247910820795037e-24 1.5989523080090686e-18 2.3055493301192896e-05 8.7263280639051839 -6.5270982464523924e-05 
1 -5.1150018617468427e-08 -0.011073908864273972 6.6080635599357734e-07 0.17359769384057219 1.9470054234729878e-05 -0.98481665314623512 -9.0409910091440992e-06 0.99999999979393683 1.8176539749109018e-05 0.98481665329719892 5.7483131243036802e-06 0.17359769398082869 2.787919807734254e-20 -1.9859687028342417e-24 1.1470321584109977e-18 1.612561457691317e-05 8.7263305092745433 -7.1365168689076737e-05 
1 -5.1150018617468004e-08 -0.011073908864273972 6.6080635599358538e-07 0.2587664514819682 2.0644619583060165e-05 -0.96593991695199644 -9.3221801620558636e-06 0.99999999977841103 1.8875244492852682e-05 0.96593991712762706 4.1203858932777353e-06 0.25876645161708128 6.4768340877488447e-20 -2.0563686536156153e-24 4.7879544775975942e-19 8.3192233627361366e-06 8.7263213599312568 -7.7099812909116894e-05 
1 -5.1150018617466978e-08 -0.011073908864273972 6.6080635599358739e-07 0.34196589678338102 2.1724381150960678e-05 -0.93971236288834115 -9.6011230026484838e-06 0.99999999976135423 1.9624222513542931e-05 0.93971236309040684 2.3114791326800971e-06 0.34196589691035073 1.4526873750624564e-19 -2.1366801976270364e-24 -2.4444542198598617e-20 -3.6975730003782251e-07 8.7263054992984745 -8.2378193510229192e-05 
1 -5.115001861746498e-08 -0.011073908864273972 6.6080635599358612e-07 0.42256276912338087 2.2688486624496335e-05 -0.90633366131685356 -9.8790933715430868e-06 0.99999999974256448 2.0427299963953744e-05 0.90633366154699546 3.2193842743947457e-07 0.42256276923873987 2.5944059243770303e-19 -2.2275491953649095e-24 -1.3484043693683548e-19 -9.9414337619521923e-06 8.7262734574433534 -8.7099798933249297e-05 
1 -5.1150018617462042e-08 -0.011073908864273972 6.6080635599358094e-07 0.49994379918871101 2.3515137311176431e-05 -0.86605784858737711 -1.0157589195299915e-05 0.99999999972181552 2.1288316481180567e-05 0.86605784884705095 -1.845901974617222e-06 0.49994379928849153 3.2066852606954366e-19 -2.3297903152588672e-24 -1.0057189674887654e-18 -2.036575750944866e-05 8.7262901469986023 -9.1151932910331514e-05 
1 -5.1150018617458541e-08 -0.011073908864273972 6.6080635599356992e-07 0.57352033995870111 2.4181748002442454e-05 -0.81919132018649887 -1.0438292199070994e-05 0.99999999969885356 2.2211142447674368e-05 0.81919132047690646 -4.1875836004119326e-06 0.57352034003840369 3.7057995043727777e-19 -2.4437741961040455e-24 -1.1539547219424073e-18 -3.164323217190763e-05 8.7262787846082635 -9.4433292703182705e-05 
1 -5.1150018617454842e-08 -0.011073908864273972 6.6080635599355934e-07 0.64273229773876484 2.4665146474612924e-05 -0.76609085155422552 -1.0722963141110025e-05 0.9999999996733937 2.3199796332570336e-05 0.76609085187624182 -6.6964944399467508e-06 0.64273229779332786 3.5402797188591967e-19 -2.570159705288465e-24 -8.7161677338143891e-19 -4.3736910708200424e-05 8.7262567989768876 -9.6829421067520956e-05 
1 -5.1150018617451791e-08 -0.011073908864273972 6.6080635599355415e-07 0.70705285818460861 2.4941695324249405e-05 -0.70716069963685602 -1.1013543334136456e-05 0.99999999964511765 2.425833057615628e-05 0.70716069999094111 -9.3635769590096125e-06 0.70705285820838448 3.9842063766095476e-19 -2.7096596637891065e-24 -9.1980478889497211e-19 -5.6589854267658202e-05 8.7262581651076658 -9.8225170001215811e-05 
1 -5.1150018617447834e-08 -0.011073908864273972 6.6080635599354589e-07 0.7659929114006172 2.4987499197429168e-05 -0.64284901731248767 -1.1312285488413877e-05 0.99999999961367303 2.539067222992495e-05 0.64284901769858704 -1.2176983334033838e-05 0.76599291138735914 3.860268829363187e-19 -2.8626610266608738e-24 -7.2722571085912815e-19 -7.0156890217007732e-05 8.7262493424667937 -9.8505232023271682e-05 
1 -5.1150018617444208e-08 -0.011073908864273972 6.6080635599353996e-07 0.81910376757235159 2.4778665181840913e-05 -0.57364537593777987 -1.1621403047576294e-05 0.99999999957866548 2.6600981705305981e-05 0.57364537635521995 -1.5122400215787965e-05 0.81910376751519764 3.3033504387492769e-19 -3.0297101393144011e-24 -4.5973339174272995e-19 -8.4367975428801032e-05 8.7262340994838965 -9.7553899005277617e-05 
1 -5.1150018617441408e-08 -0.011073908864273972 6.6080635599353678e-07 0.86598121432278363 2.4291514534560512e-05 -0.50007652999311958 -1.194329505775892e-05 0.99999999953965735 2.7893421365799036e-05 0.5000765304404865 -1.8182617356803668e-05 0.86598121421425633 2.213708249883145e-19 -3.2112956571258131e-24 -1.697681649589e-19 -9.9142632572861897e-05 8.726203186790336 -9.5255817968421466e-05 
1 -5.115001861743941e-08 -0.011073908864273972 6.6080635599353657e-07 0.9062685766534303 2.3502882795302296e-05 -0.42270233784328648 -1.2280556774878597e-05 0.99999999949616503 2.9272135417351757e-05 0.42270233831829385 -2.1337396441531454e-05 0.90626857648544901 1.9796280380199573e-19 -3.4081405158742852e-24 1.2579576627192546e-19 -0.00011435754075216659 8.7262181514177115 -9.1505678695680059e-05 
1 -5.1150018617437775e-08 -0.011073908864273972 6.608063559935389e-07 0.93965941438664891 2.2390421933463575e-05 -0.34211136264849329 -1.2635952096834525e-05 0.99999999944765416 3.0741248966854093e-05 0.34211136314783902 -2.4563401211499145e-05 0.93965941415055643 1.3101520256923746e-19 -3.6203679780712539e-24 3.0587521365639486e-19 -0.00012992983272395805 8.7262071150160967 -8.6187162924957752e-05 
1 -5.1150018617436763e-08 -0.011073908864273972 6.6080635599354197e-07 0.96589954778159204 2.0932840767105915e-05 -0.25891709707381633 -1.3012226447116057e-05 0.9999999993935319 3.230507837466253e-05 0.25891709759302844 -2.7834372694980995e-05 0.96589954746818774 7.633529755906789e-20 -3.8484947358189351e-24 2.9706171283051242e-19 -0.00014572613709727493 8.7261858904463949 -7.919850512880861e-05 
1 -5.1150018617436154e-08 -0.011073908864273972 6.6080635599354388e-07 0.98478929332000409 1.9110284041737737e-05 -0.1737528342130972 -1.3412263690318956e-05 0.99999999933314432 3.3967965900024983e-05 0.1737528347463666 -3.1120870304797264e-05 0.98478929291960393 4.9225966333573116e-20 -4.0929232770748735e-24 -1.9814956712843327e-21 -0.00016160748297616812 8.726142715561565 -7.0441186848232442e-05 
1 -5.1150018617436353e-08 -0.011073908864273972 6.6080635599354822e-07 0.9961850243990551 1.69048406348672e-05 -0.087266241338105344 -1.3839258046726996e-05 0.99999999926577521 3.5734081813261644e-05 0.087266241878111259 -3.4390057130375884e-05 0.99618502390158159 -4.3706708140683196e-20 -4.3544371282915491e-24 4.5537450582656827e-19 -0.00017737524994760646 8.7261773002212291 -5.9854707352420262e-05 
1 -5.1150018617436935e-08 -0.011073908864273972 6.6080635599355245e-07 0.99999999321162569 1.4300605883900057e-05 -0.00011563840774311071 -1.4296257052635589e-05 0.99999999919063176 3.7607891904014261e-05 0.00011563894546515691 -3.7606238452315563e-05 0.99999999260670258 -6.9805355810699906e-20 -4.6328362733532734e-24 3.7269565777166266e-19 -0.00019290941400700056 8.7261625421455271 -4.7327521658054375e-05 
1 -5.1150018617437617e-08 -0.011073908864273972 6.6080635599355531e-07 0.99620519808684493 1.1284238082717184e-05 0.087035643143576896 -1.4786430046239935e-05 0.99999999910684234 3.9593898270946109e-05 -0.087035642619053361 -4.0730593718910249e-05 0.99620519736393032 -6.0651219534447334e-20 -4.9286670197770158e-24 1.8071994788256148e-19 -0.00020800746734466738 8.7261327616544619 -3.2803480306943216e-05 
1 -5.1150018617438344e-08 -0.011073908864273972 6.6080635599355669e-07 0.98482957090987866 7.845411766579523e-06 0.17352439655539417 -1.5313096884473277e-05 0.99999999901345082 4.1696608769867295e-05 -0.17352439605707676 -4.3721249219498009e-05 0.98482957005843352 -1.046387133565312e-19 -5.2426206128297537e-24 1.5260324725837186e-19 -0.00022244487967198312 8.7261458397223333 -1.6259447969571385e-05 
1 -5.115001861743943e-08 -0.011073908864273972 6.6080635599355764e-07 0.96595965042893828 3.977260553166173e-06 0.25869277865333773 -1.5879729936665563e-05 0.9999999989094116 4.3920506358333172e-05 -0.25869277819652714 -4.6533408430138082e-05 0.96595964943863166 -1.1121058422130044e-19 -5.574595101774938e-24 5.9504416763770124e-20 -0.00023603099262247749 8.7261350877498653 2.3694943145103893e-06 
1 -5.1150018617440541e-08 -0.011073908864273972 6.6080635599355796e-07 0.93973908338836087 -3.2353752672448398e-07 0.34189246138559198 -1.6489644747955794e-05 0.99999999879357082 4.6270400648981665e-05 -0.34189246098809317 -4.9119789124138858e-05 0.93973908224929725 -1.0991838847527968e-19 -5.9250427049139766e-24 1.7960788756981559e-20 -0.0002485318557798377 8.7261146562981402 2.3093767513971097e-05 
1 -5.1150018617441613e-08 -0.011073908864273972 6.6080635599355838e-07 0.90636750893235918 -5.056091610771451e-06 0.42249016405850887 -1.7146249599749829e-05 0.99999999866466416 4.8751182615520505e-05 -0.42249016374083304 -5.1430609751122302e-05 0.90636750763536122 -1.0331937486246197e-19 -6.2942911419969671e-24 7.3074770099779288e-20 -0.00025970884706627161 8.7260730996745757 4.5914763738004677e-05 
1 -5.1150018617442672e-08 -0.011073908864273972 6.6080635599355764e-07 0.86609876022114551 -1.0214579684007358e-05 0.49987292129005845 -1.7853262466383012e-05 0.99999999852131582 5.1367591768469999e-05 -0.49987292107560261 -5.3413770009846817e-05 0.86609875875809539 -1.0531275826993094e-19 -6.6832294123074672e-24 -1.0179839065168867e-19 -0.0002692869997842983 8.7261050473436548 7.0744910053752245e-05 
1 -5.1150018617443738e-08 -0.011073908864273972 6.6080635599355679e-07 0.81923931615774437 -1.578851042271165e-05 0.5734517788028165 -1.8614153150878083e-05 0.99999999836201037 5.4124788940106555e-05 -0.57345177871805819 -5.5015474313754222e-05 0.81923931452194898 -1.0976669408853987e-19 -7.0914221396107155e-24 -7.2669426707766507e-20 -0.00027703669698717217 8.7260908092698504 9.7611853410582868e-05 
1 -5.1150018617444902e-08 -0.011073908864273972 6.6080635599355648e-07 0.76614586649815986 -2.1761987094385055e-05 0.6426667182717648 -1.9432432268135115e-05 0.999999998185088 5.7028104414188609e-05 -0.64266671834642608 -5.6180423944956798e-05 0.76614586468478407 -1.2687950926535299e-19 -7.5194873019595289e-24 4.2738576294467254e-20 -0.00028268132427715679 8.7260621715557232 0.00012641887168299935 
1 -5.1150018617446193e-08 -0.011073908864273972 6.6080635599355732e-07 0.70722250079103666 -2.8113209469175949e-05 0.70699104208223162 -2.0311730022601867e-05 0.99999999798873518 6.0082970485033372e-05 -0.70699104234941057 -5.6852239816551577e-05 0.70722249879759691 -1.1853863717556969e-19 -7.9682787881664461e-24 3.5106315899254962e-20 -0.00028594517529205904 8.7260735244346712 0.00015701475108037075 
1 -5.1150018617447417e-08 -0.011073908864273972 6.6080635599355785e-07 0.64291738225225781 -3.4814005784301243e-05 0.76593553148152704 -2.1255855035766357e-05 0.99999999777097603 6.3294836694748134e-05 -0.7659355319777853 -5.6973965341785612e-05 0.64291738007917809 -1.2625507131592218e-19 -8.4376108422423633e-24 1.0590684696417137e-19 -0.00028655656713038577 8.7260630864913491 0.00018931691369343813 
1 -5.115001861744874e-08 -0.011073908864273972 6.6080635599355934e-07 0.57372001676254158 -4.1830171375021857e-05 0.81905148837922614 -2.2268302380947075e-05 0.99999999752963487 6.6669730611213369e-05 -0.81905148914467607 -5.6488645172612843e-05 0.57372001441375675 -1.3959688761534411e-19 -8.9280735023663148e-24 1.8400490861758791e-19 -0.00028423891342045892 8.726043426295842 0.00022315079842907855 
1 -5.1150018617450229e-08 -0.011073908864273972 6.6080635599356156e-07 0.50015713720758503 -4.912064807924331e-05 0.86593466017216036 -2.3352645730328775e-05 0.9999999972623318 7.0213889310520732e-05 -0.86593466125047036 -5.5339843214373386e-05 0.50015713469122369 -1.6005082415178245e-19 -9.4401286593292155e-24 2.573764537857879e-19 -0.00027871725490853584 8.7260033913358441 0.0002583262001838953 
1 -5.1150018617451771e-08 -0.011073908864273972 6.6080635599356463e-07 0.42278827410270048 -5.6636900179622532e-05 0.90622848778523912 -2.4512811338190478e-05 0.9999999969664809 7.3933483784687751e-05 -0.90622848922354116 -5.3472417958101348e-05 0.42278827143183456 -1.5533000075417459e-19 -9.9750500142729311e-24 3.3874876909845036e-19 -0.00026974595299086369 8.726032893503195 0.00029452559716833346 
1 -5.1150018617453346e-08 -0.011073908864273972 6.6080635599356823e-07 0.34220220781821548 -6.4323572028009257e-05 0.93962633255290207 -2.5752410644239241e-05 0.99999999663923911 7.7835306501284615e-05 -0.93962633440168752 -5.0833056898989961e-05 0.34220220501166865 -1.5957676368075076e-19 -1.0532333636374792e-23 3.8400381789513736e-19 -0.00025704003673095144 8.7260191437959058 0.00033159015449876544 
1 -5.1150018617454941e-08 -0.011073908864273972 6.6080635599357215e-07 0.25901232046290373 -7.2117966693863373e-05 0.96587401489398239 -2.7075028790011168e-05 0.99999999627749103 8.1926556920148603e-05 -0.96587401720688448 -4.73710543762021e-05 0.25901231754613202 -1.5797494159555144e-19 -1.1112941915383142e-23 3.8614355355519525e-19 -0.00024035948942508243 8.7259915765782132 0.0003691889144197862 
1 -5.1150018617456516e-08 -0.011073908864273972 6.6080635599357617e-07 0.17385172738724322 -7.9949755770467195e-05 0.98477183676855229 -2.8484387093600074e-05 0.99999999587783206 8.6214706971402086e-05 -0.98477183960200221 -4.3039197930554304e-05 0.17385172439327742 -1.6008609450242438e-19 -1.171819800467859e-23 4.5081235715539853e-19 -0.00021950786648751281 8.7260012749573104 0.00040693001984054198 
1 -5.1150018617458084e-08 -0.011073908864273972 6.6080635599358072e-07 0.08736809857884266 -8.7740774402526842e-05 0.99617609269258922 -2.9984500207657456e-05 0.99999999543655604 9.0707319152650133e-05 -0.99617609610532576 -3.7794768259755357e-05 0.087368095549279975 -1.5371693222177438e-19 -1.2348059621026982e-23 4.6883645216342469e-19 -0.0001942420745031567 8.7259911124057172 0.00044449555388468729 
1 -5.1150018617459567e-08 -0.011073908864273972 6.6080635599358549e-07 6.123233995736766e-17 0 1 -3.157890952800606e-05 0.99999999950138618 1.9336505237018236e-21 -0.99999999950138618 -3.157890952800606e-05 6.1232339926836364e-17 -1.4030483723354666e-19 -1.3003547626453828e-23 4.6941039250642309e-19 -0.00016438410830691276 8.7259721734579276 0.00048146467228317197 
1 -5.1150018617460864e-08 -0.011073908864273972 6.6080635599359004e-07 -0.086929974354300041 -0.00010285284186443186 0.99621441917895048 -3.327128607491796e-05 0.99999999441241127 0.00010034041599888679 -0.9962144239328109 -2.4422745142977991e-05 -0.086929977290617425 -1.1799639966419142e-19 -1.3685549125511892e-23 4.5121589047359371e-19 -0.00012977133907616145 8.7259335994280338 0.00051739803210814933 
1 -5.1150018617462022e-08 -0.011073908864273972 6.608063559935947e-07 -0.17341820918356488 -0.00010998137570701562 0.98484826883518573 -3.5065772649935491e-05 0.99999999382019511 0.00010549882130944789 -0.98484827435192113 -1.6239048827195682e-05 -0.17341821196845608 -1.0943318864043698e-19 -1.4396095714586873e-23 4.7132502203046676e-19 -9.037333015449368e-05 8.7259607149846374 0.00055173767094806691 
1 -5.1150018617463021e-08 -0.011073908864273972 6.6080635599359946e-07 -0.2585868363527406 -0.00011668511851800205 0.965988009475099 -3.6966199693216537e-05 0.99999999316756605 0.00011089800705530149 -0.96598801581519678 -7.0321408572549199e-06 -0.25858683889936857 -8.9063148186148151e-20 -1.5134826848302606e-23 4.7463972774635501e-19 -4.5996439156107175e-05 8.7259474191524493 0.00058406629672607584 
1 -5.1150018617463802e-08 -0.011073908864273972 6.6080635599360423e-07 -0.3417876076860894 -0.00012285135001814752 0.93977721622721078 -3.8976330253175041e-05 0.99999999244863436 0.00011654860378138312 -0.93977722344876269 3.2058013215115807e-06 -0.341787609893421 -6.6276076147169121e-20 -1.5903388519964469e-23 4.8897063827909606e-19 3.3709852970289058e-06 8.7259208863148068 0.00061381346505294445 
1 -5.1150018617464338e-08 -0.011073908864273972 6.608063559936091e-07 -0.42238734522805199 -0.00012836140230307468 0.90641542027623778 -4.1100152648292901e-05 0.99999999165694875 0.00012246174809420191 -0.90641542843332934 1.4472480533376457e-05 -0.42238734697972596 -4.2226321253738435e-20 -1.6703946368082713e-23 4.831351308415968e-19 5.7643797015544617e-05 8.7259289853636872 0.00064037385413334008 
1 -5.1150018617464642e-08 -0.011073908864273972 6.6080635599361397e-07 -0.49977310838726663 -0.000133091186187691 0.86615634986973666 -4.3342195225708652e-05 0.99999999078547819 0.00012864873800878723 -0.86615635901053312 2.6754062072709367e-05 -0.49977310955056059 -1.7648698450854924e-20 -1.7536861024658704e-23 4.9337231455990702e-19 0.00011683901789334619 8.7259190804156219 0.00066318379795131247 
1 -5.1150018617464702e-08 -0.011073908864273972 6.6080635599361895e-07 -0.57335583418312142 -0.0001369126161692963 0.8193064558900488 -4.5706346652397284e-05 0.99999998982644001 0.0001351223507006227 -0.81930646605473989 4.0025683215282238e-05 -0.57335583460782691 6.1637966872723548e-21 -1.8403915894678298e-23 5.1424943537497942e-19 0.00018082504054396913 8.7259008382585286 0.00068161847506434316 
1 -5.1150018617464523e-08 -0.011073908864273972 6.6080635599362435e-07 -0.64257550122182572 -0.00013969395405686016 0.76622236049016401 -4.8196765955493853e-05 0.9999999887712977 0.00014189600441522426 -0.76622237170849516 5.4249456380076581e-05 -0.64257550073933345 2.7821764775561519e-20 -1.9306743517126028e-23 5.4994652534298577e-19 0.00024943523439520745 8.7258636904960714 0.00069504292095690101 
