1 -5.1150018616868827e-08 -0.011073908864273972 6.608063559905836e-07 1 0 2.2204460492503131e-16 0 1 0 -2.2204460492503131e-16 0 1 3.4741257435772736e-22 4.6198480632508862e-29 -2.3099240316229602e-23 0 8.7266462599716483 1.7453292519943296e-05 
1 -5.1150018616869429e-08 -0.011073908864273972 6.6080635599058297e-07 0.9961946746711694 -1.7465527865741358e-07 0.08715601044548002 1.7423965434004177e-07 0.99999999999998479 1.2376230644365728e-08 -0.087156010445480853 2.8568980732582345e-09 0.9961946746711845 -3.1666492882606874e-19 5.0077718528701634e-25 -3.2874516238296462e-19 -9.5126729379987539e-07 8.7268232933856016 1.7514604408699846e-05 
1 -5.1150018616873195e-08 -0.011073908864273972 6.608063559905818e-07 0.98480731687941714 -3.5003879563476443e-07 0.17365065108038294 3.4672106799874944e-07 0.99999999999993872 4.9440361437829945e-08 -0.1736506510803896 1.1519109508130648e-08 0.98480731687947809 -3.4752255193820263e-19 4.5229382669629286e-25 2.0230527886367708e-19 -1.8906258863774432e-06 8.7268708292307089 1.7699564122388323e-05 
1 -5.115001861687385e-08 -0.011073908864273972 6.6080635599058614e-07 0.96592505719167909 -5.2687111908514623e-07 0.25882191539545885 5.157152871751326e-07 0.99999999999986089 1.1099833173676393e-07 -0.25882191539548127 2.6262348494372294e-08 0.96592505719181643 1.7831969342665988e-19 3.9887962642606421e-25 6.801410682925448e-19 -2.8055568315856281e-06 8.726541863573523 1.8007542773129575e-05 
1 -5.1150018616870965e-08 -0.011073908864273972 6.608063559905907e-07 0.93969230020508387 -7.0581309221362916e-07 0.34202102411223245 6.7950907125630867e-07 0.99999999999974976 1.9672372541727968e-07 -0.34202102411228574 4.7546618402357762e-08 0.93969230020532846 5.3459255717854511e-19 3.4080513678536213e-25 3.7826671596627671e-19 -3.683907000848414e-06 8.7262642559254715 1.8434947444870697e-05 
1 -5.1150018616865677e-08 -0.011073908864273972 6.6080635599059207e-07 0.90630910797918929 -8.8744693904441077e-07 0.42261542895779219 8.3642250478575969e-07 0.99999999999960332 3.0616394000816331e-07 -0.42261542895789628 7.6005888285792321e-08 0.90630910797957198 3.6534118379057699e-19 2.783787971791658e-25 -4.8000167292959203e-20 -4.5142046791398685e-06 8.7263222577612751 1.8977774416857116e-05 
1 -5.1150018616864036e-08 -0.011073908864273972 6.6080635599058826e-07 0.86602810740091773 -1.0722462096511933e-06 0.49999531716850576 9.8481363772249846e-07 0.9999999999994188 4.3874394679022747e-07 -0.49999531716868562 1.1243761727258087e-07 0.8660281074014704 6.5421178500120235e-20 2.1198931852610672e-25 -8.4069489469537551e-19 -5.2846152240224518e-06 8.7264368829148893 1.9632859891873622e-05 
1 -5.1150018616865082e-08 -0.011073908864273972 6.6080635599057958e-07 0.81915577258899253 -1.2605776970072145e-06 0.57357111174861464 1.1231138071125547e-06 0.99999999999919309 5.9377561327533249e-07 -0.5735711117489003 1.5779091372870929e-07 0.81915577258974726 -2.138359472644609e-19 1.4201609265454913e-25 -6.2910795633128372e-19 -5.9840982761155989e-06 8.7266221364838472 2.0395452942408278e-05 
1 -5.1150018616869218e-08 -0.011073908864273972 6.6080635599057344e-07 0.76604797706158678 -1.4526620291666517e-06 0.64278339807258589 1.2498200381530825e-06 0.99999999999892208 7.7046158742102002e-07 -0.64278339807301221 2.1315303065571595e-07 0.76604797706257666 -6.6872281289323376e-19 6.8878801735337544e-26 -8.297455766064915e-19 -6.6009656678550205e-06 8.7268913030982649 2.1259471461300377e-05 
1 -5.1150018616875802e-08 -0.011073908864273972 6.6080635599056751e-07 0.70710886174004439 -1.6485596294748475e-06 0.70710470062500719 1.3635152640695453e-06 0.99999999999860201 9.6789895828185986e-07 -0.70710470062561426 2.797381219274627e-07 0.70710886174130361 -5.1729066638606522e-19 -6.9636247531669647e-27 -2.5325417725449533e-19 -7.1239527018750208e-06 8.7268415575366003 2.2219703278567623e-05 
1 -5.1150018616881182e-08 -0.011073908864273972 6.6080635599056825e-07 0.64278803458067668 -1.8481532780619072e-06 0.7660440865880338 1.4628769149771759e-06 0.99999999999822775 1.1850930213305435e-06 -0.76604408658886636 3.5886459614807509e-07 0.64278803458224121 -6.6343026118611941e-19 -8.5103337873319646e-26 3.6049834477416324e-19 -7.5427975125548848e-06 8.7269947688710197 2.3266386647627723e-05 
1 -5.115001861688725e-08 -0.011073908864273972 6.6080635599057534e-07 0.57357401870550717 -2.0511113262775921e-06 0.81915373713473794 1.5466719814248567e-06 0.99999999999779432 1.4209548336303896e-06 -0.81915373713584572 4.5193935938136305e-07 0.57357401870741442 -5.308626199226044e-19 -1.6504737158293164e-25 1.0399047431851109e-18 -7.846540205083278e-06 8.7269819038125327 2.4392076023159864e-05 
1 -5.1150018616891578e-08 -0.011073908864273972 6.6080635599058773e-07 0.49999481602529267 -2.2568947960742879e-06 0.86602839673000342 1.613786259534695e-06 0.99999999999729605 1.6743215783720447e-06 -0.8660283967314405 5.6043261746443347e-07 0.49999481602758294 -3.3253360917362688e-19 -2.4633067275276868e-25 1.3632350686238189e-18 -8.0253029497669456e-06 8.7268959707815377 2.5586578867426024e-05 
1 -5.115001861689404e-08 -0.011073908864273972 6.6080635599060001e-07 0.42261113844843939 -2.4647272010562343e-06 0.90631110864495035 1.6632188212282296e-06 0.9999999999967274 1.9439598441579259e-06 -0.90631110864677566 6.8585461094887168e-07 0.42261113845115572 -1.7869780876849043e-19 -3.2847557947975298e-25 8.5561608996724872e-19 -8.0696262776413328e-06 8.7267504863121115 2.683894744130238e-05 
1 -5.1150018616893504e-08 -0.011073908864273972 6.6080635599061441e-07 0.34201244820084542 -2.6735872353396213e-06 0.93969542154280816 1.6940876900388259e-06 0.9999999999960818 2.2285818457578279e-06 -0.93969542154508445 8.297237129379233e-07 0.34201244820403459 2.9440232088458491e-19 -4.1104636319050397e-25 2.1104198798396656e-18 -7.9718835753088139e-06 8.7266047524498571 2.8137737296189256e-05 
1 -5.1150018616889282e-08 -0.011073908864273972 6.6080635599063633e-07 0.25881213696677663 -2.8821983719480224e-06 0.96592767728768569 1.7056365207306038e-06 0.99999999999535294 2.526854749590971e-06 -0.9659276772904799 9.9354084522007243e-07 0.25881213697048988 5.2277083569871954e-19 -4.9353702432906748e-25 2.1761792665395579e-18 -7.7231696917215478e-06 8.7264743506739517 2.946954449015717e-05 
1 -5.1150018616883803e-08 -0.011073908864273972 6.6080635599065666e-07 0.17364301408418223 -3.089017952521427e-06 0.98480866347236129 1.6972430430812161e-06 0.99999999999453426 2.8374075681036422e-06 -0.98480866347574336 1.1787636505337939e-06 0.17364301408847593 5.2277093046472357e-19 -5.755001561557278e-25 1.823123518427134e-18 -7.3168460984987323e-06 8.7264255323272923 3.0820629832994847e-05 
1 -5.115001861688011e-08 -0.011073908864273972 6.6080635599067085e-07 0.087152246067082176 -3.2922351825567835e-06 0.99619500400003214 1.6684177900058229e-06 0.9999999999936191 3.1588482296367656e-06 -0.99619500400407512 1.3867687487907092e-06 0.08715224607201888 1.3655232241550442e-19 -6.5648795065874607e-25 9.0673263039328814e-19 -6.7469135950977307e-06 8.7265194123476562 3.2176114531367692e-05 
1 -5.1150018616875577e-08 -0.011073908864273972 6.6080635599068196e-07 6.123233995736766e-17 0 1 1.6188140519096866e-06 0.99999999999868971 -9.9123772354297752e-23 -0.99999999999868971 1.6188140519096866e-06 6.1232339957287431e-17 7.1923349711235714e-19 -7.3605732919735251e-25 1.2555962181910935e-18 -6.0072317786478749e-06 8.7262375966466443 3.3522164416991044e-05 
1 -5.1150018616868549e-08 -0.011073908864273972 6.6080635599069266e-07 -0.087152282152476113 -3.6793278580802218e-06 0.99619500084174173 1.5482236106004673e-06 0.99999999999147149 3.8288277654195569e-06 -0.99619500084733315 1.8760236987904076e-06 -0.087152282146036417 6.6399970215215026e-19 -8.1380453820707151e-25 9.0052305123156623e-19 -5.0949773093374267e-06 8.7262081957100559 3.4840356967362054e-05 
1 -5.1150018616862772e-08 -0.011073908864273972 6.6080635599070018e-07 -0.17364068203255087 -3.8582707505227065e-06 0.98480907465781631 1.4565731920191623e-06 0.9999999999902256 4.1746072602001703e-06 -0.98480907466429701 2.1593281492829685e-06 -0.17364068202523378 4.6491541430808681e-19 -8.893379394596721e-25 6.0361379052203619e-19 -4.0069163950012392e-06 8.7262517632434058 3.6114148025808577e-05 
1 -5.1150018616859841e-08 -0.011073908864273972 6.6080635599070526e-07 -0.25880853659428232 -4.0237653621748232e-06 0.96592864196571759 1.3439300473056427e-06 0.99999999998885558 4.525785592258474e-06 -0.96592864197316353 2.4694524715627618e-06 -0.2588085365859904 9.1703091253930218e-20 -9.622961590206114e-25 4.7273779297455035e-19 -2.7415037242817345e-06 8.7263857314977482 3.7325574895702508e-05 
1 -5.1150018616858266e-08 -0.011073908864273972 6.6080635599070674e-07 -0.34200694200968068 -4.1727242092852916e-06 0.9396974255577033 1.2104986372518946e-06 0.99999999998735489 4.8810638634491829e-06 -0.93969742556618807 2.8068601787589266e-06 -0.3420069420003049 1.7914542895676128e-19 -1.0323084103055039e-24 -1.0462403300882767e-19 -1.2990906270841883e-06 8.7262939743145473 3.8454076938715844e-05 
1 -5.11500186168572e-08 -0.011073908864273972 6.6080635599070483e-07 -0.42260252285909894 -4.3018431927719257e-06 0.9063151260210871 1.056619037581337e-06 0.9999999999857172 5.2392075640838754e-06 -0.90631512603068065 3.1717321505661284e-06 -0.42260252284851757 3.9708864085122284e-20 -1.0991066724542198e-24 -2.4854192405601237e-19 3.1953975284502745e-07 8.7263306739497644 3.948237833360543e-05 
1 -5.115001861685728e-08 -0.011073908864273972 6.6080635599070251e-07 -0.49998240116643289 -4.4076221267639483e-06 0.86603556422610095 8.8276169259586205e-07 0.99999999998393563 5.5990627148760061e-06 -0.86603556423686723 3.5639358409895965e-06 -0.49998240115451015 -4.3894086754443467e-20 -1.1624147901380317e-24 -1.3927544729060836e-19 2.1113007801149571e-06 8.7263599413888091 4.0389857244323428e-05 
1 -5.115001861685773e-08 -0.011073908864273972 6.6080635599070325e-07 -0.57355750692646768 -4.4863851102061055e-06 0.81916529847654518 6.8952288568322253e-07 0.99999999998200406 5.9595616983357387e-06 -0.81916529848854047 3.9829845705290182e-06 -0.57355750691305252 -2.4502239012072589e-20 -1.2220082479191868e-24 3.2531620986936845e-19 4.0716640360435001e-06 8.7263611392101428 4.115613793381385e-05 
1 -5.1150018616860145e-08 -0.011073908864273972 6.6080635599070293e-07 -0.64276853679818058 -4.5342819546499406e-06 0.76606044675454055 4.7759327563305352e-07 0.99999999997991684 6.3196891394569187e-06 -0.76606044676781082 4.4279626592864978e-06 -0.64276853678310619 -3.9635869815210456e-19 -1.2776861464208477e-24 -2.3762324202578139e-19 6.1845573094839422e-06 8.7265459878743812 4.1755840538743109e-05 
1 -5.1150018616864837e-08 -0.011073908864273972 6.608063559907006e-07 -0.70708890487910714 -4.5473626602325499e-06 0.70712465702744831 2.4778886609215849e-07 0.99999999997766775 6.6785557131463779e-06 -0.70712465704202643 4.8975502623334156e-06 -0.70708890486218956 -5.3821945623764822e-19 -1.3292900605422249e-24 -1.7822378032086446e-19 8.4516848330275813e-06 8.7266482163449819 4.2173195806191002e-05 
1 -5.1150018616870779e-08 -0.011073908864273972 6.6080635599069933e-07 -0.76602869035461241 -4.5216118717504318e-06 0.64280638261699941 1.0410740900152431e-09 0.99999999997525146 7.03541453003094e-06 -0.64280638263290224 5.389998587611253e-06 -0.76602869033564958 -6.4113394019259441e-19 -1.3767166428878767e-24 -7.022855870098449e-20 1.0858272484725613e-05 8.7267463879854574 4.2385278325944535e-05 
1 -5.115001861687747e-08 -0.011073908864273972 6.6080635599069954e-07 -0.81913904702909313 -4.4529698808704242e-06 0.57359499789698321 -2.6162889677924401e-07 0.99999999997266242 7.3896380740874674e-06 -0.5735949979142082 5.9030720634000294e-06 -0.81913904700786488 -6.8751003259322613e-19 -1.4199047474591966e-24 7.2709021119010181e-20 1.3391141500173321e-05 8.7268238876916833 4.2371012496927163e-05 
1 -5.1150018616884266e-08 -0.011073908864273972 6.6080635599070102e-07 -0.86601537532836537 -4.3373852235896701e-06 0.50001736937436236 -5.391119716157692e-07 0.99999999996989508 7.7407430303054239e-06 -0.50001736939288399 6.4340371308648371e-06 -0.86601537530463235 -6.5811008355634845e-19 -1.4588423326409661e-24 2.3262178007711365e-19 1.6034948288127906e-05 8.7268571107667938 4.2109548842678824e-05 
1 -5.1150018616890314e-08 -0.011073908864273972 6.6080635599070399e-07 -0.90630045474517673 -4.1708631384986526e-06 0.42263398551381293 -8.3022093960788373e-07 0.99999999996694422 8.0884018806468261e-06 -0.42263398553357812 6.9796427180284588e-06 -0.90630045471868104 -5.3204948602181303e-19 -1.4935688127534595e-24 3.8722905794604535e-19 1.8772125814068584e-05 8.7268137553154652 4.1580418581889607e-05 
1 -5.1150018616894516e-08 -0.011073908864273972 6.6080635599070865e-07 -0.9396872678615269 -3.9495176187311701e-06 0.34203484998365308 -1.1337010031555091e-06 0.99999999996380418 8.4324542382128208e-06 -0.34203485000457701 7.5361046319329485e-06 -0.93968726783199186 -2.8679524634285644e-19 -1.5241773653854763e-24 5.0993690535501893e-19 2.1582832191661577e-05 8.7266509559131222 4.0763695939572419e-05 
1 -5.1150018616895575e-08 -0.011073908864273972 6.6080635599071405e-07 -0.96592150863279425 -3.6696268695565976e-06 0.25883515825150283 -1.4482411468248076e-06 0.99999999996046918 8.7729179117158968e-06 -0.25883515827346421 8.0990943779715463e-06 -0.96592150859992509 1.0183544339867092e-19 -1.5508171936189521e-24 5.6983817798325704e-19 2.4444906989956438e-05 8.7263132728143091 3.9640168143757903e-05 
1 -5.115001861689848e-08 -0.011073908864273972 6.6080635599072358e-07 -0.98480547292679943 -3.3277510325657146e-06 0.17366110814557439 -1.7726880266992434e-06 0.99999999995693567 9.1096859788033057e-06 -0.17366110816841057 8.6634216414570429e-06 -0.98480547289028841 -3.9724945626068801e-19 -1.5737964633484651e-24 1.1707201947470937e-18 2.727782900406377e-05 8.7272555338818165 3.8212848308828584e-05 
1 -5.1150018616901981e-08 -0.011073908864273972 6.6080635599073649e-07 -0.99619417992523973 -2.92070550732852e-06 0.087161665166221217 -2.1056417910333886e-06 0.99999999995319699 9.4431125012051689e-06 -0.087161665189722334 9.2236424693298082e-06 -0.99619417988476477 -2.9916653629592724e-19 -1.593004000055592e-24 1.3919193914766816e-18 3.0132471894458953e-05 8.7273549497168972 3.6437270017884832e-05 
1 -5.1150018616904409e-08 -0.011073908864273972 6.6080635599075142e-07 -0.99999999999358058 -2.445651598238016e-06 -2.6187108810351709e-06 -2.4456771927945398e-06 0.99999999994924604 9.7737650749829111e-06 2.6186869776780847e-06 9.7737714794416446e-06 -0.99999999994880795 -1.855756894912208e-19 -1.6088700051330726e-24 1.5588744829838976e-18 3.2947557326856454e-05 8.7274157095776417 3.4310802992998661e-05 
1 -5.115001861690566e-08 -0.011073908864273972 6.6080635599076752e-07 -0.99619364845008684 -1.9001860787531067e-06 -0.087167739354040819 -2.7914089998683886e-06 0.99999999994507538 1.0102336526933653e-05 0.087167739330056837 1.0307204294767667e-05 -0.99619364840067559 -6.2149990493712439e-20 -1.621717017923354e-24 1.6454728280865943e-18 3.5690060394487241e-05 8.72740596327818 3.1821203904232141e-05 
1 -5.1150018616905647e-08 -0.011073908864273972 6.6080635599078393e-07 -0.98480405128076354 -1.2823987008747048e-06 -0.17366916991611001 -3.1414570195132147e-06 0.99999999994067601 1.0429720484167269e-05 0.1736691698924322 1.081680521943989e-05 -0.98480405122636971 6.436766703885053e-20 -1.6319202936509261e-24 1.6229354151736169e-18 3.8324625981867776e-05 8.7272817896182442 2.8958285133479025e-05 
1 -5.1150018616904376e-08 -0.011073908864273972 6.6080635599079938e-07 -0.96591838233776139 -5.9094220648845174e-07 -0.25884682470846121 -3.4944590327075421e-06 0.99999999993603761 1.0757018219960329e-05 0.25884682468554798 1.1294931262492053e-05 -0.96591838227804405 1.8616583782404059e-19 -1.6399090975393324e-24 1.4598162330225268e-18 4.0813625273939271e-05 8.7269848677882891 2.5714149009094012e-05 
1 -5.1150018616901961e-08 -0.011073908864273972 6.6080635599081241e-07 -0.93968173855539239 1.7489707843010221e-07 -0.3420500405284066 -3.8490842129137173e-06 0.99999999993114763 1.1085545312601809e-05 0.34205004050679444 1.1733463903204634e-05 -0.9396817384900199 2.9436574176384193e-19 -1.6461680610785216e-24 1.1220015726802891e-18 4.3117227480996361e-05 8.7264400225723655 2.2083426259325646e-05 
1 -5.1150018616898573e-08 -0.011073908864273972 6.608063559908212e-07 -0.90629645299800488 1.0151288230687529e-06 -0.42264256681290935 -4.2040470638493437e-06 0.99999999992599087 1.1416838113547009e-05 0.42264256679321949 1.2123849128827651e-05 -0.90629645292666305 3.7902243398359511e-19 -1.6512385782413819e-24 5.7270926726700451e-19 4.5193487339867076e-05 8.7255526627514843 1.8063518258001547e-05 
1 -5.1150018616893047e-08 -0.011073908864273972 6.6080635599083665e-07 -0.8660088501660117 1.9282466699702392e-06 -0.50002867060842027 -4.5587329488566609e-06 0.99999999992055855 1.1751625645626279e-05 0.50002867059135725 1.2456508989025829e-05 -0.86600885008842443 6.4274978125765477e-19 -1.6557669311849036e-24 1.7782449584489927e-18 4.6906566661572864e-05 8.7276371109066631 1.3805125018618139e-05 
1 -5.1150018616886006e-08 -0.011073908864273972 6.6080635599085444e-07 -0.81912663893033599 2.9127435341593542e-06 -0.57361271724588436 -4.9117933451994161e-06 0.99999999991482891 1.2091998833616565e-05 0.57361271723224994 1.272234548981997e-05 -0.81912663884626324 7.5939606635123538e-19 -1.6596662100216759e-24 1.7474763533761169e-18 4.8350246589779374e-05 8.7276553316230796 9.094593284779975e-06 
1 -5.1150018616877953e-08 -0.011073908864273972 6.6080635599087149e-07 -0.7660082977309608 3.9660670167477766e-06 -0.64283068361084483 -5.2620946361880765e-06 0.99999999990877719 1.2440095619319806e-05 0.64283068360154227 1.2911852361171287e-05 -0.76600829764021339 8.4686566077847072e-19 -1.6638836312573936e-24 1.6659830514213061e-18 4.9422278981399223e-05 8.7275870465592984 4.0322542710843087e-06 
1 -5.1150018616869198e-08 -0.011073908864273972 6.6080635599088758e-07 -0.70705885983535799 5.0845578047315623e-06 -0.7071546992719987 -5.608693478962606e-06 0.99999999990237565 1.2798096696456267e-05 0.70715469926803587 1.3015221608683652e-05 -0.70705885973781402 8.9542813440255062e-19 -1.6690518660566265e-24 1.5282372518573732e-18 5.0074436592300624e-05 8.7273799881104797 -1.3661557296125619e-06 
1 -5.1150018616860211e-08 -0.011073908864273972 6.6080635599090188e-07 -0.64272865296195503 6.2635049875959409e-06 -0.76609390979336156 -5.9507470753316433e-06 0.99999999989559107 1.3168386420808735e-05 0.76609390979585479 1.302253035906113e-05 -0.64272865285757586 8.9457388249182096e-19 -1.6758464473325858e-24 1.3286877055861934e-18 5.0257620390579089e-05 8.7269653462060877 -7.0805031284693542e-06 
1 -5.1150018616851516e-08 -0.011073908864273972 6.6080635599091384e-07 -0.57351022255514839 7.497092046155693e-06 -0.81919840366576502 -6.2875245900379835e-06 0.99999999988838406 1.3553556284519598e-05 0.81919840367594166 1.2923833188316929e-05 -0.57351022244399741 8.3301474171457103e-19 -1.6849872328006245e-24 1.0617584718009502e-18 4.9922129228264361e-05 8.7262551751089763 -1.3086029352280583e-05 
1 -5.1150018616843787e-08 -0.011073908864273972 6.6080635599092284e-07 -0.49993494893366691 8.7783496362990843e-06 -0.86606295773323116 -6.6184188708598995e-06 0.99999999988070765 1.3956408627743191e-05 0.8660629577524307 1.2709263857422536e-05 -0.49993494881592965 6.9868454089227408e-19 -1.6972400343251694e-24 7.2184764885242159e-19 4.9017951276528383e-05 8.7251397116111971 -1.9353130437046163e-05 
1 -5.1150018616837825e-08 -0.011073908864273972 6.6080635599092803e-07 -0.42256935184141187 1.0099116707680329e-05 -0.90633059243431524 -6.9429585116708003e-06 0.99999999987250598 1.4379960572141715e-05 0.90633059246398839 1.2369146319604453e-05 -0.42256935171741905 4.7873959370592517e-19 -1.713418336215411e-24 3.0332607772302396e-19 4.7495077517207854e-05 8.7234846270548765 -2.5847144844661274e-05 
1 -5.1150018616828282e-08 -0.011073908864273972 6.6080635599093502e-07 -0.34196897930499337 1.1447789247096659e-05 -0.93971124131940087 -7.2620995496618684e-06 0.99999999986374088 1.4824981764170256e-05 0.93971124136106998 1.189396046450625e-05 -0.34196897917526198 1.015038108206686e-18 -1.7337665944864291e-24 6.668684345914473e-19 4.5338855424349294e-05 8.7270081218423581 -3.2150223974892502e-05 
1 -5.1150018616818164e-08 -0.011073908864273972 6.6080635599094073e-07 -0.25876195020776099 1.2814482109624269e-05 -0.96594112292647805 -7.5750434811507693e-06 0.9999999998543323 1.5295564896426231e-05 0.96594112298177626 1.1274956208528293e-05 -0.25876195007299746 1.004460316227162e-18 -1.7587601834154994e-24 5.0169623525588991e-19 4.2459387977223883e-05 8.7268788090760552 -3.8786231902538145e-05 
1 -5.1150018616808271e-08 -0.011073908864273972 6.6080635599094507e-07 -0.17358599688818363 1.4187208038436953e-05 -0.98481871503493401 -7.8816832650208574e-06 0.99999999984419607 1.5795148533900786e-05 0.9848187151055845 1.0503845789624296e-05 -0.17358599674931921 9.7020606186360753e-19 -1.7894408542647148e-24 3.472972035894684e-19 3.8833839639798565e-05 8.726619295853995 -4.5466966547957557e-05 
1 -5.1150018616798854e-08 -0.011073908864273972 6.6080635599094783e-07 -0.087091180097628437 1.5552482969993933e-05 -0.9962003443621783 -8.1821863013361174e-06 0.99999999983323862 1.6327116648987088e-05 0.99620034444997763 9.5730446675784989e-06 -0.08709117995585168 9.103218386834106e-19 -1.8265666333699622e-24 2.120908429122862e-19 3.4422250175670189e-05 8.7261605438803311 -5.21304121146999e-05 
1 -5.1150018616790159e-08 -0.011073908864273972 6.6080635599094931e-07 6.123233995736766e-17 0 -1 -8.4758387497788621e-06 0.99999999996408007 -5.1899543975028941e-22 0.99999999996408007 8.4758387497788621e-06 6.1232339955168193e-17 8.2287737016032943e-19 -1.8709247449080492e-24 1.0527291020520393e-19 2.9187665258473177e-05 8.7254138253277151 -5.8708742551335701e-05 
1 -5.115001861678249e-08 -0.011073908864273972 6.6080635599095005e-07 0.087204270459213695 1.820037283203465e-05 -0.99619045110983806 -8.7662344861599308e-06 0.99999999980840615 1.7502596743506771e-05 0.99619045123752781 7.2065379071429528e-06 0.087204270602054629 7.0596533753776318e-19 -1.9233351489790634e-24 3.6814069505277999e-20 2.3096654584048021e-05 8.7242679954331788 -6.5128296463405166e-05 
1 -5.115001861677615e-08 -0.011073908864273972 6.6080635599095026e-07 0.17366907271303744 1.9449748894086219e-05 -0.98480406823118927 -9.0509154554859562e-06 0.99999999979426113 1.8153747910319716e-05 0.98480406838166268 5.7606337959276318e-06 0.17366907285334501 5.5770104700687485e-19 -1.9846543259165074e-24 1.7458555082576099e-20 1.611984917002026e-05 8.7225867042571643 -7.1309579127394577e-05 
1 -5.1150018616771445e-08 -0.011073908864273972 6.6080635599095058e-07 0.25879130335903955 2.0625304013707678e-05 -0.9659332590196521 -9.3317443532851818e-06 0.99999999977874954 1.8852575532833781e-05 0.96593325919477901 4.1349596416902072e-06 0.25879130349425189 3.7622203823132016e-19 -2.05577916453942e-24 5.8722836537686513e-20 8.2324973514572409e-06 8.7202055719260834 -7.7167292946203281e-05 
1 -5.1150018616765893e-08 -0.011073908864273972 6.6080635599094709e-07 0.34197675540199807 2.1704113749022873e-05 -0.93970841131366567 -9.6119826959112847e-06 0.9999999997617508 1.9598674298102632e-05 0.93970841151515272 2.3301699421035749e-06 0.34197675552914192 5.2556166022843249e-19 -2.1358187755241935e-24 -4.0661121516692653e-19 -1.2460821534144098e-07 8.7249387125859599 -8.2122328169727542e-05 
1 -5.1150018616761029e-08 -0.011073908864273972 6.6080635599094264e-07 0.42256141791476248 2.266744168631176e-05 -0.90633429129436149 -9.8914434113704167e-06 0.999999999743034 2.0398322677333411e-05 0.90633429152384215 3.4541020050583013e-07 0.42256141803039221 4.469866791728192e-19 -2.2262680842025868e-24 -4.8350487393537144e-19 -9.649613671375765e-06 8.7246405820189459 -8.6834283697562501e-05 
1 -5.115001861675694e-08 -0.011073908864273972 6.6080635599093777e-07 0.49992940608353026 2.3493779900902336e-05 -0.86606615704633727 -1.0171424138917369e-05 0.99999999972237008 2.1255634706208925e-05 0.86606615730526659 -1.8171906189229896e-06 0.49992940618370008 3.7179704529385782e-19 -2.3278239922436635e-24 -5.27301852917924e-19 -2.0053985630307472e-05 8.7241931370654271 -9.089370582784654e-05 
1 -5.1150018616753571e-08 -0.011073908864273972 6.6080635599093226e-07 0.57349078692431432 2.4160739203921285e-05 -0.81921200963437379 -1.045344861467729e-05 0.99999999969950404 2.2174702654401475e-05 0.81921200992396104 -4.1533970278459354e-06 0.5734907870045457 3.0358505588551864e-19 -2.4411758844543321e-24 -5.3194271352759485e-19 -3.1324846266050448e-05 8.7235192791968608 -9.4193419736984994e-05 
1 -5.1150018616750838e-08 -0.011073908864273972 6.6080635599092708e-07 0.64268418918057468 2.4645321450411664e-05 -0.76613121093577397 -1.0739185227871608e-05 0.99999999967414765 2.3159762503441094e-05 0.76613121125690808 -6.6567882030458635e-06 0.64268418923582515 2.462529629545553e-19 -2.5670396445891842e-24 -4.9106693116922194e-19 -4.3440492929728865e-05 8.7225206387993381 -9.6622439163912969e-05 
1 -5.1150018616748588e-08 -0.011073908864273972 6.6080635599092252e-07 0.70698130096773293 2.4924095869609208e-05 -0.70723223870293217 -1.1030446527413556e-05 0.99999999964597641 2.4215208933332011e-05 0.70723223905609744 -9.3186125234168561e-06 0.70698130099236889 2.040119208059313e-19 -2.7061657085284836e-24 -3.9801376352247058e-19 -5.6369778544140325e-05 8.7210747762271836 -9.8066411567671442e-05 
1 -5.1150018616746689e-08 -0.011073908864273972 6.6080635599091945e-07 0.76589128476075097 2.4973398445668142e-05 -0.64297009207571665 -1.132918960478851e-05 0.99999999961462471 2.5345612580087647e-05 0.64297009246089798 -1.2127653698677462e-05 0.76589128474852375 1.8138089238524933e-19 -2.8593474556738864e-24 -2.4582307876668938e-19 -7.0071494432386025e-05 8.7190323348851599 -9.8408111598570036e-05 
1 -5.1150018616744922e-08 -0.011073908864273972 6.6080635599091786e-07 0.81896587341818994 2.4769513438066483e-05 -0.57384222357966341 -1.1637589790949885e-05 0.99999999957968322 2.6555599978278789e-05 0.57384222399623708 -1.5069989727608488e-05 0.81896587336222237 2.9278855996838304e-20 -3.0272810339592229e-24 -4.6818272179698589e-19 -8.3839942719743125e-05 8.7218564285676479 -9.7439872042966836e-05 
1 -5.1150018616744942e-08 -0.011073908864273972 6.608063559909132e-07 0.86583861513114191 2.4287023855431024e-05 -0.5003233873785301 -1.1961381609600961e-05 0.99999999954085228 2.7842787500613783e-05 0.50032338782502628 -1.81228016062793e-05 0.86583861502410053 -3.0827447053563346e-20 -3.2082478694946148e-24 -4.3756262147377156e-19 -9.8529072012274119e-05 8.7215041968841369 -9.5175110213136641e-05 
1 -5.1150018616745505e-08 -0.011073908864273972 6.6080635599090908e-07 0.90612812336077631 2.3504263172194724e-05 -0.42300333745991558 -1.2300634109189416e-05 0.99999999949757046 2.9215638659232135e-05 0.42300333793407824 -2.1269902550016162e-05 0.90612812319462821 -8.0320299031498164e-20 -3.404019356340289e-24 -3.9489625042829766e-19 -0.00011369242229542818 8.7210684909732024 -9.1459300457439479e-05 
1 -5.115001861674651e-08 -0.011073908864273972 6.6080635599090548e-07 0.93952835678765578 2.2398955930201568e-05 -0.34247111745397485 -1.2657900234524625e-05 0.99999999944930362 3.0678498637344292e-05 0.34247111795254359 -2.4488354175517842e-05 0.93952835655378464 -1.1680830507163728e-19 -3.6150974834596929e-24 -3.4158053737100046e-19 -0.00012922775981172069 8.7204920821403018 -8.6181010366345512e-05 
1 -5.1150018616747788e-08 -0.011073908864273972 6.608063559909023e-07 0.96578579914835361 2.0949888290098709e-05 -0.25934106833372572 -1.3035815352875843e-05 0.99999999939545836 3.2235862152569367e-05 0.25934106885228092 -2.7752215610039366e-05 0.96578579883759474 -1.3779229692640594e-19 -3.8420184211427788e-24 -2.7926335311309708e-19 -0.00014501959876257422 8.7196992792794052 -7.9231772760398762e-05 
1 -5.1150018616749197e-08 -0.011073908864273972 6.6080635599089986e-07 0.98470172223114827 1.9137225413766452e-05 -0.17424843720612551 -1.3437091469628491e-05 0.99999999933537476 3.3892403190627403e-05 0.17424843773892215 -3.1032515603184744e-05 0.98470172183383931 -1.4066669240804217e-19 -4.085366854101016e-24 -2.0984355242922098e-19 -0.00016093886957405568 8.7185931929607534 -7.0507119297172246e-05 
1 -5.115001861675054e-08 -0.011073908864273972 6.6080635599089828e-07 0.99613417467806431 1.6942846317152414e-05 -0.087844782152337944 -1.3864513333696175e-05 0.99999999926831917 3.5653008420578673e-05 0.087844782692127032 -3.4297254964376489e-05 0.99613417418411632 -1.2272085267228824e-19 -4.3457910529919301e-24 -1.354709537792047e-19 -0.00017684263241930619 8.7170529253037579 -5.9907666778975045e-05 
1 -5.1150018616751573e-08 -0.011073908864273972 6.6080635599089722e-07 0.99999968534157346 1.4350693862489261e-05 -0.00079316505943662042 -1.4320936571879126e-05 0.9999999991934746 3.7522814306071789e-05 0.00079316559727533355 -3.7511443632694857e-05 0.99999968474056378 -8.1140443725634131e-20 -4.6240184289681942e-24 -5.8546262409224902e-20 -0.00019257383910686713 8.7149307091598871 -4.7340255763008297e-05 
1 -5.1150018616752228e-08 -0.011073908864273972 6.6080635599089722e-07 0.99627423333299758 1.134740304405165e-05 0.08624182203539299 -1.4809692241043469e-05 0.99999999910995507 3.9506490806664764e-05 -0.086241821510337824 -4.0636513682738065e-05 0.99627423261432035 -1.9212552084825551e-19 -4.9209459440584922e-24 1.2523753615741639e-20 -0.00020712986360581898 8.7177377156509177 -3.3254546956587366e-05 
1 -5.1150018616754187e-08 -0.011073908864273972 6.6080635599089753e-07 0.98498224646932686 7.9256988439076673e-06 0.17265565173900743 -1.5338517899646055e-05 0.99999999901708636 4.1599964494896729e-05 -0.17265565123959303 -4.3623508285901438e-05 0.98498224562274295 -1.990101808547925e-19 -5.2332394507432101e-24 8.3035125707704388e-20 -0.00022151141186306381 8.7173238787355221 -1.683122295708853e-05 
1 -5.1150018616756198e-08 -0.011073908864273972 6.6080635599089859e-07 0.96621024366962305 4.0765296720167373e-06 0.25775524245157388 -1.5907251090388816e-05 0.99999999891365809 4.3813732660323871e-05 -0.25775524199295557 -4.6433454671348484e-05 0.96621024268483469 -2.0087391187316193e-19 -5.5633209619290167e-24 1.4653387199056992e-19 -0.00023505757571381871 8.7168412614895239 1.6702208274974582e-06 
1 -5.1150018616758184e-08 -0.011073908864273972 6.6080635599090039e-07 0.94010186762772774 -2.0353183281486851e-07 0.34089364687951729 -1.6519094280130976e-05 0.99999999879852375 4.6152702934943747e-05 -0.34089364647933518 -4.9019496517508741e-05 0.9401018664948555 -1.9827423340137159e-19 -5.9116022700488301e-24 1.9950845096017421e-19 -0.00024754841444539786 8.7162344907458902 2.2278829022914071e-05 
1 -5.1150018616760142e-08 -0.011073908864273972 6.6080635599090262e-07 0.90685710045834755 -4.9138884129021422e-06 0.42143825090294312 -1.7177243245993167e-05 0.99999999867041911 4.8622054040882327e-05 -0.42143825058153023 -5.1332402294769386e-05 0.90685709916820068 -1.9188779733498374e-19 -6.2785775016592029e-24 2.3819395525140693e-19 -0.00025875183470759383 8.7154299506695487 4.5007845656892126e-05 
1 -5.1150018616762022e-08 -0.011073908864273972 6.6080635599090505e-07 0.86673117686229106 -1.0049535178338647e-05 0.49877556771950521 -1.7884882913779655e-05 0.99999999852794785 5.122729025455937e-05 -0.498775567500092 -5.3320832198717745e-05 0.86673117540668276 -1.8251144555180951e-19 -6.6648464719704195e-24 2.5857295407986345e-19 -0.00026842418517847072 8.7143330570949811 6.9853239948284505e-05 
1 -5.1150018616763789e-08 -0.011073908864273972 6.608063559909077e-07 0.82003315975061886 -1.5600685271309048e-05 0.57231601119139985 -1.8645186786331765e-05 0.99999999836956588 5.3974301044110764e-05 -0.57231601110031249 -5.4931655560005267e-05 0.82003315812273114 -1.7106322507084064e-19 -7.0711390069528231e-24 2.5637638077850803e-19 -0.00027631095172688316 8.7128254555024611 9.6792215581577198e-05 
1 -5.115001861676543e-08 -0.011073908864273972 6.6080635599091013e-07 0.76712416491266688 -2.1552410843130546e-05 0.64149864781037313 -1.946132019305759e-05 0.99999999819356267 5.6869425882529323e-05 -0.64149864787721922 -5.6110321427649264e-05 0.76712416310746678 -1.5858336927311675e-19 -7.4983398791985033e-24 2.2708446506776336e-19 -0.00028214755624599496 8.7107621658666474 0.0001257817068489944 
1 -5.1150018616766945e-08 -0.011073908864273972 6.6080635599091236e-07 0.70840934456332683 -2.7882681573555066e-05 0.70580181337108638 -2.0337494714570476e-05 0.99999999799813355 5.9917602955083447e-05 -0.70580181362882888 -5.6800430486185041e-05 0.70840934257812205 -1.3871197917874255e-19 -7.9478860327082099e-24 3.9203013651532517e-19 -0.00028522805311863596 8.7135473924126128 0.00015534034131516202 
1 -5.1150018616768249e-08 -0.011073908864273972 6.6080635599091659e-07 0.64430001928373892 -3.4554538115782702e-05 0.76477283160227227 -2.1283194798963933e-05 0.99999999778187154 6.3113252542462464e-05 -0.76477283208675717 -5.6940678982114457e-05 0.64430001711916773 -1.2345610381312019e-19 -8.4143365314606366e-24 4.2379601853996884e-19 -0.00028591532977393882 8.7131485986542447 0.00018738973214211472 
1 -5.115001861676942e-08 -0.011073908864273972 6.6080635599092093e-07 0.57530439075080464 -4.1541023494416306e-05 0.81793939644523095 -2.2297153044241485e-05 0.99999999754226832 6.6470295569819683e-05 -0.81793939719619957 -5.6478372799274853e-05 0.57530438841061438 -1.0989773098207356e-19 -8.9013962519422364e-24 4.4749884781478874e-19 -0.00028370503571145667 8.7126857525037593 0.0002209898806113931 
1 -5.1150018616770459e-08 -0.011073908864273972 6.6080635599092549e-07 0.5019471463505002 -4.8801819242511045e-05 0.86489829453466482 -2.3382705130580716e-05 0.99999999727696265 6.9995167762983365e-05 -0.8648982955954061 -5.5357536506000262e-05 0.50194714384256089 -9.9419233860488297e-20 -9.4096599344084781e-24 4.6225582216788881e-19 -0.00027832242893943932 8.7121030748803143 0.00025596674676773288 
1 -5.1150018616771425e-08 -0.011073908864273972 6.6080635599093015e-07 0.42478690351991044 -5.6289845498475468e-05 0.90529336870951371 -2.4543113964811897e-05 0.99999999698335396 7.3694827575750173e-05 -0.90529337012683453 -5.3523315931162669e-05 0.42478690085695059 -9.3519020114878213e-20 -9.939887234008231e-24 4.6720476517086015e-19 -0.00026949389775739175 8.7113267439661293 0.00029211714365727937 
1 -5.1150018616772358e-08 -0.011073908864273972 6.608063559909347e-07 0.3444123074245754 -6.3951082502113768e-05 0.93881849065979672 -2.5781574489160944e-05 0.99999999665857198 7.75768421391992e-05 -0.93881849248392546 -5.0922638052620787e-05 0.34441230462498684 -9.3811804107359982e-20 -1.0493037323988643e-23 4.6150544609218242e-19 -0.00025694900356005061 8.7102622182046225 0.00032920764202552214 
1 -5.1150018616773318e-08 -0.011073908864273972 6.6080635599093915e-07 0.26143788255099326 -7.1724449293596312e-05 0.9652203004614317 -2.7101224382046984e-05 0.99999999629944303 8.16494801316155e-05 -0.96522030274584292 -4.7504919137910989e-05 0.26143787963970705 -1.0202881765576695e-19 -1.1070304759130097e-23 4.4434090804091911e-19 -0.0002404226514972334 8.7087914846477776 0.00036697355078783237 
1 -5.1150018616774429e-08 -0.011073908864273972 6.6080635599094359e-07 0.17649962875505418 -7.9541749520630283e-05 0.98430070340442111 -2.8505161020191063e-05 0.99999999590244903 8.592181153569904e-05 -0.98430070620557009 -4.3222817880842954e-05 0.17649962576448758 -1.2001796582792685e-19 -1.1673156095097853e-23 4.1491880936800108e-19 -0.00021965738941650881 8.7067702555417572 0.00040511798002739645 
1 -5.1150018616775561e-08 -0.011073908864273972 6.6080635599094772e-07 0.090238618208830751 -8.7323883856390601e-05 0.99592016957098528 -2.9998678448408937e-05 0.99999999546398333 9.0399738354878661e-05 -0.99592017294753099 -3.8033836402829083e-05 0.090238615179905765 -5.0320212941282653e-20 -1.2303539561885717e-23 4.7101373243763306e-19 -0.00019527105396516676 8.7096525773960689 0.00044124187553358399 
1 -5.1150018616776004e-08 -0.011073908864273972 6.6080635599095249e-07 6.123233995736766e-17 0 1 -3.1593050752113545e-05 0.99999999950093954 1.9345164239437865e-21 -0.99999999950093954 -3.1593050752113545e-05 6.1232339926809025e-17 -3.7710404772371344e-20 -1.2954094142814422e-23 4.7045493142919886e-19 -0.00016583296571210239 8.7092938795754868 0.00047796798531901761 
1 -5.1150018616776315e-08 -0.011073908864273972 6.6080635599095714e-07 -0.083729023117936771 -0.00010240904849769273 0.99648855497697653 -3.3285287212795299e-05 0.99999999444872911 9.9973153579236825e-05 -0.99648855968335415 -2.4797753269463312e-05 -0.083729026061848871 -2.6475849354082036e-20 -1.3630419007908261e-23 4.6993775737771276e-19 -0.00013167317714987155 8.7088660112329475 0.00051371188462810094 
1 -5.1150018616776534e-08 -0.011073908864273972 6.608063559909618e-07 -0.17008579409929148 -0.00010953331050575332 0.98542925197503006 -3.5078736289653398e-05 0.9999999938619174 0.00010509827560733683 -0.98542925743814602 -1.6691889197002372e-05 -0.17008579689758094 -1.6949372230838608e-20 -1.4333695686687098e-23 4.7074535276616784e-19 -9.2645833023425066e-05 8.7083110738502185 0.00054801964322347607 
1 -5.1150018616776666e-08 -0.011073908864273972 6.6080635599096667e-07 -0.2551481941868442 -0.00011624133288775859 0.96690195236701482 -3.6976669100624549e-05 0.99999999321533584 0.00011046290835338994 -0.96690195864726536 -7.5684019544286778e-06 -0.25514819675396672 -9.4653288451287073e-21 -1.5065383158031401e-23 4.7430430677959774e-19 -4.8633621937869227e-05 8.7075530553572822 0.00058040561089718579 
1 -5.1150018616776732e-08 -0.011073908864273972 6.6080635599097123e-07 -0.3382690453525441 -0.00012242233564868063 0.94104943439175937 -3.8982299406227798e-05 0.9999999925030536 0.00011607873670919217 -0.94104944154739223 2.5815726448268832e-06 -0.33826904758886328 -4.3589759787819655e-21 -1.5827266789074105e-23 4.8218584439337958e-19 4.4891061837996991e-07 8.7064951856524537 0.00061035309755269628 
1 -5.1150018616776765e-08 -0.011073908864273972 6.608063559909762e-07 -0.41881515090944094 -0.00012795994580905068 0.90807150213788479 -4.1098811472490052e-05 0.9999999917184923 0.00012195861180487038 -0.90807151022350097 1.3757454937856901e-05 -0.41881515270002173 -1.9657901143528745e-21 -1.6621508972237944e-23 4.9610698416540406e-19 5.4651976700088607e-05 8.7050172215438462 0.0006373152576143365 
1 -5.1150018616776785e-08 -0.011073908864273972 6.6080635599098139e-07 -0.49617227885803333 -0.0001327328460683716 0.86822407941430513 -4.3329397378822303e-05 0.99999999085433799 0.00012811669435669598 -0.86822408847911459 2.5948326047915368e-05 -0.49617228007144359 -2.6207340566086108e-21 -1.7450700718432863e-23 5.1793167261175687e-19 0.00011398709354482712 8.7029726839079338 0.00066071618671554276 
1 -5.1150018616776726e-08 -0.011073908864273972 6.6080635599098647e-07 -0.56976309287397053 -0.00013661084202781966 0.8218089798342223 -4.5681564763609873e-05 0.99999998990330974 0.00013456067496825418 -0.82180898991911855 3.9126186213508349e-05 -0.56976309336184594 3.1917429884449329e-20 -1.8317243408774009e-23 4.6821206377832389e-19 0.00017540859476818907 8.7060466196978332 0.00067836054657533765 
1 -5.1150018616776342e-08 -0.011073908864273972 6.6080635599099124e-07 -0.63906138970534399 -0.0001394530127424971 0.76915571943575356 -4.8169013142420507e-05 0.99999998885916785 0.00014128485554142892 -0.76915573056931752 5.3240224168555624e-05 -0.6390613893029824 4.5640373969627676e-20 -1.9211931300833886e-23 4.6679606249353416e-19 0.00024315445262834809 8.705713943788755 0.0006919847885713215 
