1010 0.99999999999999989 1.9999999999999996 3 0.99802119662406841 -0.052304074592470842 0.034899496702500962 0.052936230700974793 0.99844556184471678 -0.017441774902830155 -0.033932971697683695 0.019254708868561697 0.99923861495548261 0 0 0 0 0 0 
2020 11 12.000000000000004 13 0.81379768134937369 -0.4698463103929541 0.34202014332566877 0.54383814248232554 0.82317294464550095 -0.16317591116653488 -0.20487412870286215 0.31879577759716793 0.92541657839832325 0 0 0 0 0 0 
1011 0.99999999999999989 1.9999999999999996 3 0.99802119662406841 -0.052304074592470842 0.034899496702500962 0.052936230700974793 0.99844556184471678 -0.017441774902830155 -0.033932971697683695 0.019254708868561697 0.99923861495548261 0 0 0 0 0 0 
2022 11 12.000000000000004 13 0.81379768134937369 -0.4698463103929541 0.34202014332566877 0.54383814248232554 0.82317294464550095 -0.16317591116653488 -0.20487412870286215 0.31879577759716793 0.92541657839832325 0 0 0 0 0 0 
1010 0.99999999999998679 1.9999999999999949 3.000000000000008 0.99802119662406841 -0.052304074592469364 0.034899496702504355 0.052936230700973308 0.99844556184471689 -0.017441774902828163 -0.03393297169768722 0.019254708868559834 0.9992386149554825 -8.5210988866360485e-12 -3.0720050953401531e-12 4.7061999821589447e-12 -1.2697347163921041e-12 2.1740078411895078e-12 -9.4696254727865484e-13 
2020 11.00000000000011 11.999999999999968 12.999999999999957 0.81379768134937269 -0.4698463103929586 0.3420201433256651 0.54383814248232865 0.82317294464549928 -0.16317591116653368 -0.20487412870285837 0.31879577759716582 0.92541657839832492 8.8882383025079774e-11 -2.7701408387700591e-11 -2.2725986500778708e-11 -2.1302685596407216e-13 -3.3058194324702768e-12 3.1964077575219669e-12 
1011 0.99999999999998679 1.9999999999999949 3.000000000000008 0.99802119662406841 -0.052304074592469364 0.034899496702504355 0.052936230700973308 0.99844556184471689 -0.017441774902828163 -0.03393297169768722 0.019254708868559834 0.9992386149554825 0 0 0 0 0 0 
2022 11.00000000000011 11.999999999999968 12.999999999999957 0.81379768134937269 -0.4698463103929586 0.3420201433256651 0.54383814248232865 0.82317294464549928 -0.16317591116653368 -0.20487412870285837 0.31879577759716582 0.92541657839832492 0 0 0 0 0 0 
1010 0.99999999999984091 1.9999999999999432 3.0000000000000862 0.99802119662406796 -0.052304074592452524 0.034899496702541083 0.05293623070095646 0.99844556184471811 -0.017441774902807076 -0.033932971697725335 0.019254708868540138 0.9992386149554815 -2.4521451427841171e-11 -8.5396786547040088e-12 1.3105023630595645e-11 -3.6304410891626579e-12 6.2193943882396299e-12 -2.7267425904928542e-12 
2020 11.000000000001627 11.999999999999503 12.999999999999574 0.81379768134935482 -0.46984631039302127 0.34202014332562175 0.54383814248237206 0.82317294464547486 -0.16317591116651184 -0.20487412870281446 0.3187957775971364 0.92541657839834479 2.5787412817859141e-10 -8.1373933691221111e-11 -6.4920793768523677e-11 -6.6818347814855342e-13 -9.5492412138910493e-12 9.3152294410632753e-12 
1011 0.99999999999984091 1.9999999999999432 3.0000000000000862 0.99802119662406796 -0.052304074592452524 0.034899496702541083 0.05293623070095646 0.99844556184471811 -0.017441774902807076 -0.033932971697725335 0.019254708868540138 0.9992386149554815 0 0 0 0 0 0 
2022 11.000000000001627 11.999999999999503 12.999999999999574 0.81379768134935482 -0.46984631039302127 0.34202014332562175 0.54383814248237206 0.82317294464547486 -0.16317591116651184 -0.20487412870281446 0.3187957775971364 0.92541657839834479 0 0 0 0 0 0 
1010 0.99999999999962585 1.9999999999998679 3.0000000000002016 0.99802119662406741 -0.052304074592427599 0.034899496702595227 0.052936230700931515 0.99844556184472 -0.017441774902776038 -0.033932971697781519 0.019254708868511147 0.99923861495548016 -2.4041346367981794e-11 -8.4361914791866582e-12 1.2876343737879041e-11 -3.5644985107790499e-12 6.104898712804991e-12 -2.6739239668134349e-12 
2020 11.000000000003876 11.999999999998796 12.999999999999002 0.81379768134932773 -0.46984631039311464 0.34202014332555769 0.54383814248243678 0.82317294464543844 -0.16317591116647878 -0.20487412870274954 0.31879577759709238 0.92541657839837432 2.5253300925379677e-10 -7.9279151618121923e-11 -6.3567320113587509e-11 -6.479691022818688e-13 -9.3601207323061066e-12 9.1018018921383052e-12 
1011 0.99999999999962585 1.9999999999998679 3.0000000000002016 0.99802119662406741 -0.052304074592427599 0.034899496702595227 0.052936230700931515 0.99844556184472 -0.017441774902776038 -0.033932971697781519 0.019254708868511147 0.99923861495548016 0 0 0 0 0 0 
2022 11.000000000003876 11.999999999998796 12.999999999999002 0.81379768134932773 -0.46984631039311464 0.34202014332555769 0.54383814248243678 0.82317294464543844 -0.16317591116647878 -0.20487412870274954 0.31879577759709238 0.92541657839837432 0 0 0 0 0 0 
1010 0.99999999999935596 1.9999999999997731 3.0000000000003468 0.99802119662406663 -0.05230407459239627 0.034899496702663242 0.052936230700900158 0.99844556184472222 -0.01744177490273708 -0.033932971697852095 0.01925470886847476 0.9992386149554785 -2.9985287515631731e-11 -1.0506100022909895e-11 1.6020377360074016e-11 -4.4419714423938581e-12 7.6119621320880939e-12 -3.3385212186236101e-12 
2020 11.000000000006724 11.999999999997906 12.999999999998291 0.81379768134929342 -0.46984631039323277 0.34202014332547692 0.54383814248251894 0.82317294464539259 -0.16317591116643684 -0.2048741287026678 0.31879577759703681 0.9254165783984114 3.1636598604977788e-10 -9.9619759444083296e-11 -7.9146411988768014e-11 -8.2934794831504574e-13 -1.1703455106616916e-11 1.1419668359205514e-11 
1011 0.99999999999935596 1.9999999999997731 3.0000000000003468 0.99802119662406663 -0.05230407459239627 0.034899496702663242 0.052936230700900158 0.99844556184472222 -0.01744177490273708 -0.033932971697852095 0.01925470886847476 0.9992386149554785 0 0 0 0 0 0 
2022 11.000000000006724 11.999999999997906 12.999999999998291 0.81379768134929342 -0.46984631039323277 0.34202014332547692 0.54383814248251894 0.82317294464539259 -0.16317591116643684 -0.2048741287026678 0.31879577759703681 0.9254165783984114 0 0 0 0 0 0 
1010 0.99999999999931 1.9999999999997573 3.0000000000003717 0.99802119662406652 -0.052304074592390941 0.034899496702674782 0.052936230700894815 0.99844556184472266 -0.017441774902730484 -0.033932971697864064 0.019254708868468598 0.99923861495547817 -1.3653417822551239e-12 -4.7697498941735487e-13 7.2793147103569203e-13 -2.0222370154049784e-13 3.4632728628491197e-13 -1.5213100790208116e-13 
2020 11.000000000007205 11.999999999997749 12.99999999999817 0.81379768134928765 -0.4698463103932527 0.34202014332546327 0.5438381424825327 0.82317294464538482 -0.16317591116642968 -0.20487412870265401 0.31879577759702737 0.92541657839841784 1.4401108402522465e-11 -4.5550351728281347e-12 -3.6147591623393716e-12 -3.8084425115613465e-14 -5.3325580397416875e-13 5.2023964093429427e-13 
1011 0.99999999999931 1.9999999999997573 3.0000000000003717 0.99802119662406652 -0.052304074592390941 0.034899496702674782 0.052936230700894815 0.99844556184472266 -0.017441774902730484 -0.033932971697864064 0.019254708868468598 0.99923861495547817 0 0 0 0 0 0 
2022 11.000000000007205 11.999999999997749 12.99999999999817 0.81379768134928765 -0.4698463103932527 0.34202014332546327 0.5438381424825327 0.82317294464538482 -0.16317591116642968 -0.20487412870265401 0.31879577759702737 0.92541657839841784 0 0 0 0 0 0 
1010 0.99999999999929656 1.9999999999997524 3.0000000000003788 0.99802119662406652 -0.052304074592389359 0.034899496702678209 0.05293623070089324 0.99844556184472288 -0.017441774902728524 -0.033932971697867617 0.01925470886846677 0.99923861495547817 -1.3653417822551221e-12 -4.7697498941735133e-13 7.2793147103569739e-13 -2.0222370154049781e-13 3.4632728628491197e-13 -1.5213100790208116e-13 
2020 11.000000000007347 11.999999999997705 12.999999999998137 0.81379768134928587 -0.46984631039325864 0.34202014332545921 0.54383814248253681 0.8231729446453826 -0.16317591116642757 -0.20487412870264993 0.3187957775970246 0.92541657839841962 1.4401108402522507e-11 -4.5550351728280612e-12 -3.6147591623392941e-12 -3.8084425115613427e-14 -5.3325580397416875e-13 5.2023964093429427e-13 
1011 0.99999999999929656 1.9999999999997524 3.0000000000003788 0.99802119662406652 -0.052304074592389359 0.034899496702678209 0.05293623070089324 0.99844556184472288 -0.017441774902728524 -0.033932971697867617 0.01925470886846677 0.99923861495547817 0 0 0 0 0 0 
2022 11.000000000007347 11.999999999997705 12.999999999998137 0.81379768134928587 -0.46984631039325864 0.34202014332545921 0.54383814248253681 0.8231729446453826 -0.16317591116642757 -0.20487412870264993 0.3187957775970246 0.92541657839841962 0 0 0 0 0 0 
1010 0.99999999999928257 1.9999999999997473 3.0000000000003846 0.99802119662406641 -0.05230407459238777 0.034899496702681637 0.052936230700891651 0.99844556184472288 -0.01744177490272655 -0.033932971697871177 0.019254708868464924 0.99923861495547806 -1.3653417822551205e-12 -4.769749894173479e-13 7.2793147103570324e-13 -2.0222370154049784e-13 3.4632728628491197e-13 -1.5213100790208118e-13 
2020 11.000000000007496 11.999999999997659 12.999999999998101 0.81379768134928421 -0.46984631039326485 0.34202014332545516 0.54383814248254125 0.82317294464538027 -0.16317591116642541 -0.20487412870264576 0.31879577759702182 0.92541657839842162 1.4401108402522549e-11 -4.5550351728279861e-12 -3.6147591623392133e-12 -3.8084425115613453e-14 -5.3325580397416875e-13 5.2023964093429427e-13 
1011 0.99999999999928257 1.9999999999997473 3.0000000000003846 0.99802119662406641 -0.05230407459238777 0.034899496702681637 0.052936230700891651 0.99844556184472288 -0.01744177490272655 -0.033932971697871177 0.019254708868464924 0.99923861495547806 0 0 0 0 0 0 
2022 11.000000000007496 11.999999999997659 12.999999999998101 0.81379768134928421 -0.46984631039326485 0.34202014332545516 0.54383814248254125 0.82317294464538027 -0.16317591116642541 -0.20487412870264576 0.31879577759702182 0.92541657839842162 0 0 0 0 0 0 
1010 0.99999999999926903 1.9999999999997424 3.0000000000003921 0.99802119662406641 -0.052304074592386195 0.034899496702685079 0.052936230700890076 0.998445561844723 -0.017441774902724586 -0.033932971697874743 0.019254708868463088 0.99923861495547794 -1.3653417822551187e-12 -4.7697498941734437e-13 7.279314710357088e-13 -2.0222370154049784e-13 3.4632728628491197e-13 -1.5213100790208116e-13 
2020 11.000000000007638 11.999999999997613 12.999999999998062 0.81379768134928243 -0.46984631039327079 0.342020143325451 0.54383814248254536 0.82317294464537794 -0.1631759111664233 -0.20487412870264157 0.31879577759701894 0.9254165783984234 1.4401108402522594e-11 -4.5550351728279134e-12 -3.6147591623391361e-12 -3.8084425115613427e-14 -5.3325580397416875e-13 5.2023964093429427e-13 
1011 0.99999999999926903 1.9999999999997424 3.0000000000003921 0.99802119662406641 -0.052304074592386195 0.034899496702685079 0.052936230700890076 0.998445561844723 -0.017441774902724586 -0.033932971697874743 0.019254708868463088 0.99923861495547794 0 0 0 0 0 0 
2022 11.000000000007638 11.999999999997613 12.999999999998062 0.81379768134928243 -0.46984631039327079 0.342020143325451 0.54383814248254536 0.82317294464537794 -0.1631759111664233 -0.20487412870264157 0.31879577759701894 0.9254165783984234 0 0 0 0 0 0 
1010 0.99999999999929134 1.9999999999997498 3.0000000000003797 0.99802119662406652 -0.052304074592388776 0.034899496702679486 0.052936230700892657 0.99844556184472288 -0.017441774902727785 -0.033932971697868942 0.019254708868466076 0.99923861495547817 3.8927226244860279e-12 1.3617505926577501e-12 -2.0740305203642134e-12 5.7645512919375316e-13 -9.8796932566674967e-13 4.3329781734430115e-13 
2020 11.000000000007404 11.999999999997689 12.999999999998121 0.81379768134928532 -0.46984631039326108 0.34202014332545766 0.54383814248253859 0.82317294464538171 -0.16317591116642674 -0.20487412870264837 0.31879577759702349 0.92541657839842051 -4.1070601301526176e-11 1.2932791476797196e-11 1.0263773349591737e-11 1.0789903222405334e-13 1.5188772340322294e-12 -1.4826540111234439e-12 
1011 0.99999999999929134 1.9999999999997498 3.0000000000003797 0.99802119662406652 -0.052304074592388776 0.034899496702679486 0.052936230700892657 0.99844556184472288 -0.017441774902727785 -0.033932971697868942 0.019254708868466076 0.99923861495547817 0 0 0 0 0 0 
2022 11.000000000007404 11.999999999997689 12.999999999998121 0.81379768134928532 -0.46984631039326108 0.34202014332545766 0.54383814248253859 0.82317294464538171 -0.16317591116642674 -0.20487412870264837 0.31879577759702349 0.92541657839842051 0 0 0 0 0 0 
1010 0.9999999999993392 1.9999999999997675 3.0000000000003544 0.99802119662406652 -0.052304074592394348 0.034899496702667364 0.052936230700898236 0.99844556184472244 -0.017441774902734724 -0.033932971697856369 0.01925470886847256 0.99923861495547839 5.7435020707166575e-12 2.008961286806024e-12 -3.0602895810469567e-12 8.505413068545239e-13 -1.4576267040376257e-12 6.3936216977174956e-13 
2020 11.000000000006899 11.999999999997851 12.999999999998252 0.81379768134929131 -0.46984631039324004 0.34202014332547204 0.54383814248252393 0.8231729446453897 -0.16317591116643423 -0.20487412870266281 0.31879577759703348 0.92541657839841374 -6.0596018304006587e-11 1.9088309480890223e-11 1.5148860471004717e-11 1.5928356490257049e-13 2.2412049489236048e-12 -2.1876500167755862e-12 
1011 0.9999999999993392 1.9999999999997675 3.0000000000003544 0.99802119662406652 -0.052304074592394348 0.034899496702667364 0.052936230700898236 0.99844556184472244 -0.017441774902734724 -0.033932971697856369 0.01925470886847256 0.99923861495547839 0 0 0 0 0 0 
2022 11.000000000006899 11.999999999997851 12.999999999998252 0.81379768134929131 -0.46984631039324004 0.34202014332547204 0.54383814248252393 0.8231729446453897 -0.16317591116643423 -0.20487412870266281 0.31879577759703348 0.92541657839841374 0 0 0 0 0 0 
1010 0.99999999999940603 1.9999999999997904 3.0000000000003197 0.99802119662406685 -0.052304074592402099 0.034899496702650565 0.052936230700905987 0.99844556184472188 -0.017441774902744334 -0.033932971697838932 0.019254708868481536 0.99923861495547883 7.5942815169473195e-12 2.6561719809543598e-12 -4.0465486417296047e-12 1.1246274845152948e-12 -1.9272840824085016e-12 8.4542652219919833e-13 
2020 11.000000000006187 11.999999999998067 12.999999999998423 0.81379768134929997 -0.46984631039321056 0.34202014332549197 0.54383814248250339 0.82317294464540125 -0.16317591116644464 -0.20487412870268318 0.31879577759704714 0.92541657839840463 -8.0121435306486261e-11 2.5243827484984534e-11 2.0033947592419072e-11 2.1066809758108727e-13 2.9635326638149804e-12 -2.8926460224277287e-12 
1011 0.99999999999940603 1.9999999999997904 3.0000000000003197 0.99802119662406685 -0.052304074592402099 0.034899496702650565 0.052936230700905987 0.99844556184472188 -0.017441774902744334 -0.033932971697838932 0.019254708868481536 0.99923861495547883 0 0 0 0 0 0 
2022 11.000000000006187 11.999999999998067 12.999999999998423 0.81379768134929997 -0.46984631039321056 0.34202014332549197 0.54383814248250339 0.82317294464540125 -0.16317591116644464 -0.20487412870268318 0.31879577759704714 0.92541657839840463 0 0 0 0 0 0 
1010 0.99999999999949096 1.9999999999998201 3.0000000000002731 0.99802119662406696 -0.052304074592411973 0.034899496702629131 0.052936230700915882 0.99844556184472111 -0.017441774902756613 -0.0339329716978167 0.019254708868493006 0.99923861495547928 9.4450609631780315e-12 3.3033826751027767e-12 -5.0328077024121279e-12 1.3987136621760658e-12 -2.3969414607793788e-12 1.0514908746266472e-12 
2020 11.000000000005294 11.999999999998359 12.99999999999865 0.81379768134931074 -0.46984631039317332 0.34202014332551745 0.54383814248247742 0.82317294464541568 -0.16317591116645797 -0.20487412870270882 0.31879577759706473 0.92541657839839286 -9.9646852308964966e-11 3.1399345489080482e-11 2.4919034713835166e-11 2.6205263025960428e-13 3.6858603787063552e-12 -3.5976420280798713e-12 
1011 0.99999999999949096 1.9999999999998201 3.0000000000002731 0.99802119662406696 -0.052304074592411973 0.034899496702629131 0.052936230700915882 0.99844556184472111 -0.017441774902756613 -0.0339329716978167 0.019254708868493006 0.99923861495547928 0 0 0 0 0 0 
2022 11.000000000005294 11.999999999998359 12.99999999999865 0.81379768134931074 -0.46984631039317332 0.34202014332551745 0.54383814248247742 0.82317294464541568 -0.16317591116645797 -0.20487412870270882 0.31879577759706473 0.92541657839839286 0 0 0 0 0 0 
1010 0.99999999999959488 1.9999999999998561 3.000000000000218 0.9980211966240673 -0.052304074592424005 0.034899496702603033 0.052936230700927914 0.99844556184472022 -0.017441774902771552 -0.033932971697789617 0.019254708868506953 0.99923861495548005 1.1295840409408792e-11 3.9505933692512926e-12 -6.0190667630944927e-12 1.6727998398368367e-12 -2.8665988391502553e-12 1.2575552270540957e-12 
2020 11.000000000004201 11.9999999999987 12.999999999998924 0.81379768134932395 -0.46984631039312796 0.34202014332554848 0.54383814248244611 0.82317294464543334 -0.16317591116647417 -0.20487412870274019 0.31879577759708622 0.92541657839837854 -1.1917226931144244e-10 3.7554863493178489e-11 2.9804121835253466e-11 3.1343716293812103e-13 4.4081880935977304e-12 -4.3026380337320134e-12 
1011 0.99999999999959488 1.9999999999998561 3.000000000000218 0.9980211966240673 -0.052304074592424005 0.034899496702603033 0.052936230700927914 0.99844556184472022 -0.017441774902771552 -0.033932971697789617 0.019254708868506953 0.99923861495548005 0 0 0 0 0 0 
2022 11.000000000004201 11.9999999999987 12.999999999998924 0.81379768134932395 -0.46984631039312796 0.34202014332554848 0.54383814248244611 0.82317294464543334 -0.16317591116647417 -0.20487412870274019 0.31879577759708622 0.92541657839837854 0 0 0 0 0 0 
1010 0.99999999999971734 1.9999999999998996 3.0000000000001528 0.99802119662406763 -0.052304074592438202 0.03489949670257228 0.052936230700942125 0.99844556184471922 -0.017441774902789163 -0.033932971697757705 0.019254708868523405 0.99923861495548072 1.3146619855639616e-11 4.5978040633999289e-12 -7.0053258237766694e-12 1.9468860174976077e-12 -3.3362562175211317e-12 1.4636195794815443e-12 
2020 11.000000000002911 11.999999999999103 12.999999999999243 0.81379768134933939 -0.46984631039307451 0.342020143325585 0.54383814248240891 0.8231729446454541 -0.16317591116649319 -0.20487412870277721 0.31879577759711142 0.92541657839836167 -1.3869768631391855e-10 4.3710381497278996e-11 3.4689208956674413e-11 3.6482169561663799e-13 5.1305158084891057e-12 -5.0076340393841571e-12 
1011 0.99999999999971734 1.9999999999998996 3.0000000000001528 0.99802119662406763 -0.052304074592438202 0.03489949670257228 0.052936230700942125 0.99844556184471922 -0.017441774902789163 -0.033932971697757705 0.019254708868523405 0.99923861495548072 0 0 0 0 0 0 
2022 11.000000000002911 11.999999999999103 12.999999999999243 0.81379768134933939 -0.46984631039307451 0.342020143325585 0.54383814248240891 0.8231729446454541 -0.16317591116649319 -0.20487412870277721 0.31879577759711142 0.92541657839836167 0 0 0 0 0 0 
1010 0.999999999999858 1.9999999999999489 3.0000000000000782 0.99802119662406796 -0.052304074592454536 0.034899496702536871 0.052936230700958473 0.998445561844718 -0.017441774902809438 -0.033932971697720964 0.019254708868542348 0.99923861495548161 1.4997399301870518e-11 5.2450147575487065e-12 -7.9915848844586303e-12 2.2209721951583794e-12 -3.8059135958920086e-12 1.6696839319089934e-12 
2020 11.000000000001428 11.999999999999577 12.999999999999623 0.81379768134935737 -0.46984631039301289 0.34202014332562714 0.54383814248236617 0.82317294464547808 -0.1631759111665152 -0.20487412870281979 0.31879577759714051 0.92541657839834224 -1.582231033163929e-10 4.9865899501382354e-11 3.9574296078098442e-11 4.1620622829515469e-13 5.8528435233804825e-12 -5.7126300450362993e-12 
1011 0.999999999999858 1.9999999999999489 3.0000000000000782 0.99802119662406796 -0.052304074592454536 0.034899496702536871 0.052936230700958473 0.998445561844718 -0.017441774902809438 -0.033932971697720964 0.019254708868542348 0.99923861495548161 0 0 0 0 0 0 
2022 11.000000000001428 11.999999999999577 12.999999999999623 0.81379768134935737 -0.46984631039301289 0.34202014332562714 0.54383814248236617 0.82317294464547808 -0.1631759111665152 -0.20487412870281979 0.31879577759714051 0.92541657839834224 0 0 0 0 0 0 
1010 1.0000000000000171 2.000000000000004 2.9999999999999938 0.99802119662406841 -0.052304074592473007 0.034899496702496813 0.052936230700976958 0.99844556184471656 -0.017441774902832389 -0.0339329716976794 0.019254708868563779 0.99923861495548261 1.6848178748101503e-11 5.8922254516976408e-12 -8.9778439451403417e-12 2.4950583728191504e-12 -4.2755709742628854e-12 1.8757482843364423e-12 
2020 10.999999999999744 12.000000000000101 13.000000000000037 0.81379768134937758 -0.46984631039294306 0.34202014332567465 0.54383814248231754 0.82317294464550517 -0.16317591116654004 -0.20487412870286784 0.31879577759717326 0.92541657839832026 -1.7774852031886544e-10 5.6021417505489053e-11 4.4459383199525987e-11 4.675907609736723e-13 6.5751712382718593e-12 -6.4176260506884438e-12 
1011 1.0000000000000171 2.000000000000004 2.9999999999999938 0.99802119662406841 -0.052304074592473007 0.034899496702496813 0.052936230700976958 0.99844556184471656 -0.017441774902832389 -0.0339329716976794 0.019254708868563779 0.99923861495548261 0 0 0 0 0 0 
2022 10.999999999999744 12.000000000000101 13.000000000000037 0.81379768134937758 -0.46984631039294306 0.34202014332567465 0.54383814248231754 0.82317294464550517 -0.16317591116654004 -0.20487412870286784 0.31879577759717326 0.92541657839832026 0 0 0 0 0 0 
1010 1.0000000000000864 2.0000000000000284 2.9999999999999565 0.99802119662406874 -0.052304074592481049 0.034899496702479375 0.052936230700985 0.998445561844716 -0.017441774902842364 -0.033932971697661303 0.019254708868573098 0.99923861495548316 9.2647455678620004e-14 3.3617030799028115e-14 -5.0912980285448625e-14 1.3722087922577284e-14 -2.3547550473567329e-14 1.0310664720467625e-14 
2020 10.999999999999016 12.000000000000332 13.00000000000022 0.81379768134938635 -0.46984631039291269 0.34202014332569541 0.54383814248229656 0.82317294464551694 -0.16317591116655081 -0.2048741287028889 0.31879577759718752 0.92541657839831071 -9.753737198223254e-13 3.0682945428453708e-13 2.4652000818292883e-13 2.5636654022765746e-15 3.6307546612408756e-14 -3.5046619207015576e-14 
1011 1.0000000000000864 2.0000000000000284 2.9999999999999565 0.99802119662406874 -0.052304074592481049 0.034899496702479375 0.052936230700985 0.998445561844716 -0.017441774902842364 -0.033932971697661303 0.019254708868573098 0.99923861495548316 0 0 0 0 0 0 
2022 10.999999999999016 12.000000000000332 13.00000000000022 0.81379768134938635 -0.46984631039291269 0.34202014332569541 0.54383814248229656 0.82317294464551694 -0.16317591116655081 -0.2048741287028889 0.31879577759718752 0.92541657839831071 0 0 0 0 0 0 
1010 1.0000000000000873 2.0000000000000293 2.999999999999956 0.99802119662406874 -0.05230407459248116 0.034899496702479153 0.052936230700985111 0.998445561844716 -0.017441774902842499 -0.033932971697661074 0.019254708868573226 0.99923861495548316 9.2647455678620029e-14 3.3617030799028127e-14 -5.09129802854486e-14 1.3722087922577283e-14 -2.3547550473567332e-14 1.0310664720467625e-14 
2020 10.999999999999005 12.000000000000338 13.00000000000022 0.81379768134938646 -0.4698463103929123 0.34202014332569564 0.54383814248229623 0.82317294464551716 -0.16317591116655095 -0.20487412870288907 0.31879577759718769 0.92541657839831049 -9.753737198223254e-13 3.0682945428453743e-13 2.4652000818292929e-13 2.5636654022765742e-15 3.6307546612408762e-14 -3.5046619207015576e-14 
1011 1.0000000000000873 2.0000000000000293 2.999999999999956 0.99802119662406874 -0.05230407459248116 0.034899496702479153 0.052936230700985111 0.998445561844716 -0.017441774902842499 -0.033932971697661074 0.019254708868573226 0.99923861495548316 0 0 0 0 0 0 
2022 10.999999999999005 12.000000000000338 13.00000000000022 0.81379768134938646 -0.4698463103929123 0.34202014332569564 0.54383814248229623 0.82317294464551716 -0.16317591116655095 -0.20487412870288907 0.31879577759718769 0.92541657839831049 0 0 0 0 0 0 
1010 1.0000000000000882 2.0000000000000293 2.9999999999999556 0.99802119662406863 -0.052304074592481264 0.034899496702478917 0.052936230700985215 0.99844556184471589 -0.017441774902842631 -0.033932971697660831 0.019254708868573344 0.99923861495548316 9.2647455678620016e-14 3.361703079902814e-14 -5.0912980285448575e-14 1.3722087922577283e-14 -2.3547550473567332e-14 1.0310664720467625e-14 
2020 10.999999999998998 12.000000000000339 13.000000000000227 0.81379768134938668 -0.46984631039291191 0.34202014332569597 0.54383814248229601 0.82317294464551727 -0.16317591116655109 -0.20487412870288943 0.31879577759718791 0.92541657839831037 -9.75373719822325e-13 3.0682945428453769e-13 2.4652000818292949e-13 2.5636654022765738e-15 3.6307546612408756e-14 -3.5046619207015576e-14 
1011 1.0000000000000882 2.0000000000000293 2.9999999999999556 0.99802119662406863 -0.052304074592481264 0.034899496702478917 0.052936230700985215 0.99844556184471589 -0.017441774902842631 -0.033932971697660831 0.019254708868573344 0.99923861495548316 0 0 0 0 0 0 
2022 10.999999999998998 12.000000000000339 13.000000000000227 0.81379768134938668 -0.46984631039291191 0.34202014332569597 0.54383814248229601 0.82317294464551727 -0.16317591116655109 -0.20487412870288943 0.31879577759718791 0.92541657839831037 0 0 0 0 0 0 
1010 1.0000000000000893 2.0000000000000293 2.9999999999999551 0.99802119662406863 -0.052304074592481375 0.034899496702478675 0.052936230700985326 0.99844556184471589 -0.017441774902842766 -0.033932971697660574 0.019254708868573472 0.99923861495548316 9.2647455678620029e-14 3.3617030799028165e-14 -5.0912980285448562e-14 1.3722087922577284e-14 -2.3547550473567332e-14 1.0310664720467625e-14 
2020 10.999999999998984 12.000000000000341 13.000000000000226 0.81379768134938679 -0.46984631039291147 0.34202014332569619 0.54383814248229567 0.82317294464551738 -0.1631759111665512 -0.20487412870288971 0.31879577759718802 0.92541657839831026 -9.753737198223252e-13 3.0682945428453819e-13 2.4652000818293005e-13 2.5636654022765758e-15 3.6307546612408768e-14 -3.5046619207015582e-14 
1011 1.0000000000000893 2.0000000000000293 2.9999999999999551 0.99802119662406863 -0.052304074592481375 0.034899496702478675 0.052936230700985326 0.99844556184471589 -0.017441774902842766 -0.033932971697660574 0.019254708868573472 0.99923861495548316 0 0 0 0 0 0 
2022 10.999999999998984 12.000000000000341 13.000000000000226 0.81379768134938679 -0.46984631039291147 0.34202014332569619 0.54383814248229567 0.82317294464551738 -0.1631759111665512 -0.20487412870288971 0.31879577759718802 0.92541657839831026 0 0 0 0 0 0 
1010 1.0000000000000902 2.0000000000000298 2.9999999999999547 0.99802119662406863 -0.05230407459248148 0.034899496702478446 0.05293623070098543 0.99844556184471589 -0.017441774902842901 -0.033932971697660338 0.019254708868573597 0.99923861495548316 9.2647455678620041e-14 3.3617030799028178e-14 -5.0912980285448531e-14 1.3722087922577284e-14 -2.3547550473567332e-14 1.0310664720467625e-14 
2020 10.999999999998977 12.000000000000343 13.000000000000229 0.81379768134938679 -0.46984631039291125 0.34202014332569647 0.54383814248229545 0.82317294464551749 -0.16317591116655134 -0.2048741287028899 0.31879577759718825 0.92541657839831015 -9.75373719822325e-13 3.0682945428453839e-13 2.4652000818293025e-13 2.5636654022765754e-15 3.6307546612408762e-14 -3.5046619207015576e-14 
1011 1.0000000000000902 2.0000000000000298 2.9999999999999547 0.99802119662406863 -0.05230407459248148 0.034899496702478446 0.05293623070098543 0.99844556184471589 -0.017441774902842901 -0.033932971697660338 0.019254708868573597 0.99923861495548316 0 0 0 0 0 0 
2022 10.999999999998977 12.000000000000343 13.000000000000229 0.81379768134938679 -0.46984631039291125 0.34202014332569647 0.54383814248229545 0.82317294464551749 -0.16317591116655134 -0.2048741287028899 0.31879577759718825 0.92541657839831015 0 0 0 0 0 0 
1010 1.000000000000091 2.0000000000000302 2.9999999999999543 0.99802119662406863 -0.052304074592481591 0.034899496702478217 0.052936230700985541 0.99844556184471589 -0.017441774902843033 -0.033932971697660103 0.019254708868573722 0.99923861495548316 9.2647455678620054e-14 3.3617030799028197e-14 -5.0912980285448499e-14 1.3722087922577284e-14 -2.3547550473567332e-14 1.0310664720467625e-14 
2020 10.999999999998966 12.000000000000348 13.000000000000231 0.81379768134938701 -0.46984631039291075 0.34202014332569675 0.54383814248229512 0.82317294464551782 -0.16317591116655145 -0.20487412870289023 0.31879577759718836 0.92541657839831004 -9.7537371982232459e-13 3.068294542845388e-13 2.4652000818293065e-13 2.5636654022765762e-15 3.6307546612408762e-14 -3.5046619207015576e-14 
1011 1.000000000000091 2.0000000000000302 2.9999999999999543 0.99802119662406863 -0.052304074592481591 0.034899496702478217 0.052936230700985541 0.99844556184471589 -0.017441774902843033 -0.033932971697660103 0.019254708868573722 0.99923861495548316 0 0 0 0 0 0 
2022 10.999999999998966 12.000000000000348 13.000000000000231 0.81379768134938701 -0.46984631039291075 0.34202014332569675 0.54383814248229512 0.82317294464551782 -0.16317591116655145 -0.20487412870289023 0.31879577759718836 0.92541657839831004 0 0 0 0 0 0 
1010 1.0000000000000919 2.0000000000000306 2.9999999999999538 0.99802119662406863 -0.052304074592481695 0.034899496702477988 0.052936230700985645 0.99844556184471589 -0.017441774902843168 -0.033932971697659867 0.019254708868573851 0.99923861495548316 9.2647455678620054e-14 3.3617030799028203e-14 -5.0912980285448474e-14 1.3722087922577283e-14 -2.3547550473567332e-14 1.0310664720467625e-14 
2020 10.999999999998956 12.000000000000353 13.000000000000234 0.81379768134938713 -0.46984631039291025 0.34202014332569708 0.54383814248229478 0.82317294464551793 -0.16317591116655167 -0.20487412870289057 0.31879577759718869 0.92541657839830993 -9.7537371982232419e-13 3.0682945428453915e-13 2.4652000818293111e-13 2.5636654022765738e-15 3.6307546612408762e-14 -3.5046619207015576e-14 
1011 1.0000000000000919 2.0000000000000306 2.9999999999999538 0.99802119662406863 -0.052304074592481695 0.034899496702477988 0.052936230700985645 0.99844556184471589 -0.017441774902843168 -0.033932971697659867 0.019254708868573851 0.99923861495548316 0 0 0 0 0 0 
2022 10.999999999998956 12.000000000000353 13.000000000000234 0.81379768134938713 -0.46984631039291025 0.34202014332569708 0.54383814248229478 0.82317294464551793 -0.16317591116655167 -0.20487412870289057 0.31879577759718869 0.92541657839830993 0 0 0 0 0 0 
1010 1.0000000000000928 2.0000000000000302 2.9999999999999534 0.99802119662406863 -0.052304074592481806 0.034899496702477745 0.052936230700985763 0.99844556184471589 -0.0174417749028433 -0.03393297169765961 0.019254708868573972 0.99923861495548316 9.2647455678620054e-14 3.3617030799028222e-14 -5.0912980285448448e-14 1.3722087922577283e-14 -2.3547550473567332e-14 1.0310664720467625e-14 
2020 10.999999999998945 12.000000000000355 13.000000000000238 0.81379768134938724 -0.46984631039290992 0.34202014332569741 0.54383814248229456 0.82317294464551805 -0.16317591116655186 -0.20487412870289079 0.31879577759718891 0.92541657839830971 -9.7537371982232399e-13 3.0682945428453945e-13 2.4652000818293141e-13 2.5636654022765754e-15 3.6307546612408756e-14 -3.5046619207015576e-14 
1011 1.0000000000000928 2.0000000000000302 2.9999999999999534 0.99802119662406863 -0.052304074592481806 0.034899496702477745 0.052936230700985763 0.99844556184471589 -0.0174417749028433 -0.03393297169765961 0.019254708868573972 0.99923861495548316 0 0 0 0 0 0 
2022 10.999999999998945 12.000000000000355 13.000000000000238 0.81379768134938724 -0.46984631039290992 0.34202014332569741 0.54383814248229456 0.82317294464551805 -0.16317591116655186 -0.20487412870289079 0.31879577759718891 0.92541657839830971 0 0 0 0 0 0 
1010 1.0000000000000939 2.0000000000000311 2.9999999999999525 0.99802119662406863 -0.05230407459248191 0.034899496702477516 0.052936230700985867 0.99844556184471589 -0.017441774902843432 -0.033932971697659374 0.019254708868574097 0.99923861495548316 9.2647455678620079e-14 3.3617030799028254e-14 -5.0912980285448436e-14 1.3722087922577284e-14 -2.3547550473567332e-14 1.0310664720467625e-14 
2020 10.999999999998934 12.000000000000353 13.000000000000238 0.81379768134938735 -0.46984631039290942 0.34202014332569763 0.54383814248229423 0.82317294464551827 -0.16317591116655195 -0.20487412870289112 0.31879577759718902 0.9254165783983096 -9.7537371982232419e-13 3.0682945428453996e-13 2.4652000818293176e-13 2.563665402276577e-15 3.6307546612408756e-14 -3.5046619207015582e-14 
1011 1.0000000000000939 2.0000000000000311 2.9999999999999525 0.99802119662406863 -0.05230407459248191 0.034899496702477516 0.052936230700985867 0.99844556184471589 -0.017441774902843432 -0.033932971697659374 0.019254708868574097 0.99923861495548316 0 0 0 0 0 0 
2022 10.999999999998934 12.000000000000353 13.000000000000238 0.81379768134938735 -0.46984631039290942 0.34202014332569763 0.54383814248229423 0.82317294464551827 -0.16317591116655195 -0.20487412870289112 0.31879577759718902 0.9254165783983096 0 0 0 0 0 0 
1010 1.000000000000095 2.000000000000032 2.999999999999952 0.99802119662406863 -0.052304074592482021 0.034899496702477287 0.052936230700985978 0.99844556184471589 -0.017441774902843564 -0.033932971697659138 0.019254708868574218 0.99923861495548316 9.2647455678620079e-14 3.361703079902826e-14 -5.0912980285448398e-14 1.3722087922577284e-14 -2.3547550473567329e-14 1.0310664720467625e-14 
2020 10.999999999998925 12.000000000000357 13.000000000000242 0.81379768134938746 -0.46984631039290908 0.34202014332569791 0.54383814248229401 0.82317294464551838 -0.16317591116655206 -0.2048741287028914 0.31879577759718924 0.92541657839830949 -9.7537371982232419e-13 3.0682945428454026e-13 2.4652000818293212e-13 2.5636654022765786e-15 3.6307546612408762e-14 -3.5046619207015582e-14 
1011 1.000000000000095 2.000000000000032 2.999999999999952 0.99802119662406863 -0.052304074592482021 0.034899496702477287 0.052936230700985978 0.99844556184471589 -0.017441774902843564 -0.033932971697659138 0.019254708868574218 0.99923861495548316 0 0 0 0 0 0 
2022 10.999999999998925 12.000000000000357 13.000000000000242 0.81379768134938746 -0.46984631039290908 0.34202014332569791 0.54383814248229401 0.82317294464551838 -0.16317591116655206 -0.2048741287028914 0.31879577759718924 0.92541657839830949 0 0 0 0 0 0 
1010 1.0000000000000959 2.000000000000032 2.9999999999999516 0.99802119662406863 -0.052304074592482125 0.034899496702477044 0.052936230700986082 0.99844556184471589 -0.017441774902843703 -0.033932971697658888 0.01925470886857435 0.99923861495548316 9.2647455678620092e-14 3.3617030799028279e-14 -5.0912980285448373e-14 1.3722087922577284e-14 -2.3547550473567332e-14 1.0310664720467625e-14 
2020 10.999999999998915 12.000000000000362 13.000000000000245 0.81379768134938757 -0.46984631039290858 0.34202014332569819 0.54383814248229356 0.8231729446455186 -0.16317591116655222 -0.20487412870289173 0.31879577759718936 0.92541657839830938 -9.7537371982232379e-13 3.0682945428454067e-13 2.4652000818293252e-13 2.5636654022765782e-15 3.6307546612408756e-14 -3.5046619207015582e-14 
1011 1.0000000000000959 2.000000000000032 2.9999999999999516 0.99802119662406863 -0.052304074592482125 0.034899496702477044 0.052936230700986082 0.99844556184471589 -0.017441774902843703 -0.033932971697658888 0.01925470886857435 0.99923861495548316 0 0 0 0 0 0 
2022 10.999999999998915 12.000000000000362 13.000000000000245 0.81379768134938757 -0.46984631039290858 0.34202014332569819 0.54383814248229356 0.8231729446455186 -0.16317591116655222 -0.20487412870289173 0.31879577759718936 0.92541657839830938 0 0 0 0 0 0 
1010 1.0000000000000968 2.0000000000000329 2.9999999999999512 0.99802119662406863 -0.052304074592482236 0.034899496702476815 0.052936230700986193 0.99844556184471589 -0.017441774902843835 -0.033932971697658645 0.019254708868574472 0.99923861495548316 9.2647455678620104e-14 3.3617030799028292e-14 -5.0912980285448348e-14 1.3722087922577283e-14 -2.3547550473567332e-14 1.0310664720467625e-14 
2020 10.999999999998906 12.000000000000366 13.000000000000245 0.81379768134938768 -0.46984631039290825 0.34202014332569847 0.54383814248229345 0.82317294464551882 -0.16317591116655233 -0.20487412870289201 0.31879577759718958 0.92541657839830926 -9.7537371982232338e-13 3.0682945428454087e-13 2.4652000818293287e-13 2.563665402276577e-15 3.6307546612408762e-14 -3.5046619207015582e-14 
1011 1.0000000000000968 2.0000000000000329 2.9999999999999512 0.99802119662406863 -0.052304074592482236 0.034899496702476815 0.052936230700986193 0.99844556184471589 -0.017441774902843835 -0.033932971697658645 0.019254708868574472 0.99923861495548316 0 0 0 0 0 0 
2022 10.999999999998906 12.000000000000366 13.000000000000245 0.81379768134938768 -0.46984631039290825 0.34202014332569847 0.54383814248229345 0.82317294464551882 -0.16317591116655233 -0.20487412870289201 0.31879577759718958 0.92541657839830926 0 0 0 0 0 0 
1010 1.0000000000000975 2.0000000000000324 2.9999999999999503 0.99802119662406863 -0.05230407459248234 0.034899496702476579 0.052936230700986298 0.99844556184471589 -0.017441774902843966 -0.033932971697658403 0.019254708868574597 0.99923861495548316 9.2647455678620117e-14 3.361703079902831e-14 -5.0912980285448329e-14 1.3722087922577283e-14 -2.3547550473567332e-14 1.0310664720467625e-14 
2020 10.999999999998899 12.000000000000368 13.000000000000249 0.81379768134938779 -0.46984631039290792 0.34202014332569874 0.54383814248229323 0.82317294464551871 -0.1631759111665525 -0.20487412870289218 0.3187957775971898 0.92541657839830904 -9.7537371982232318e-13 3.0682945428454107e-13 2.4652000818293307e-13 2.5636654022765766e-15 3.6307546612408756e-14 -3.5046619207015576e-14 
1011 1.0000000000000975 2.0000000000000324 2.9999999999999503 0.99802119662406863 -0.05230407459248234 0.034899496702476579 0.052936230700986298 0.99844556184471589 -0.017441774902843966 -0.033932971697658403 0.019254708868574597 0.99923861495548316 0 0 0 0 0 0 
2022 10.999999999998899 12.000000000000368 13.000000000000249 0.81379768134938779 -0.46984631039290792 0.34202014332569874 0.54383814248229323 0.82317294464551871 -0.1631759111665525 -0.20487412870289218 0.3187957775971898 0.92541657839830904 0 0 0 0 0 0 
1010 1.0000000000000986 2.0000000000000329 2.9999999999999498 0.99802119662406863 -0.052304074592482451 0.034899496702476336 0.052936230700986409 0.99844556184471589 -0.017441774902844098 -0.033932971697658153 0.019254708868574718 0.99923861495548316 9.264745567862013e-14 3.3617030799028329e-14 -5.0912980285448303e-14 1.3722087922577284e-14 -2.3547550473567332e-14 1.0310664720467625e-14 
2020 10.99999999999889 12.000000000000373 13.000000000000252 0.8137976813493879 -0.46984631039290753 0.34202014332569897 0.5438381424822929 0.82317294464551893 -0.16317591116655267 -0.2048741287028924 0.31879577759718997 0.92541657839830893 -9.7537371982232298e-13 3.0682945428454142e-13 2.4652000818293348e-13 2.563665402276577e-15 3.6307546612408762e-14 -3.5046619207015576e-14 
1011 1.0000000000000986 2.0000000000000329 2.9999999999999498 0.99802119662406863 -0.052304074592482451 0.034899496702476336 0.052936230700986409 0.99844556184471589 -0.017441774902844098 -0.033932971697658153 0.019254708868574718 0.99923861495548316 0 0 0 0 0 0 
2022 10.99999999999889 12.000000000000373 13.000000000000252 0.8137976813493879 -0.46984631039290753 0.34202014332569897 0.5438381424822929 0.82317294464551893 -0.16317591116655267 -0.2048741287028924 0.31879577759718997 0.92541657839830893 0 0 0 0 0 0 
