1 -0.121 -1.218180697837851e-18 -0.080000000000000002 1 0 0 0 1 0 0 0 1 -0 -0 0 -0 0 0 
2 -0.083602230618580478 -5.9312708469894131e-08 -0.033286712968750368 0.99999999999997524 -1.905589676999931e-07 -1.1466746778093839e-07 1.9056103698202986e-07 0.99999999983714893 1.8046208787926262e-05 1.1466402889534713e-07 -1.8046208809776967e-05 0.99999999983716059 -0 -0 -0 0 0 0 
3 0.088998567521878499 1.8044921023693777e-07 -0.0050007167877310302 0.99999999999812039 1.9352654342641935e-06 -1.1823681770430398e-07 -1.9352633002233264e-06 0.99999999983529464 1.8046204196793382e-05 1.1827174188003147e-07 -1.8046203967940089e-05 0.99999999983716026 -0 -0 0 0 0 0 
4 0.27457940158149274 2.0299346248396534e-10 -1.2562251562985963e-08 1 0 0 0 1 0 0 0 1 0 0 0 0 0 0 
1 -0.121 -1.218180697837851e-18 -0.080000000000000002 1 0 0 0 1 0 0 0 1 0 0 0 0 0 0 
2 -0.083602232443591662 1.1683586657694095e-05 -0.033286712968750409 0.99999995064066027 -0.00031419526184262584 -1.2033397221477196e-07 0.00031419526396303445 0.99999995047783463 1.804617189294109e-05 1.1466394455241343e-07 -1.8046208810558122e-05 0.99999999983716059 -7.3372951185134812e-07 0.0023485798114046288 -5.2512882363727507e-14 -1.3511414209688155e-13 -9.9357327920657212e-13 0.062800000059974603 
3 0.08899856347684168 1.1170224184563447e-05 -0.0050007157960972317 0.99999999676521001 8.0433603524667004e-05 -1.2390332257782618e-07 -8.0433601275590319e-05 0.99999999660238581 1.8046167581301025e-05 1.2535484044522458e-07 -1.8046157556935018e-05 0.99999999983716026 -1.5854331622835372e-06 0.0021979549346279512 1.9832647655771029e-07 9.4465425066059238e-09 -1.4166195605916372e-06 -0.015699677831519359 
4 0.27457939705553053 2.0299346248396643e-10 -1.2562251562985968e-08 1 0 -2.7105054312137629e-20 0 1 0 2.7105054312137629e-20 0 1 -1.7678865627616326e-06 5.1875669536225697e-22 -2.0803049417076415e-21 0 -1.1076133688180699e-17 0 
1 -0.121 -1.218180697837851e-18 -0.080000000000000002 1 0 0 0 1 0 0 0 1 0 0 0 0 0 0 
2 -0.083602260042241708 4.6912273331508327e-05 -0.033286712968749986 0.9999992109690764 -0.0012562090612902356 -1.3733340312347486e-07 0.0012562090635640226 0.99999921080625287 1.8046050530366075e-05 1.1466368254406452e-07 -1.8046208810939893e-05 0.99999999983716059 -5.8921814251182983e-06 0.004697156138572682 1.3727604855060909e-14 5.3759080520521252e-14 3.1070285233525397e-13 0.12559999999897781 
3 0.088998504756191962 4.4139538276497497e-05 -0.0050007128212120099 0.99999995009456766 0.00031592854001292933 -1.4090275384704113e-07 -0.00031592853741875228 0.99999994993174846 1.8046047063885419e-05 1.4660400809418454e-07 -1.8046001648088698e-05 0.99999999983716026 -1.2487972142594596e-05 0.0043959065806891051 3.9664954079190409e-07 2.1561166639920008e-08 -2.8332176704390106e-06 -0.03139933356801973 
4 0.27457933171603466 2.0299346248397995e-10 -1.2562251562986038e-08 1 0 1.0842021724855018e-19 0 1 0 -1.0842021724855018e-19 0 1 -1.3888092082926965e-05 3.0463774463498788e-21 -4.0213291862002865e-20 0 2.2789711600952623e-18 0 
1 -0.121 -1.218180697837851e-18 -0.080000000000000002 1 0 0 0 1 0 0 0 1 0 0 0 0 0 0 
2 -0.083602379785317579 0.00010562664311341488 -0.033286712968750368 0.99999600620635321 -0.002826229169010693 -1.6566552822409885e-07 0.0028262291715401063 0.99999600604353356 1.8045812677059827e-05 1.1466326439678171e-07 -1.8046208814556391e-05 0.99999999983716059 -1.9900061624007586e-05 0.0070457120025330406 1.9195761610698411e-14 7.5994766035591965e-14 -3.4992841957404153e-14 0.18840000236696258 
3 0.088998251603520664 9.9088293549306442e-05 -0.0050007078631361329 0.99999974907094935 0.00070841937423893092 -1.6923488032606378e-07 -0.00070841937106961249 0.99999974890814014 1.8045810607780194e-05 1.8201883969096084e-07 -1.8045686190294585e-05 0.99999999983716004 -4.2024672011803161e-05 0.0065938390200201667 5.9496361134014021e-07 3.9013745112605337e-08 -4.2497682447140665e-06 -0.047098860582548488 
4 0.27457905027843293 2.0299346248404333e-10 -1.2562251562986048e-08 1 0 0 0 1 0 0 0 1 -4.6712870951304908e-05 1.0357396263599955e-20 1.6347461588088084e-19 0 1.4500829764195639e-17 0 
1 -0.121 -1.218180697837851e-18 -0.080000000000000002 1 0 0 0 1 0 0 0 1 0 0 0 0 0 0 
2 -0.083602702290205763 0.00018782629018008242 -0.033286712968750361 0.99998737840271612 -0.0050242447413453711 -2.0532979192840892e-07 0.0050242447442326501 0.99998737823990236 1.8045404953141201e-05 1.146626693637669e-07 -1.8046208818434986e-05 0.99999999983716059 -4.7181955040883441e-05 0.0093942007171601578 -8.7182712519255309e-16 -6.6266436782314031e-15 4.0585590443953379e-14 0.25119999687427386 
3 0.088997571093080416 0.0001760161095100949 -0.0050007009220030575 0.99999920883920002 0.0012579033867321275 -2.0889914466606694e-07 -0.0012579033827576787 0.99999920867640846 1.8045404844734845e-05 2.3159835522838981e-07 -1.804512779297718e-05 0.99999999983715981 -9.9512257501227337e-05 0.0087917085328550349 7.9325881922023111e-07 6.4473214237752758e-08 -5.6662201210533526e-06 -0.062797965874914138 
4 0.27457829393724759 2.0299346248421125e-10 -1.256225156298636e-08 1 0 -1.3552527156068811e-20 0 1 0 1.3552527156068811e-20 0 1 -0.00011059403819435408 2.4549405140109375e-20 -9.939798472486513e-20 0 -2.5152835856907592e-18 0 
1 -0.121 -1.218180697837851e-18 -0.080000000000000002 1 0 0 0 1 0 0 0 1 0 0 0 0 0 0 
2 -0.083603382418977273 0.0002935101586328758 -0.033286712968750375 0.99996918648867628 -0.0078502275832775404 -2.5632521790548344e-07 0.0078502275866249131 0.99996918632587128 1.8044752634204954e-05 1.1466190472129212e-07 -1.8046208823312076e-05 0.99999999983716059 -9.2162208749678787e-05 0.011742538777837578 1.4364923026068042e-15 2.2523649612082863e-14 -5.6815663285192386e-14 0.31400000573247872 
3 0.088996137135135489 0.00027492199700224576 -0.0050006919980730494 0.99999807061646118 0.001964373510222185 -2.598945672736291e-07 -0.0019643735052127138 0.99999807045369793 1.8044755047137496e-05 2.9534070460807284e-07 -1.8044209701882045e-05 0.9999999998371597 -0.00019426679309776849 0.010989436942192418 9.9151990437191877e-07 1.006065425625473e-07 -7.0824960992816883e-06 -0.078496126209166156 
4 0.27457670037314319 2.0299346248456505e-10 -1.2562251562987131e-08 1 0 -1.3552527156068811e-20 0 1 0 1.3552527156068811e-20 0 1 -0.00021588253611445134 4.7946118191876694e-20 7.013822893501086e-20 0 3.4638570321761698e-18 0 
1 -0.121 -1.218180697837851e-18 -0.080000000000000002 1 0 0 0 1 0 0 0 1 0 0 0 0 0 0 
2 -0.083604619272410599 0.00042267603640625537 -0.033286712968750368 0.99993610640543384 -0.011304119012081148 -3.1865013731920037e-07 0.011304119015990819 0.9999361062426414 1.8043759650322159e-05 1.1466097105201481e-07 -1.804620882873533e-05 0.99999999983716059 -0.00015926400059595601 0.014090571478921732 8.882446655870241e-16 3.1571967262777889e-14 -8.1587514522141191e-14 0.37679994664058625 
3 0.08899353049246829 0.00039580388457364975 -0.0050006810918065995 0.99999600172325154 0.0028278149527330891 -3.2221946478415382e-07 -0.0028278149464588706 0.99999600156053181 1.8043765148995117e-05 3.7324260530106097e-07 -1.8042781828009916e-05 0.99999999983715926 -0.00033560111080627105 0.0131868794364258 1.1897210151225531e-06 1.5008120876096653e-07 -8.498467669774352e-06 -0.094192370476348652 
4 0.27457380377477636 2.0299346248520839e-10 -1.2562251562986433e-08 1 0 4.0657581468206392e-20 0 1 0 -4.0657581468206392e-20 0 1 -0.00037292503104012958 8.2823744919295251e-20 6.4951645521450642e-20 0 6.3591732345564843e-18 0 
1 -0.121 -1.218180697837851e-18 -0.080000000000000002 1 0 0 0 1 0 0 0 1 0 0 0 0 0 0 
2 -0.083606656180494662 0.00057531992843009119 -0.033286712968750361 0.99988163137155051 -0.015385813128106123 -3.9230189318784334e-07 0.015385813132680268 0.99988163120877538 1.8042308595083651e-05 1.1465986844337161e-07 -1.8046208835381374e-05 0.99999999983716059 -0.00025291019187070131 0.016438103449741944 7.9981618763185026e-16 2.3397950243975174e-14 -7.5314754433009057e-14 0.43959992983369395 
3 0.088989238806644236 0.00053865803184043797 -0.0050006682039573725 0.99999259564701093 0.0038482010078612597 -3.9587115190272838e-07 -0.0038482010000928379 0.99999259548435548 1.8042317743271396e-05 4.6529868599240097e-07 -1.8040660759819425e-05 0.99999999983715904 -0.00053282716670088567 0.015383853146970872 1.3878303240280177e-06 2.1556350439851787e-07 -9.9139793466639236e-06 -0.10988547571952255 
4 0.27456903487353734 2.0299346248626744e-10 -1.2562251562985856e-08 1 0 9.4867690092481445e-20 0 1 0 -9.4867690092481445e-20 0 1 -0.00059206703053910081 1.3147916766118714e-19 -1.4763033258150464e-21 0 4.8180628457145196e-18 0 
1 -0.121 -1.218180697837851e-18 -0.080000000000000002 1 0 0 0 1 0 0 0 1 0 0 0 0 0 0 
2 -0.083609780697282227 0.00075143557938161848 -0.033286712968750354 0.99979807232081264 -0.02009513830157306 -4.7727650453755333e-07 0.020095138306913812 0.99979807215806094 1.804026073426357e-05 1.1465859467151933e-07 -1.8046208843650889e-05 0.99999999983716059 -0.00037752266857835385 0.018784875760000569 -2.6844579886839069e-15 -1.1290968160437842e-13 2.4943935805765705e-13 0.50240019788968859 
3 0.088982656612246983 0.00070347858284713438 -0.0050006533356426386 0.99998737214641331 0.0050254897750806994 -4.8084577003678625e-07 -0.0050254897655890246 0.99998737198384891 1.8040274081784869e-05 5.7150091084629917e-07 -1.8037629786348953e-05 0.9999999998371587 -0.00079525422011112389 0.017580115721968635 1.585806603088057e-06 2.9971918224409492e-07 -1.132883174732875e-05 -0.1255738226938809 
4 0.27456172096238007 2.0299346248789135e-10 -1.2562251562988233e-08 1 0 6.7762635780343943e-20 0 1 0 -6.7762635780343943e-20 0 1 -0.000883650474845826 1.9616021720731223e-19 -6.0482933101714483e-19 0 -1.6500269127312976e-17 0 
1 -0.121 -1.218180697837851e-18 -0.080000000000000002 1 0 0 0 1 0 0 0 1 0 0 0 0 0 0 
2 -0.083614324490199593 0.00095101242999047855 -0.033286712968750375 0.99967655882128426 -0.025431825394694733 -5.7356810104608866e-07 0.025431825400904162 0.99967655865856342 1.8037456020599588e-05 1.1465715332970698e-07 -1.8046208848364587e-05 0.99999999983716059 -0.00053750094304860882 0.021130268502807168 1.1242309467617686e-17 -3.7780889527994077e-13 7.1456729422436638e-14 0.56519922760612273 
3 0.088973085642792049 0.00089025565344280871 -0.0050006364886445061 0.99997977747027289 0.0063596108505583346 -5.7713707130579494e-07 -0.006359610839114958 0.99997977730783372 1.803747418276516e-05 6.9183671656984341e-07 -1.8033439052232967e-05 0.99999999983715826 -0.0011321296979832538 0.019775086984226104 1.7835554548546793e-06 4.0518776440997737e-07 -1.2742545196129735e-05 -0.14125350103065754 
4 0.27455108630044089 2.0299346249025248e-10 -1.2562251562992314e-08 1 0 -2.7105054312137635e-20 0 1 0 2.7105054312137635e-20 0 1 -0.0012579355219467026 2.7930055663202661e-19 -3.3579675967158345e-19 0 -7.4498615760759725e-18 0 
1 -0.121 -1.218180697837851e-18 -0.080000000000000002 1 0 0 0 1 0 0 0 1 0 0 0 0 0 0 
2 -0.083620663357848221 0.0011740354235004243 -0.033286712968750368 0.99950704023738635 -0.031395485590059405 -6.811685114549891e-07 0.031395485597239495 0.99950704007470537 1.8033713141095494e-05 1.1465554161994058e-07 -1.8046208862337097e-05 0.99999999983716059 -0.0007372714268771525 0.023473997681623358 3.0633415759166436e-17 -3.3364977447547517e-13 1.3331002968186567e-13 0.62799848778559042 
3 0.088959734781544147 0.0010989751501589661 -0.0050006176654387073 0.99996918463426232 0.0078504637709925738 -6.8473649660945039e-07 -0.007850463757369891 0.9999691844719909 1.803373678642124e-05 8.2628859339017625e-07 -1.802780557117657e-05 0.9999999998371577 -0.0015527753637550675 0.021968501123117129 1.9810319042027546e-06 5.346409939675168e-07 -1.4154917671417263e-05 -0.15692275377412604 
4 0.2745362520479907 2.0299346249354614e-10 -1.2562251562996404e-08 1 0 -1.4907779871675739e-19 0 1 0 1.4907779871675739e-19 0 1 -0.0017252806497214939 3.8306193184175664e-19 -4.8353308671948349e-19 0 -1.1943976555620198e-17 0 
1 -0.121 -1.218180697837851e-18 -0.080000000000000002 1 0 0 0 1 0 0 0 1 0 0 0 0 0 0 
2 -0.08362921724294714 0.0014204847380854197 -0.033286712968750368 0.99927828723293755 -0.037985584952277655 -8.0006681482489603e-07 0.037985584960530276 0.99927828707030741 1.8028829507086173e-05 1.1465376142846709e-07 -1.8046208876624347e-05 0.99999999983716059 -0.00098123907940314385 0.02581543036043929 6.5818272200216012e-17 -2.7264301927232282e-13 1.5765166949677223e-13 0.69079794782053849 
3 0.088941720025763657 0.0013296185197803976 -0.0050005968692342839 0.99995489377874813 0.0094979159443821133 -8.0363322867571795e-07 -0.0094979159283536431 0.99995489361669609 1.8028859306976233e-05 9.7483356995802103e-07 -1.8020413252416225e-05 0.99999999983715715 -0.0020664536948485249 0.024159765767901391 2.1781395757160232e-06 6.9072573513041648e-07 -1.5565478805332504e-05 -0.17257761243841194 
4 0.27451623621914989 2.0299346249799024e-10 -1.2562251563001981e-08 1 0 -2.7105054312137784e-19 0 1 0 2.7105054312137784e-19 0 1 -0.0022959659216959917 5.09776494340201e-19 -6.2992749614482633e-19 0 -1.3330813525738424e-17 0 
1 -0.121 -1.218180697837851e-18 -0.080000000000000002 1 0 0 0 1 0 0 0 1 0 0 0 0 0 0 
2 -0.083640450151857004 0.001690334196087002 -0.033286712968750361 0.99897789403510695 -0.045201407370980849 -9.3024866821119162e-07 0.045201407380407732 0.99897789387254055 1.8022581330070732e-05 1.1465181477019112e-07 -1.8046208891207391e-05 0.99999999983716059 -0.0012738103638389926 0.02815390981385045 1.232756333548472e-16 -1.5060175329040248e-13 1.1324274851176597e-13 0.7535983472397465 
3 0.088918064709120129 0.0015821612606106168 -0.0050005741042080821 0.99993613270765958 0.011301792104701567 -9.3381337143815052e-07 -0.011301792086042312 0.99993613254588865 1.8022617882372621e-05 1.1374416116445537e-06 -1.8010913061996428e-05 0.99999999983715659 -0.0026824313233944426 0.026348266284091794 2.37477856181536e-06 8.7609125408385711e-07 -1.6973750845905025e-05 -0.18821397148300098 
4 0.27448995397606579 2.0299346250382582e-10 -1.2562251563008884e-08 1 0 -3.7947076036993002e-19 0 1 0 3.7947076036993002e-19 0 1 -0.0029802768961769348 6.617367970905063e-19 -7.4133799639377196e-19 0 -7.8053755322405531e-18 0 
1 -0.121 -1.218180697837851e-18 -0.080000000000000002 1 0 0 0 1 0 0 0 1 0 0 0 0 0 0 
2 -0.083654870141424836 0.0019835506267812924 -0.033286712968750368 0.99859228116046639 -0.053042021130300744 -1.0716957025115134e-06 0.053042021141003468 0.99859228099797914 1.8014723664805022e-05 1.1464970282158682e-07 -1.8046208905022424e-05 0.99999999983716059 -0.0016193889142441264 0.030488694154178219 2.1056509017257065e-16 8.7985174701543656e-14 -4.0550895974433843e-14 0.81640087795377947 
3 0.088887699538061235 0.001856572326106163 -0.0050005493755988549 0.99991205753708412 0.013261869807789596 -1.0752598042404273e-06 -0.013261869786276461 0.99991205737566757 1.801476733487236e-05 1.3140747420841012e-06 -1.7998923116353824e-05 0.99999999983715604 -0.0034099670616389386 0.028533308336780524 2.5708363875319595e-06 1.0933842176460644e-06 -1.8379200798634401e-05 -0.20382719844233069 
4 0.27445621767701867 2.0299346251131677e-10 -1.2562251563016549e-08 1 0 -3.7947076036992992e-19 0 1 0 3.7947076036992992e-19 0 1 -0.0037884887881949351 8.4123543332011142e-19 -7.7377138704294769e-19 0 9.447203554350001e-18 0 
1 -0.121 -1.218180697837851e-18 -0.080000000000000002 1 0 0 0 1 0 0 0 1 0 0 0 0 0 0 
2 -0.08367302929069248 0.0023000930147562544 -0.033286712968750361 0.99810669884539083 -0.061506241296776093 -1.2243848473112262e-06 0.061506241308855965 0.99810669868300006 1.8004990476102387e-05 1.1464742909798829e-07 -1.8046208916718885e-05 0.9999999998371607 -0.0020223755355249914 0.032818956331469806 3.363270699883267e-16 5.103140132689532e-13 -3.5388358909926865e-13 0.87920727744721661 
3 0.088849462670011606 0.0021528133278723954 -0.0050005226898329437 0.9998817535110599 0.015377873524648889 -1.2279519210615553e-06 -0.015377873500061161 0.99988175335008211 1.8005041136666777e-05 1.5046859652663916e-06 -1.7984028814462903e-05 0.99999999983715526 -0.0042583119019434313 0.030714117890639048 2.7661880105073378e-06 1.3452488358990624e-06 -1.978124160860982e-05 -0.21941213535225262 
4 0.27441373697985499 2.0299346252074994e-10 -1.2562251563023916e-08 1 0 -1.2197274440461963e-19 0 1 0 1.2197274440461963e-19 0 1 -0.0047308664695044833 1.0505650365207477e-18 -6.7288325879944602e-19 0 4.4251659038796222e-17 0 
1 -0.121 -1.218180697837851e-18 -0.080000000000000002 1 0 0 0 1 0 0 0 1 0 0 0 0 0 0 
2 -0.083695520141476923 0.0026398892635392909 -0.033286712968750361 0.99750524186779455 -0.070592439002667942 -1.3882848835875059e-06 0.070592439016225986 0.99750524170552046 1.7993094934476532e-05 1.1464499172782722e-07 -1.8046208930547003e-05 0.99999999983716059 -0.0024865361028328721 0.035139777081604311 2.2282579903988299e-16 6.3504757008558954e-14 -1.4155343563970746e-14 0.94199294155811342 
3 0.088802109542730739 0.0024708167895649892 -0.0050004940579035703 0.99984423852112836 0.01764932560092921 -1.3918501555275456e-06 -0.017649325573049417 0.99984423836068725 1.7993154737310549e-05 1.7092004052123386e-06 -1.7965786880375293e-05 0.99999999983715449 -0.0052349634801728013 0.032886091152006629 2.9601133976627656e-06 1.6336865758275997e-06 -2.1176044969633406e-05 -0.23493748108218496 
4 0.27436113183813604 2.0299346253243097e-10 -1.2562251563034649e-08 1 0 1.3552527156068802e-20 0 1 0 -1.3552527156068802e-20 0 1 -0.0058153565677931144 1.2912714334301375e-18 -1.3236047484876271e-18 0 1.2854737793711577e-18 0 
1 -0.121 -1.218180697837851e-18 -0.080000000000000002 1 0 0 0 1 0 0 0 1 0 0 0 0 0 0 
2 -0.083722980841522535 0.0030028681271154468 -0.033286712968750354 0.99677084414940964 -0.080298718864184576 -1.563359653527469e-06 0.080298718879321496 0.99677084398727522 1.7978729287764425e-05 1.1464239268875232e-07 -1.8046208946224533e-05 0.99999999983716059 -0.0030169655960246029 0.037454595457055144 1.9912283489802334e-16 5.4539706084710815e-14 -5.5233595475101538e-15 1.004790845071251 
3 0.088744298671645155 0.0028105160304663403 -0.0050004634907314799 0.99979846182402743 0.020075749845360431 -1.5669180670992947e-06 -0.020075749813974829 0.99979846166423425 1.7978800447306981e-05 1.9275401733395595e-06 -1.7943719977564571e-05 0.99999999983715382 -0.0063510897282704924 0.035052446579551026 3.1531072046822887e-06 1.9620471973864944e-06 -2.2566448609602388e-05 -0.2504253933599227 
4 0.27429691372279891 2.0299346254669029e-10 -1.2562251563049243e-08 1 0 2.7105054312137599e-20 0 1 0 -2.7105054312137599e-20 0 1 -0.0070547584718514151 1.5664742133783076e-18 -1.5995051475632943e-18 0 1.4968756072425044e-18 0 
1 -0.121 -1.218180697837851e-18 -0.080000000000000002 1 0 0 0 1 0 0 0 1 0 0 0 0 0 0 
2 -0.083756093909419363 0.0033889507081457859 -0.033286712968750354 0.995885286645671 -0.090622821847528567 -1.7495663071140094e-06 0.090622821864344644 0.99588528648370211 1.7961565019085121e-05 1.1463963615511643e-07 -1.8046208963425891e-05 0.9999999998371607 -0.0036177315835512762 0.039760270251790235 1.29416735802895e-16 3.7525538232330291e-14 -8.6042284408449632e-16 1.0675910569202338 
3 0.08867459506058048 0.0031718372089680831 -0.0050004310004025812 0.9997433059136287 0.022656616645373554 -1.7531169567960249e-06 -0.022656616610272837 0.99974330575460935 1.7961648548717856e-05 2.1596171272489494e-06 -1.791731820099082e-05 0.99999999983715293 -0.0076150213893168353 0.037210244401054707 3.3447074603154231e-06 2.3326403170733174e-06 -2.3950071800991598e-05 -0.26585598257367954 
4 0.27421949013177405 2.029934625638818e-10 -1.2562251563066732e-08 1 0 4.065758146820638e-20 0 1 0 -4.065758146820638e-20 0 1 -0.0084581203128760267 1.8780824293546306e-18 -1.9030681505880199e-18 0 1.2558043870823183e-18 0 
1 -0.121 -1.218180697837851e-18 -0.080000000000000002 1 0 0 0 1 0 0 0 1 0 0 0 0 0 0 
2 -0.083795584351812599 0.0037980378501869653 -0.033286712968750354 0.99482921175018502 -0.10156199803428084 -1.9468530037150633e-06 0.10156199805287587 0.99482921158841087 1.7941253121359555e-05 1.1463672452033208e-07 -1.8046208981505217e-05 0.99999999983716059 -0.0042931608445474839 0.042055236236905998 -1.846637307554184e-18 5.467848396278896e-15 -2.2759572004815709e-15 1.1303957490844618 
3 0.088591475401132672 0.0035546875233957785 -0.0050003966020023567 0.99967758993603428 0.025391261801615335 -1.9503976974117978e-06 -0.025391261762595523 0.99967758977792998 1.7941348930060938e-05 2.4053223570143591e-06 -1.7886041400128617e-05 0.99999999983715193 -0.0090358050057022677 0.039358019745398883 3.5346810718458427e-06 2.7480397186724883e-06 -2.5325806025082486e-05 -0.28121945902337664 
4 0.27412717146449167 2.0299346258438068e-10 -1.256225156308739e-08 1 0 4.065758146820638e-20 0 1 0 -4.065758146820638e-20 0 1 -0.01003543662830551 2.2283147830359525e-18 -2.2327546681951433e-18 0 2.9171312278694197e-19 0 
1 -0.121 -1.218180697837851e-18 -0.080000000000000002 1 0 0 0 1 0 0 0 1 0 0 0 0 0 0 
2 -0.083842220396301806 0.0042300141114566094 -0.033286712968750354 0.99358213143099416 -0.11311298818613957 -2.1551585839383807e-06 0.11311298820661277 0.99358213126944694 1.7917424247683308e-05 1.1463366179888649e-07 -1.8046209001254959e-05 0.99999999983716059 -0.0050475707907386433 0.04433780157349948 -2.121139551900226e-16 -5.0542903196060252e-14 -1.0713652187632761e-14 1.1932078271080766 
3 0.088493326048849602 0.0039589589309144135 -0.0050003603130401742 0.99960007161259046 0.028278911355351769 -2.1587038760284822e-06 -0.028278911312215188 0.99960007145555863 1.7917530192016644e-05 2.6645287967363401e-06 -1.7849318667601047e-05 0.99999999983715104 -0.01062246124463323 0.041494189251586301 3.7227763547578964e-06 3.2108114783401965e-06 -2.6692461466257169e-05 -0.2965052488585993 
4 0.27401816834608511 2.0299346260858426e-10 -1.256225156311147e-08 1 0 4.0657581468206374e-20 0 1 0 -4.0657581468206374e-20 0 1 -0.01179666774007916 2.6193822912052295e-18 -2.5864970521903199e-18 0 -1.712758171010899e-18 0 
1 -0.121 -1.218180697837851e-18 -0.080000000000000002 1 0 0 0 1 0 0 0 1 0 0 0 0 0 0 
2 -0.083896813397766584 0.0046847464987333186 -0.033286712968750361 0.9921224390905572 -0.1252719675241262 -2.3744115550204505e-06 0.12527196754657613 0.99212243892927288 1.7889688929575901e-05 1.1463045238618441e-07 -1.8046209022644919e-05 0.99999999983716059 -0.0058852694664409911 0.046606147812668294 -5.2072442029585607e-16 -1.3983258995153847e-13 -2.836619827917275e-14 1.2560310246712802 
3 0.088378443281983091 0.0043845269626296051 -0.0050003221536352111 0.99950945004083269 0.031318672919158276 -2.3779713917314939e-06 -0.031318672871714567 0.9995094498850472 1.7889799521418188e-05 2.9370896573925361e-06 -1.7806548772877514e-05 0.99999999983715016 -0.012383984898132158 0.043617051068741211 3.9087230327366053e-06 3.7235142739958503e-06 -2.8048768217719174e-05 -0.31170199541231647 
4 0.27389059196954574 2.0299346263691179e-10 -1.2562251563139193e-08 1 0 1.3552527156068802e-20 0 1 0 -1.3552527156068802e-20 0 1 -0.013751739754636986 3.0534882857515271e-18 -2.9616990955515297e-18 0 -5.1217824689420978e-18 0 
1 -0.121 -1.218180697837851e-18 -0.080000000000000002 1 0 0 0 1 0 0 0 1 0 0 0 0 0 0 
2 -0.083960194062841095 0.0051620094929133824 -0.033286712968750368 0.99042749308285671 -0.13803398472414036 -2.6045199766001163e-06 0.13803398474866468 0.9904274929218746 1.7857639148078493e-05 1.1462710131391516e-07 -1.8046209044537278e-05 0.99999999983716059 -0.0068064587750039166 0.04884557893349524 -1.5183791963152117e-16 1.2573275753879898e-14 4.2188474935755949e-15 1.3187823067118758 
3 0.088245098809903666 0.0048311805577385784 -0.0050002821569371829 0.99940438530992426 0.034509051225587617 -2.6080788923190351e-06 -0.034509051173655797 0.99940438515557561 1.7857764901893772e-05 3.2227800055892928e-06 -1.7757126226826317e-05 0.99999999983714905 -0.014318057205982695 0.045712851695811414 4.0904616946749254e-06 4.2846134223637009e-06 -2.9383402679641814e-05 -0.32671521406692244 
4 0.27374254061021458 2.0299346266978576e-10 -1.2562251563171693e-08 1 0 0 0 1 0 0 0 1 -0.015895637428419804 3.5295393727734033e-18 -3.5163094447095622e-18 0 1.7118243457127274e-19 0 
1 -0.121 -1.218180697837851e-18 -0.080000000000000002 1 0 0 0 1 0 0 0 1 0 0 0 0 0 0 
2 -0.084033252162863059 0.0056616076786387016 -0.033286712968750368 0.9884735369803922 -0.15139374716736809 -2.8453856225608599e-06 0.15139374719406362 0.98847353681975592 1.7820846806873763e-05 1.1462361416057123e-07 -1.8046209066787838e-05 0.99999999983716059 -0.0078206698158824195 0.051070338023976633 -1.4842595838334679e-16 9.5756735873919752e-15 5.5511151231257827e-16 1.3815795077412145 
3 0.088091430354248268 0.0052987368281246046 -0.005000240352108643 0.99928347977075271 0.03784873906934226 -2.8489299065010621e-06 -0.037848739012751313 0.99928347961804942 1.7820996872251588e-05 3.5213908507297209e-06 -1.7700399362990486e-05 0.99999999983714782 -0.016448063704985763 0.047794920688112433 4.2699502766710587e-06 4.9018851570853096e-06 -3.0707696037079579e-05 -0.34163733412436781 
4 0.27357195512158883 2.0299346270766334e-10 -1.2562251563209436e-08 1 0 0 0 1 0 0 0 1 -0.01825729199971305 4.0539318166610899e-18 -4.0405825946704014e-18 0 2.5124195958292108e-19 0 
1 -0.121 -1.218180697837851e-18 -0.080000000000000002 1 0 0 0 1 0 0 0 1 0 0 0 0 0 0 
2 -0.084116924438058752 0.006183337122252777 -0.033286712968750368 0.98623573809183596 -0.1653453020223459 -3.0968982309170301e-06 0.16534530205130843 0.9862357379315928 1.7778864463231702e-05 1.1461999778010352e-07 -1.8046209089743169e-05 0.99999999983716059 -0.0089299736524979471 0.053271351802823365 -1.0574396836454695e-16 6.6058269965196814e-15 -8.8817841970012523e-16 1.4443821122926954 
3 0.087915474976693261 0.0057870049133923627 -0.0050001967696979887 0.99914528707988304 0.041336367721963356 -3.1004276827118688e-06 -0.04133636766055343 0.99914528692905191 1.7779039928359478e-05 3.8326986388680623e-06 -1.7635683534627899e-05 0.99999999983714649 -0.018776835526175151 0.049854766661143128 4.4459080941549028e-06 5.5756667033474367e-06 -3.2014764179284869e-05 -0.35641025042223856 
4 0.27337666295026719 2.0299346275102691e-10 -1.2562251563252679e-08 1 0 0 0 1 0 0 0 1 -0.020838489371361225 4.6270725253669327e-18 -4.6171834498207796e-18 0 2.8457442725155069e-19 0 
1 -0.121 -1.218180697837851e-18 -0.080000000000000002 1 0 0 0 1 0 0 0 1 0 0 0 0 0 0 
2 -0.084212182167954563 0.0067269457109069312 -0.033286712968750368 0.98368824867246651 -0.1798817094993633 -3.3589296137106732e-06 0.17988170953068741 0.98368824851266823 1.7731226469122671e-05 1.1461625980224051e-07 -1.8046209113333687e-05 0.9999999998371607 -0.010138436227304579 0.055445658475606001 -1.0887854002882877e-17 3.8302694349567901e-15 5.5511151231257827e-16 1.5071937074359145 
3 0.087715203326359889 0.0062957488636821842 -0.0050001514471567062 0.99898832653682235 0.044970250520242151 -3.3624492038109185e-06 -0.044970250453866274 0.99898832638810808 1.7731423806153044e-05 4.1564340733233844e-06 -1.7562275212390223e-05 0.99999999983714527 -0.021312700145814649 0.05188961774785792 4.617902065689155e-06 6.3082893599521856e-06 -3.3302526438597387e-05 -0.37101536225143583 
4 0.27315442336541201 2.0299346280037395e-10 -1.2562251563301966e-08 1 0 0 0 1 0 0 0 1 -0.023648274182310948 5.2509698049072186e-18 -5.2494471213254191e-18 0 2.4510129515731457e-19 0 
1 -0.121 -1.218180697837851e-18 -0.080000000000000002 1 0 0 0 1 0 0 0 1 0 0 0 0 0 0 
2 -0.084320037160361017 0.0072921508183692984 -0.033286712968750368 0.98080421549420704 -0.19499510469651934 -3.6313347741756899e-06 0.19499510473029827 0.98080421533490958 1.7677449137413544e-05 1.1461240848640935e-07 -1.80462091377608e-05 0.99999999983716059 -0.011450097254691777 0.057590117160116867 1.5043437245062782e-16 6.6613381477509392e-16 5.8286708792820718e-15 1.5700188209362615 
3 0.087488503139260099 0.006824704172454359 -0.0050001044263964858 0.99881108527493812 0.048748496578748628 -3.6348574573227071e-06 -0.04874849650727435 0.99881108512860461 1.7677657318476051e-05 4.4922951385463143e-06 -1.7479446255322778e-05 0.99999999983714416 -0.024063912709491514 0.053896534479293469 4.7854732312016076e-06 7.1020628773615078e-06 -3.4568786155924659e-05 -0.38543295038192649 
4 0.2729029056676322 2.0299346285622208e-10 -1.2562251563357869e-08 1 0 0 0 1 0 0 0 1 -0.026695595504300784 5.9276107400483592e-18 -5.9408430742419522e-18 0 1.0321690427550668e-19 0 
1 -0.121 -1.218180697837851e-18 -0.080000000000000002 1 0 0 0 1 0 0 0 1 0 0 0 0 0 0 
2 -0.084441541489092303 0.0078786375141470504 -0.033286712968750361 0.97755580904277017 -0.21067662469153015 -3.9139505951360426e-06 0.21067662472785567 0.97755580888403426 1.7617031276280574e-05 1.1460845358845009e-07 -1.8046209162951089e-05 0.99999999983716059 -0.012868970220984401 0.059701407886370073 3.9390259092171389e-16 -2.4424906541753444e-15 1.5265566588595902e-14 1.6328630195421805 
3 0.087233179961603471 0.0073735761004699541 -0.0050000557540480217 0.99861202502636959 0.052668999016372516 -3.9175007461016161e-06 -0.052668998939683603 0.9986120248826994 1.7617228080077754e-05 4.8399451209648461e-06 -1.7386444965755234e-05 0.99999999983714327 -0.027038656032116457 0.0558724097845687 4.9481367519851511e-06 7.9592760044704005e-06 -3.581123192653371e-05 -0.39964217804779645 
4 0.27261969014465554 2.0299346291910854e-10 -1.2562251563420991e-08 1 0 0 0 1 0 0 0 1 -0.029989306841861244 6.6589611943068937e-18 -6.6949751275209285e-18 0 -1.7421152102344083e-19 0 
1 -0.121 -1.218180697837851e-18 -0.080000000000000002 1 0 0 0 1 0 0 0 1 0 0 0 0 0 0 
2 -0.084577709135635143 0.0084859308324719673 -0.033286712968750361 0.97391446546068194 -0.22691543347410001 -4.2065782704796001e-06 0.22691543351306204 0.97391446530257253 1.7549458667014838e-05 1.1460440638608675e-07 -1.8046209188662591e-05 0.99999999983716059 -0.014385587283310342 0.061754333479120696 1.4672943242099905e-17 -2.2204460492503131e-15 5.2180482157382357e-15 1.6955738961061169 
3 0.086947171743395849 0.0079419201372287127 -0.0050000054966780789 0.99838963711418927 0.056728586138492701 -4.2101334103032484e-06 -0.056728586056492024 0.99838963697348138 1.7549675162640061e-05 5.1989218262889777e-06 -1.728257890162441e-05 0.99999999983714183 -0.030208193069818038 0.057793662555052389 5.1028047579596535e-06 8.8690119312981796e-06 -3.7011378390628714e-05 -0.41347667038252539 
4 0.27230255059118652 2.0299346298952766e-10 -1.2562251563491543e-08 1 0 0 0 1 0 0 0 1 -0.033489655681564819 7.4361939049325577e-18 -7.4386613697115063e-18 0 2.4589037038309805e-19 0 
1 -0.121 -1.218180697837851e-18 -0.080000000000000002 1 0 0 0 1 0 0 0 1 0 0 0 0 0 0 
2 -0.084729650746285176 0.0091136117179630681 -0.033286712968750354 0.96985061108774073 -0.2437002095862966 -4.5090101183985976e-06 0.24370020962798314 0.96985061093032754 1.7474198922795495e-05 1.1460027818200883e-07 -1.8046209214610381e-05 0.9999999998371607 -0.016021804279266836 0.063774073519682797 -8.6820363220334162e-18 -1.609823385706477e-15 4.2743586448068527e-15 1.7583708328018501 
3 0.086628179803710986 0.0085293440962258271 -0.0049999537151870516 0.99814237991520538 0.06092445647559537 -4.5125503182022776e-06 -0.060924456388205914 0.99814237977777742 1.7474461604214792e-05 5.5687897889178345e-06 -1.7167076018306931e-05 0.99999999983714005 -0.033629567881957832 0.059683857355640441 5.2523681749067224e-06 9.8510583570519223e-06 -3.8188028297019005e-05 -0.42710537928721948 
4 0.27194896847130212 2.0299346306803858e-10 -1.2562251563570077e-08 1 0 1.3552527156068802e-20 0 1 0 -1.3552527156068802e-20 0 1 -0.037269821572890847 8.2755585446535874e-18 -8.2780753121513625e-18 0 1.6661986590789321e-19 0 
1 -0.121 -1.218180697837851e-18 -0.080000000000000002 1 0 0 0 1 0 0 0 1 0 0 0 0 0 0 
2 -0.084898532346280808 0.0097612490788300827 -0.033286712968750361 0.96533377383710961 -0.2610185914186226 -4.8210195859972164e-06 0.26101859146311968 0.96533377368046769 1.7390703562444132e-05 1.1459608229014913e-07 -1.8046209241369765e-05 0.99999999983716059 -0.01777415666858791 0.06574483836344952 -5.3318507643450621e-17 -6.106226635438361e-16 3.8857805861880479e-15 1.8211755217698844 
3 0.086273781899322693 0.0091354445261461695 -0.0049999004729252847 0.99786870424384777 0.065253728379517109 -4.8245454064817524e-06 -0.065253728286683729 0.99786870411003481 1.739101298387731e-05 5.9490913101805531e-06 -1.7039128016648257e-05 0.99999999983713816 -0.037290482788805097 0.061528217223690382 5.3948472787021439e-06 1.0900395623570248e-05 -3.9329690716825155e-05 -0.44042466919304196 
4 0.27155628177881758 2.0299346315523254e-10 -1.2562251563657295e-08 1 0 1.3552527156068802e-20 0 1 0 -1.3552527156068802e-20 0 1 -0.041311694043606753 9.173033536618378e-18 -9.1749232956746506e-18 0 2.2554411285156735e-20 0 
1 -0.121 -1.218180697837851e-18 -0.080000000000000002 1 0 0 0 1 0 0 0 1 0 0 0 0 0 0 
2 -0.085085532328803726 0.010428329058072835 -0.033286712968750368 0.96033275098772586 -0.27885660715482941 -5.1423509798504061e-06 0.2788566072022205 0.96033275083193503 1.7298411101884992e-05 1.1459183318195459e-07 -1.8046209268473931e-05 0.99999999983716059 -0.019646041677211901 0.06766176707331599 -1.25440576617289e-16 5.5511151231257827e-16 3.6637359812630166e-15 1.8839925144094405 
3 0.085881550017709321 0.0097597405184874815 -0.0049998458441398328 0.99756709133636179 0.069712970502130697 -5.1458678145442268e-06 -0.069712970403822447 0.99756709120651577 1.7298756679835078e-05 6.3392961016329926e-06 -1.6897936654181233e-05 0.9999999998371365 -0.041197430927833734 0.063322192954161666 5.5295557738975516e-06 1.2018736166407489e-05 -4.0432982348990315e-05 -0.45340371031905252 
4 0.27112184011737606 2.0299346325169791e-10 -1.256225156375377e-08 1 0 1.3552527156068802e-20 0 1 0 -1.3552527156068802e-20 0 1 -0.045621900736565205 1.0130090483493712e-17 -1.0130423281263634e-17 0 -2.0049382531352804e-19 0 
1 -0.121 -1.218180697837851e-18 -0.080000000000000002 1 0 0 0 1 0 0 0 1 0 0 0 0 0 0 
2 -0.085291862740584895 0.011114287991400275 -0.033286712968750361 0.95481560857979209 -0.29719884519030448 -5.4727225416070969e-06 0.29719884524067069 0.95481560842493751 1.7196747024671969e-05 1.1458754654313623e-07 -1.8046209295643113e-05 0.99999999983716059 -0.021640792789052031 0.069519759128211608 -2.318772076740124e-16 2.55351295663786e-15 3.7192471324942744e-15 1.9468274403806667 
3 0.085448992090297896 0.010401704551607186 -0.0049997899101060263 0.99723605254437964 0.074298421757893973 -5.4762427141939273e-06 -0.074298421654106328 0.99723605241886848 1.7197100970377409e-05 6.7388241273005304e-06 -1.6742692896646882e-05 0.99999999983713517 -0.045356730371814792 0.065061011124034604 5.6557743010897634e-06 1.3207738471454232e-05 -4.1494363584150193e-05 -0.46601014692839399 
4 0.27064292796828432 2.0299346335803769e-10 -1.2562251563860101e-08 1 0 0 0 1 0 0 0 1 -0.050206838476169226 1.1148149733713803e-17 -1.1145713124089645e-17 0 -5.1781489965559617e-19 0 
1 -0.121 -1.218180697837851e-18 -0.080000000000000002 1 0 0 0 1 0 0 0 1 0 0 0 0 0 0 
2 -0.085518768644484239 0.011818510011390816 -0.033286712968750368 0.94874973991271638 -0.31602837053305161 -5.8118249468282242e-06 0.31602837058647115 0.94874973975888854 1.7085124846760276e-05 1.145832401520906e-07 -1.8046209322820026e-05 0.9999999998371607 -0.023761679745996408 0.071313474423099835 -3.8008222377941071e-16 4.9404924595819466e-15 4.1078251911130792e-15 2.0096871132917924 
3 0.084973553743111316 0.011060760248542625 -0.004999732759458109 0.99687414231940341 0.079005976616552759 -5.8153701013500119e-06 -0.079005976507309741 0.99687414219860981 1.7085434624404297e-05 7.1470435297700632e-06 -1.6572578993748701e-05 0.99999999983713472 -0.049774524128816451 0.066739674092310436 5.7727504369207886e-06 1.4469007849956823e-05 -4.251013976306478e-05 -0.47821009732268099 
4 0.27011676699869752 2.0299346347486881e-10 -1.2562251563976888e-08 1 0 0 0 1 0 0 0 1 -0.055072673268372237 1.2228580381480312e-17 -1.2221850573513068e-17 0 -9.4580109144750183e-19 0 
1 -0.121 -1.218180697837851e-18 -0.080000000000000002 1 0 0 0 1 0 0 0 1 0 0 0 0 0 0 
2 -0.085767358005179872 0.012540187251958448 -0.033286712968750375 0.94210233383128095 -0.33532550238792852 -6.1592992971091037e-06 0.33532550244447634 0.94210233367857532 1.6962954707854559e-05 1.1457893223628741e-07 -1.8046209350453114e-05 0.99999999983716059 -0.025982541745410006 0.073013524774091107 -1.0946754601565677e-16 7.049916206369744e-15 1.7208456881689926e-15 2.0723706792557932 
3 0.084453077386679495 0.011736151548260583 -0.0049996744964492185 0.9964800555516482 0.083830178633969812 -6.1628567586696642e-06 -0.083830178519326295 0.99648005543596552 1.6963281486138113e-05 7.5631987617243325e-06 -1.6386938295376839e-05 0.99999999983713317 -0.054377532807675377 0.068330678635211958 5.8783247048213568e-06 1.5776168497930241e-05 -4.3462002412035169e-05 -0.48979575497467281 
4 0.26954111583142626 2.0299346360268894e-10 -1.2562251564104685e-08 1 0 0 0 1 0 0 0 1 -0.06012181269041094 1.3349715630626872e-17 -1.3349558173849363e-17 0 -3.6443696853589323e-19 0 
1 -0.121 -1.218180697837851e-18 -0.080000000000000002 1 0 0 0 1 0 0 0 1 0 0 0 0 0 0 
2 -0.086038893387373541 0.013278554457248343 -0.033286712968750375 0.93483982650620445 -0.35506970968446083 -6.5147712656044843e-06 0.35506970974420843 0.93483982635472207 1.6829633258194822e-05 1.1457464359524833e-07 -1.804620937758199e-05 0.99999999983716059 -0.028345926240631154 0.074646037811379212 -5.7606858529028547e-17 5.9952043329758453e-15 1.2212453270876722e-15 2.1351675359536402 
3 0.083885015088866463 0.012427162266199188 -0.0049996152276044767 0.99605251479727031 0.088765915325337327 -6.5183284726194317e-06 -0.088765915205381005 0.99605251468710299 1.6830031405734489e-05 7.9865306093933232e-06 -1.6184989713317522e-05 0.99999999983713073 -0.059277885573076276 0.069858476433155334 5.9735222106693351e-06 1.7168191789218644e-05 -4.4365302407253088e-05 -0.50096137938152419 
4 0.26891324177416315 2.0299346374210491e-10 -1.25622515642441e-08 1 0 0 0 1 0 0 0 1 -0.065498877349242896 1.4543663493377845e-17 -1.4543494041307188e-17 0 -3.186618491611994e-19 0 
1 -0.121 -1.218180697837851e-18 -0.080000000000000002 1 0 0 0 1 0 0 0 1 0 0 0 0 0 0 
2 -0.086334707826068724 0.014032818896233814 -0.033286712968750375 0.92692811174652034 -0.37523895800772822 -6.8778393343143384e-06 0.37523895807074342 0.9269281115963679 1.6684547531551912e-05 1.1457039544925527e-07 -1.8046209404352571e-05 0.99999999983716059 -0.030838695017740267 0.076191807317947946 2.497531189046222e-17 4.7739590058881731e-15 -5.5511151231257827e-16 2.1979730579170642 
3 0.083266655632387956 0.013133050504284675 -0.0049995550659579944 0.99559031460506486 0.093807917668149263 -6.8813971037293022e-06 -0.093807917543002828 0.99559031450082702 1.6685016777856187e-05 8.4162389868957574e-06 -1.5965911570969334e-05 0.99999999983712828 -0.064437438831649846 0.071305093132189759 6.0567326045306112e-06 1.8631102639798426e-05 -4.5207875971647882e-05 -0.51157323664410492 
4 0.26823021746541309 2.0299346389376667e-10 -1.256225156439576e-08 1 0 -1.3552527156068811e-20 0 1 0 1.3552527156068811e-20 0 1 -0.071152171504547584 1.579894688665678e-17 -1.5798812608831926e-17 0 -2.0002692520680793e-19 0 
1 -0.121 -1.218180697837851e-18 -0.080000000000000002 1 0 0 0 1 0 0 0 1 0 0 0 0 0 0 
2 -0.086656105196196057 0.014802077710497219 -0.033286712968750368 0.91833287145970266 -0.39580896546698235 -7.2480614044895345e-06 0.39580896553332912 0.91833287131099228 1.6527080992004793e-05 1.1456621138881191e-07 -1.8046209430867884e-05 0.99999999983716059 -0.033462831794172032 0.077643698946437703 1.4478040526468081e-16 3.5527136788005009e-15 -2.9420910152566648e-15 2.2607921974709058 
3 0.08259539340137699 0.013852971300195751 -0.0049994941360151073 0.99509238988379956 0.098950166966823655 -7.2516198643817885e-06 -0.098950166836646952 0.9950923897859123 1.6527602213245291e-05 8.8514407392285322e-06 -1.5728942190010509e-05 0.99999999983712617 -0.069858852991343104 0.07266385192984931 6.1270229670304719e-06 2.0165316761375099e-05 -4.5984876030172664e-05 -0.52158518353811101 
