OndselSolver
Assembly
	Notes
		(Text string: '' runs: (Core.RunArray runs: #() values: #()))
	Name
		Assembly
	Position3D
		0	0	0	
	RotationMatrix
		1	0	0	
		0	1	0	
		0	0	1	
	Velocity3D
		0	0	0	
	Omega3D
		0	0	0	
	RefPoints
		RefPoint
			Position3D
				0	0	0	
			RotationMatrix
				1	0	0	
				0	1	0	
				0	0	1	
			Markers
				Marker
					Name
						Marker0
					Position3D
						0	0	0	
					RotationMatrix
						1	0	0	
						0	1	0	
						0	0	1	
	RefCurves
	RefSurfaces
	Parts
		Part
			Name
				structural_node_1
			Position3D
				0.051296215921961506	0.017908175538920625	0.021903828027305762	
			RotationMatrix
				1	0	0	
				0	1	0	
				0	0	1	
			Velocity3D
				0	0	0	
			Omega3D
				0	0	0	
			FeatureOrder
			PrincipalMassMarker
				Name
					MassMarker
				Position3D
					0	0	0	
				RotationMatrix
					1	0	0	
					0	1	0	
					0	0	1	
				Mass
					0
				MomentOfInertias
					0	0	0	
				Density
					0
			RefPoints
				RefPoint
					Position3D
						0	0	0	
					RotationMatrix
						1	0	0	
						0	1	0	
						0	0	1	
					Markers
						Marker
							Name
								Marker0
							Position3D
								-0.051296215921961506	-0.017908175538920625	-0.021903828027305762	
							RotationMatrix
								1	0	0	
								0	1	0	
								0	0	1	
				RefPoint
					Position3D
						0	0	0	
					RotationMatrix
						1	0	0	
						0	1	0	
						0	0	1	
					Markers
						Marker
							Name
								Marker1
							Position3D
								-0.031259709839635427	0.0040986804694010384	0.0099999993363801883	
							RotationMatrix
								2.2204460492503131e-16	-2.2204460492503131e-16	1	
								1	0	-2.2204460492503131e-16	
								4.9303806576313238e-32	1	2.2204460492503131e-16	
				RefPoint
					Position3D
						0	0	0	
					RotationMatrix
						1	0	0	
						0	1	0	
						0	0	1	
					Markers
						Marker
							Name
								Marker2
							Position3D
								0.004757447447889902	-0.013617775960092804	0.021999999336380183	
							RotationMatrix
								-0.70710678118654846	-6.0980561568327675e-16	-0.70710678118654668	
								-0.70710678118654668	3.322498595269884e-16	0.70710678118654846	
								-1.9626155733547211e-16	1.0000000000000002	-6.6613381477509373e-16	
			RefCurves
			RefSurfaces
		Part
			Name
				structural_node_10
			Position3D
				0.064620037851395307	0.0087185728566999705	0.059544582662073069	
			RotationMatrix
				0.99999999999254408	-3.5678593931625758e-06	-1.4772575148151958e-06	
				3.5678580327669341e-06	0.99999999999321121	-9.2089429795323098e-07	
				1.477260800426538e-06	9.2088902730127411e-07	0.99999999999848488	
			Velocity3D
				0	0	0	
			Omega3D
				0	0	0	
			FeatureOrder
			PrincipalMassMarker
				Name
					MassMarker
				Position3D
					0	0	0	
				RotationMatrix
					-0.30245476198993543	0.71266151486620533	-0.63295009291979953	
					-0.28292523068713937	0.5669935146470847	0.77360566912419937	
					0.9101975858479322	0.41305826958180503	0.030140480615228546	
				Mass
					0.0014283808500322086
				MomentOfInertias
					5.0332795999999999e-08	4.7497486000000008e-08	9.3884390000000021e-09	
				Density
					10
			RefPoints
				RefPoint
					Position3D
						0	0	0	
					RotationMatrix
						1	0	0	
						0	1	0	
						0	0	1	
					Markers
						Marker
							Name
								Marker0
							Position3D
								-0.010093426018264445	0.008752596234087643	-0.00091202729231441989	
							RotationMatrix
								0.70710678118654446	3.6952964296801286e-16	0.70710678118655068	
								0.70710678118655068	-2.5850734050549686e-16	-0.70710678118654446	
								-7.8504622934187045e-17	1	-4.4408920985006271e-16	
				RefPoint
					Position3D
						0	0	0	
					RotationMatrix
						1	0	0	
						0	1	0	
						0	0	1	
					Markers
						Marker
							Name
								Marker1
							Position3D
								-0.00055905060873136844	-0.0010170434827720322	0.0041632909877442753	
							RotationMatrix
								-0.70710678118654613	-0.64137145056133982	0.29772917627408529	
								0.70710678118654924	-0.64137145056133693	0.29772917627408391	
								2.7755575615628914e-17	0.42105263900098044	0.90703620390274953	
				RefPoint
					Position3D
						0	0	0	
					RotationMatrix
						1	0	0	
						0	1	0	
						0	0	1	
					Markers
						Marker
							Name
								Marker2
							Position3D
								0.0018512458761587992	-0.0095669021062733759	-0.0025615102088932602	
							RotationMatrix
								-0.70710678118654413	-3.9728521858364197e-16	-0.70710678118655101	
								-0.70710678118655101	2.3075176488986726e-16	0.70710678118654413	
								-1.1775693440128181e-16	1	-4.4408920985006262e-16	
			RefCurves
			RefSurfaces
		Part
			Name
				structural_node_2
			Position3D
				0.03197700123075127	0.023348482587901408	0.043459364509493933	
			RotationMatrix
				0.18859156288489515	0.072683381101119743	0.97936221517901234	
				0.98205561064970581	-0.013957678037796073	-0.18807434916869095	
				-2.5711412154905133e-07	0.99725739372315647	-0.074011422526737564	
			Velocity3D
				0	0	0	
			Omega3D
				0	0	0	
			FeatureOrder
			PrincipalMassMarker
				Name
					MassMarker
				Position3D
					0.0020412640777831966	-8.1344346534017125e-05	0.018447029525859897	
				RotationMatrix
					0.28278349105884593	0.94237710719757684	0.17875365957689476	
					-0.95912936644189695	0.27588994524137361	0.062844318466651436	
					0.0099067096880415956	-0.18921922002837119	0.98188477981091549	
				Mass
					0.0097198376573862239
				MomentOfInertias
					2.7489439610000006e-06	2.7441275680000002e-06	2.8767802600000003e-07	
				Density
					10
			RefPoints
				RefPoint
					Position3D
						0	0	0	
					RotationMatrix
						1	0	0	
						0	1	0	
						0	0	1	
					Markers
						Marker
							Name
								Marker0
							Position3D
								-0.0035694380278606702	-0.0024004270358846894	-0.011326613320549562	
							RotationMatrix
								0.98205550958787713	-6.2450045135165055e-17	0.1885920891450521	
								-0.013958020807279677	0.99725737325518882	0.072683596108786885	
								-0.18807485143750299	-0.074011698319669125	0.97936209788239192	
				RefPoint
					Position3D
						0	0	0	
					RotationMatrix
						1	0	0	
						0	1	0	
						0	0	1	
					Markers
						Marker
							Name
								Marker1
							Position3D
								-6.8926786737257828e-06	1.1190067350106858e-05	-0.0016999491972919216	
							RotationMatrix
								0.99999172670106073	0.0003277535805065884	0.0040545168666000645	
								-0.0003010605342523183	0.99997829049972808	-0.0065823925586486354	
								-0.004056586247794443	0.0065811174455332692	0.99997011605406605	
				RefPoint
					Position3D
						0	0	0	
					RotationMatrix
						1	0	0	
						0	1	0	
						0	0	1	
					Markers
						Marker
							Name
								Marker2
							Position3D
								0.00010257927679259283	-0.0001665345317887983	0.025299243936167237	
							RotationMatrix
								0.99999172670104031	0.00032775358093153949	0.0040545168716499746	
								-0.00030106053462738036	0.99997829049970133	-0.0065823925627526278	
								-0.0040565862528482762	0.0065811174496340505	0.99997011605401875	
			RefCurves
			RefSurfaces
		Part
			Name
				structural_node_3
			Position3D
				0.030675333966524714	0.019983717591230143	0.046415988809068262	
			RotationMatrix
				0.18459536410736607	0.079188788872450691	0.97961915419564116	
				0.98281460690697831	-0.014874090715859434	-0.18399513546737634	
				5.9223041543043919e-07	0.99674866297492015	-0.080573586598577385	
			Velocity3D
				0	0	0	
			Omega3D
				0	0	0	
			FeatureOrder
			PrincipalMassMarker
				Name
					MassMarker
				Position3D
					7.105427357601002e-18	1.4210854715202004e-17	1.1045973629109085e-09	
				RotationMatrix
					-0.00086445815896090588	0.88040602995284989	-0.47421153811073435	
					0.0020034640636305851	0.47420987417922245	0.88040825282108326	
					0.9999925284257617	-0.00018898967779614048	-0.0021738185708908889	
				Mass
					0.00020169322932362446
				MomentOfInertias
					4.1972700000000003e-10	4.1388100000000008e-10	3.5068100000000003e-10	
				Density
					10
			RefPoints
				RefPoint
					Position3D
						0	0	0	
					RotationMatrix
						1	0	0	
						0	1	0	
						0	0	1	
					Markers
						Marker
							Name
								Marker0
							Position3D
								0	0	0	
							RotationMatrix
								1	0	0	
								0	1	0	
								0	0	1	
				RefPoint
					Position3D
						0	0	0	
					RotationMatrix
						1	0	0	
						0	1	0	
						0	0	1	
					Markers
						Marker
							Name
								Marker1
							Position3D
								0.00061567486340294764	0.00033308326672734266	-3.552713678800501e-18	
							RotationMatrix
								0.043549498266468749	-0.47383616552500613	0.8795355191470654	
								-0.080497383311729495	0.87584410754497988	0.47583323818193091	
								-0.99580299883094514	-0.091522606602394529	4.4408920985006262e-16	
			RefCurves
			RefSurfaces
		Part
			Name
				structural_node_4
			Position3D
				0.040482932052988543	0.018425071743534291	0.060771633632696775	
			RotationMatrix
				0.99999999977498621	-1.8585225294418869e-05	1.0228245783021823e-05	
				1.8585380977731661e-05	0.99999999971145181	-1.522103563634057e-05	
				-1.0227962893693967e-05	1.5221225728760239e-05	0.9999999998318515	
			Velocity3D
				0	0	0	
			Omega3D
				0	0	0	
			FeatureOrder
			PrincipalMassMarker
				Name
					MassMarker
				Position3D
					0	0	0	
				RotationMatrix
					0.38063011503966537	0.4465249295490275	0.80975710929535372	
					-0.15570325198556542	0.89408690473867136	-0.41987405667166483	
					-0.91147746101479632	0.033734895257389264	0.40987705532233948	
				Mass
					0.0010491465701585869
				MomentOfInertias
					7.4440515000000012e-08	7.3468657000000007e-08	3.0315460000000003e-09	
				Density
					10
			RefPoints
				RefPoint
					Position3D
						0	0	0	
					RotationMatrix
						1	0	0	
						0	1	0	
						0	0	1	
					Markers
						Marker
							Name
								Marker0
							Position3D
								-0.010031255571078788	0.0058363467840029841	-0.0048432887979371914	
							RotationMatrix
								-0.97384305013769856	-0.10776811512755499	0.20003936377712755	
								0.22722172805104693	-0.4618802560987092	0.85734293916010462	
								0	0.88037075280136645	0.47428613474563552	
				RefPoint
					Position3D
						0	0	0	
					RotationMatrix
						1	0	0	
						0	1	0	
						0	0	1	
					Markers
						Marker
							Name
								Marker1
							Position3D
								0.0093458321368207527	-0.0065087528547048204	0.0059655428453616677	
							RotationMatrix
								-0.77382756932336805	0.26560733087644101	0.57501620737139314	
								0.63339631586794709	0.32449553320331354	0.70250391883320429	
								2.7755575615628914e-17	0.90783004726423888	-0.41933829455966687	
			RefCurves
			RefSurfaces
		Part
			Name
				structural_node_5
			Position3D
				0.057108568099321695	0.019402712301478321	0.04643339003675255	
			RotationMatrix
				0.18459401433360301	0.079190268627959151	0.97961928892138361	
				0.98281486040857002	-0.014867892546769401	-0.18399428233317713	
				-5.6823195470623311e-06	0.99674863788512369	-0.080573896777193635	
			Velocity3D
				0	0	0	
			Omega3D
				0	0	0	
			FeatureOrder
			PrincipalMassMarker
				Name
					MassMarker
				Position3D
					3.552713678800501e-18	-7.105427357601002e-18	1.1045973309364853e-09	
				RotationMatrix
					-5.6085955781977112e-05	0.99843546517321036	0.05565691673519494	
					-0.00022817593610203731	-0.055656120668529374	0.99844992577641756	
					0.99998546416858747	4.3299449311008233e-05	0.00023094717484521381	
				Mass
					0.00020169322932362473
				MomentOfInertias
					4.1972700000000003e-10	4.1388100000000008e-10	3.5068100000000003e-10	
				Density
					10
			RefPoints
				RefPoint
					Position3D
						0	0	0	
					RotationMatrix
						1	0	0	
						0	1	0	
						0	0	1	
					Markers
						Marker
							Name
								Marker0
							Position3D
								0	0	0	
							RotationMatrix
								1	0	0	
								0	1	0	
								0	0	1	
				RefPoint
					Position3D
						0	0	0	
					RotationMatrix
						1	0	0	
						0	1	0	
						0	0	1	
					Markers
						Marker
							Name
								Marker1
							Position3D
								0.00069909804903395668	-3.5523482893978553e-05	0	
							RotationMatrix
								-0.0040941881426999321	0.050582409469853956	0.99871149861993491	
								-0.08057315076565659	0.99545598840499783	-0.050747832705681097	
								-0.99674028964377026	-0.08067710332463017	-2.6645352591003749e-15	
			RefCurves
			RefSurfaces
		Part
			Name
				structural_node_6
			Position3D
				0.050965507442295832	0.020121317600343993	0.058487080758367553	
			RotationMatrix
				0.99999999999998546	-9.650919977061218e-08	-1.4044211550352938e-07	
				9.6509212612019165e-08	0.99999999999999112	9.1435581105799379e-08	
				1.4044210667915337e-07	-9.1435594659756036e-08	0.9999999999999859	
			Velocity3D
				0	0	0	
			Omega3D
				0	0	0	
			FeatureOrder
			PrincipalMassMarker
				Name
					MassMarker
				Position3D
					0	0	0	
				RotationMatrix
					0.639952056662762	0.43859628079071178	-0.63094713157961635	
					-0.45385323899821994	0.87832164351364239	0.15022550751895627	
					0.6200628704569382	0.19022027680408168	0.76114257142937847	
				Mass
					0.00078490312799469957
				MomentOfInertias
					3.5329590000000008e-08	3.3955384999999996e-08	2.8082920000000003e-09	
				Density
					10
			RefPoints
				RefPoint
					Position3D
						0	0	0	
					RotationMatrix
						1	0	0	
						0	1	0	
						0	0	1	
					Markers
						Marker
							Name
								Marker0
							Position3D
								0.0059220932710704515	-0.00074030806575119362	-0.0071016375052887284	
							RotationMatrix
								-0.98356206147970549	0.0091337627237873201	0.18033925140217716	
								0.18057040515486503	0.049751355910011577	0.9823029733067713	
								6.7654215563095477e-17	0.99871986911426835	-0.050582833415884196	
				RefPoint
					Position3D
						0	0	0	
					RotationMatrix
						1	0	0	
						0	1	0	
						0	0	1	
					Markers
						Marker
							Name
								Marker1
							Position3D
								-0.0053423132322068766	0.0018814627099475771	0.0073465833827749379	
							RotationMatrix
								-0.70710678118654757	-0.28320016594017616	0.64791794697435035	
								0.70710678118654779	-0.28320016594017605	0.64791794697435012	
								0	0.91629434791605813	0.40050551553890801	
			RefCurves
			RefSurfaces
		Part
			Name
				structural_node_7
			Position3D
				0.042062247330302442	0.024098687679983445	0.06393385280360929	
			RotationMatrix
				-0.70710464644638038	-2.9563242096812678e-06	-0.70710891591408986	
				-0.70710891591439884	-1.1187050080280662e-06	0.7071046464513665	
				-2.8814768705366776e-06	0.99999999999500433	-1.2994016978197324e-06	
			Velocity3D
				0	0	0	
			Omega3D
				0	0	0	
			FeatureOrder
			PrincipalMassMarker
				Name
					MassMarker
				Position3D
					1.4210854715202004e-17	-1.4210854715202004e-17	-1.1045973522527675e-09	
				RotationMatrix
					1.2671209016124238e-15	-0.91852423500565483	0.39534774630743347	
					1.6418660928778806e-16	0.39534460928667742	0.91853152340550259	
					-0.99999206516089867	-1.0989796861412273e-15	6.5176914078667428e-16	
				Mass
					0.00020169322932362451
				MomentOfInertias
					4.1972700000000003e-10	4.1388100000000008e-10	3.5068100000000003e-10	
				Density
					10
			RefPoints
				RefPoint
					Position3D
						0	0	0	
					RotationMatrix
						1	0	0	
						0	1	0	
						0	0	1	
					Markers
						Marker
							Name
								Marker0
							Position3D
								-0.00064140604354123102	0.00028035386087722715	0	
							RotationMatrix
								-1.7354628267348861e-15	0.40050551553890795	-0.91629434791605768	
								-8.9593134896281032e-17	0.91629434791605768	0.40050551553890795	
								1	7.7715611723760928e-16	-1.5543122344752188e-15	
				RefPoint
					Position3D
						0	0	0	
					RotationMatrix
						1	0	0	
						0	1	0	
						0	0	1	
					Markers
						Marker
							Name
								Marker1
							Position3D
								0	0	0.0014999999999999963	
							RotationMatrix
								-1	1.1102230246251563e-16	-5.5511151231257802e-17	
								1.1102230246251562e-16	1	2.2204460492503126e-16	
								5.5511151231257827e-17	2.2204460492503126e-16	-1	
			RefCurves
			RefSurfaces
		Part
			Name
				structural_node_8
			Position3D
				0.055240517378801209	0.010314905961940851	0.065280077294313496	
			RotationMatrix
				0.81106122733429287	-0.53742960824620178	-0.23097424465798047	
				-0.58496126838604756	-0.74515877377435802	-0.32024789828394107	
				-1.7824063913429722e-06	0.39485164055304256	-0.91874489492426237	
			Velocity3D
				0	0	0	
			Omega3D
				0	0	0	
			FeatureOrder
			PrincipalMassMarker
				Name
					MassMarker
				Position3D
					0	1.0658141036401503e-17	1.1045973735690496e-09	
				RotationMatrix
					-0.0049283977557131025	0.087710556991835442	0.99613374175451497	
					-0.001668473111290894	-0.99613629239396106	0.087704090773693039	
					0.99997754689208929	-0.0012297817192310685	0.0050557887326291573	
				Mass
					0.00020169322932362473
				MomentOfInertias
					4.1972700000000003e-10	4.1388100000000008e-10	3.5068100000000003e-10	
				Density
					10
			RefPoints
				RefPoint
					Position3D
						0	0	0	
					RotationMatrix
						1	0	0	
						0	1	0	
						0	0	1	
					Markers
						Marker
							Name
								Marker0
							Position3D
								-0.00014334075709437856	0.0016939461111132204	1.4210854715202004e-17	
							RotationMatrix
								-0.99578529272053218	0.036084762630269572	0.084318092408457959	
								-0.084262785472086127	0.0030534721034337665	-0.99643888889013099	
								-0.036213723724153907	-0.99934406798361042	-6.217248937900875e-15	
				RefPoint
					Position3D
						0	0	0	
					RotationMatrix
						1	0	0	
						0	1	0	
						0	0	1	
					Markers
						Marker
							Name
								Marker1
							Position3D
								-7.105427357601002e-18	0	0.0015	
							RotationMatrix
								-1	-3.0531133177191805e-16	1.2490009027033011e-16	
								-3.0531133177191805e-16	1	-5.5511151231257809e-17	
								-1.2490009027033009e-16	-5.5511151231257852e-17	-1	
			RefCurves
			RefSurfaces
		Part
			Name
				structural_node_9
			Position3D
				0.083535312944009288	0.028594338241029239	0.11521332872159323	
			RotationMatrix
				0.99999999999534372	-2.472346607325404e-06	1.788889576081611e-06	
				2.4723461757614199e-06	0.99999999999691469	2.412490262676743e-07	
				-1.7888901725273033e-06	-2.4124460351224876e-07	0.99999999999837086	
			Velocity3D
				0	0	0	
			Omega3D
				0	0	0	
			FeatureOrder
			PrincipalMassMarker
				Name
					MassMarker
				Position3D
					0	0	0	
				RotationMatrix
					0.29538071629159501	0.919034930345905	0.26099366750561803	
					-0.93403630843631236	0.22038267252023769	0.28107010346758854	
					0.20079476100690513	-0.32680025021261083	0.92351605425064809	
				Mass
					0.012460076105182932
				MomentOfInertias
					1.0698233404000002e-05	9.6517573760000009e-06	1.0517916220000001e-06	
				Density
					10
			RefPoints
				RefPoint
					Position3D
						0	0	0	
					RotationMatrix
						1	0	0	
						0	1	0	
						0	0	1	
					Markers
						Marker
							Name
								Marker0
							Position3D
								-0.028610420350412072	-0.016751617456823742	-0.046846371374020888	
							RotationMatrix
								-0.7071067811865509	-0.64137145056133549	0.29772917627408235	
								0.70710678118654413	-0.64137145056134159	0.29772917627408518	
								0	0.42105263900097917	0.90703620390274997	
				RefPoint
					Position3D
						0	0	0	
					RotationMatrix
						1	0	0	
						0	1	0	
						0	0	1	
					Markers
						Marker
							Name
								Marker1
							Position3D
								-0.024891946059052109	-0.016754080038700412	-0.038584700161265036	
							RotationMatrix
								-0.70710678118654346	-0.64137145056134104	0.2977291762740889	
								0.7071067811865519	-0.64137145056133338	0.29772917627408535	
								2.7755575615628914e-17	0.421052639000984	0.90703620390274786	
			RefCurves
			RefSurfaces
	KinematicIJs
	ConstraintSets
		Joints
			FixedJoint
				Name
					joint_1
				MarkerI
					/Assembly/Marker0
				MarkerJ
					/Assembly/structural_node_1/Marker0
			RevoluteJoint
				Name
					joint_2
				MarkerI
					/Assembly/structural_node_1/Marker1
				MarkerJ
					/Assembly/structural_node_2/Marker0
			RevoluteJoint
				Name
					joint_4
				MarkerI
					/Assembly/structural_node_2/Marker1
				MarkerJ
					/Assembly/structural_node_3/Marker0
			RevoluteJoint
				Name
					joint_6
				MarkerI
					/Assembly/structural_node_3/Marker1
				MarkerJ
					/Assembly/structural_node_4/Marker0
			RevoluteJoint
				Name
					joint_8
				MarkerI
					/Assembly/structural_node_2/Marker2
				MarkerJ
					/Assembly/structural_node_5/Marker0
			RevoluteJoint
				Name
					joint_10
				MarkerI
					/Assembly/structural_node_5/Marker1
				MarkerJ
					/Assembly/structural_node_6/Marker0
			RevoluteJoint
				Name
					joint_12
				MarkerI
					/Assembly/structural_node_6/Marker1
				MarkerJ
					/Assembly/structural_node_7/Marker0
			RevoluteJoint
				Name
					joint_14
				MarkerI
					/Assembly/structural_node_4/Marker1
				MarkerJ
					/Assembly/structural_node_8/Marker0
			RevoluteJoint
				Name
					joint_16
				MarkerI
					/Assembly/structural_node_8/Marker1
				MarkerJ
					/Assembly/structural_node_9/Marker0
			RevoluteJoint
				Name
					joint_18
				MarkerI
					/Assembly/structural_node_7/Marker1
				MarkerJ
					/Assembly/structural_node_10/Marker0
			RevoluteJoint
				Name
					joint_20
				MarkerI
					/Assembly/structural_node_10/Marker1
				MarkerJ
					/Assembly/structural_node_9/Marker1
			RevoluteJoint
				Name
					joint_22
				MarkerI
					/Assembly/structural_node_1/Marker2
				MarkerJ
					/Assembly/structural_node_10/Marker2
		Motions
			RotationalMotion
				Name
					joint_2Motion
				MarkerI
					/Assembly/structural_node_1/Marker1
				MarkerJ
					/Assembly/structural_node_2/Marker0
				MotionJoint
					/Assembly/joint_2
				RotationZ
					integral(time,  rampstep(time, 0.25, 0.0, 3.0, 0.0 + 1.0*(3.0 - 0.25)))
		GeneralConstraintSets
	ForceTorques
	ConstantGravity
		0	0	0	
	SimulationParameters
		tstart
			0
		tend
			3.1499999999999999
		hmin
			1.0000000000000001e-09
		hmax
			1
		hout
			0.01
		errorTol
			1e-08
	AnimationParameters
		nframe
			1000000
		icurrent
			1
		istart
			1
		iend
			1000000
		isForward
			true
		framesPerSecond
			30
TimeSeries
Number	Input	1	2	3	4	5	6	7	8	9	10	11	12	13	14	15	16	17	18	19	20	21	22	23	24	25	26	27	28	29	30	31	32	33	34	35	36	37	38	39	40	41	42	43	44	45	46	47	48	49	50	51	52	53	54	55	56	57	58	59	60	61	62	63	64	65	66	67	68	69	70	71	72	73	74	75	76	77	78	79	80	81	82	83	84	85	86	87	88	89	90	91	92	93	94	95	96	97	98	99	100	101	102	103	104	105	106	107	108	109	110	111	112	113	114	115	116	117	118	119	120	121	122	123	124	125	126	127	128	129	130	131	132	133	134	135	136	137	138	139	140	141	142	143	144	145	146	147	148	149	150	151	152	153	154	155	156	157	158	159	160	161	162	163	164	165	166	167	168	169	170	171	172	173	174	175	176	177	178	179	180	181	182	183	184	185	186	187	188	189	190	191	192	193	194	195	196	197	198	199	200	201	202	203	204	205	206	207	208	209	210	211	212	213	214	215	216	217	218	219	220	221	222	223	224	225	226	227	228	229	230	231	232	233	234	235	236	237	238	239	240	241	242	243	244	245	246	247	248	249	250	251	252	253	254	255	256	257	258	259	260	261	262	263	264	265	266	267	268	269	270	271	272	273	274	275	276	277	278	279	280	281	282	283	284	285	286	287	288	289	290	291	292	293	294	295	296	297	298	299	300	301	302	303	304	305	306	307	308	309	310	311	312	313	314	315	
Time	Input	0	0.01	0.02	0.029999999999999999	0.040000000000000001	0.050000000000000003	0.060000000000000005	0.070000000000000007	0.080000000000000002	0.089999999999999997	0.099999999999999992	0.10999999999999999	0.11999999999999998	0.12999999999999998	0.13999999999999999	0.14999999999999999	0.16	0.17000000000000001	0.18000000000000002	0.19000000000000003	0.20000000000000004	0.21000000000000005	0.22000000000000006	0.23000000000000007	0.24000000000000007	0.25000000000000006	0.26000000000000006	0.27000000000000007	0.28000000000000008	0.29000000000000009	0.3000000000000001	0.31000000000000011	0.32000000000000012	0.33000000000000013	0.34000000000000014	0.35000000000000014	0.36000000000000015	0.37000000000000016	0.38000000000000017	0.39000000000000018	0.40000000000000019	0.4100000000000002	0.42000000000000021	0.43000000000000022	0.44000000000000022	0.45000000000000023	0.46000000000000024	0.47000000000000025	0.48000000000000026	0.49000000000000027	0.50000000000000022	0.51000000000000023	0.52000000000000024	0.53000000000000025	0.54000000000000026	0.55000000000000027	0.56000000000000028	0.57000000000000028	0.58000000000000029	0.5900000000000003	0.60000000000000031	0.61000000000000032	0.62000000000000033	0.63000000000000034	0.64000000000000035	0.65000000000000036	0.66000000000000036	0.67000000000000037	0.68000000000000038	0.69000000000000039	0.7000000000000004	0.71000000000000041	0.72000000000000042	0.73000000000000043	0.74000000000000044	0.75000000000000044	0.76000000000000045	0.77000000000000046	0.78000000000000047	0.79000000000000048	0.80000000000000049	0.8100000000000005	0.82000000000000051	0.83000000000000052	0.84000000000000052	0.85000000000000053	0.86000000000000054	0.87000000000000055	0.88000000000000056	0.89000000000000057	0.90000000000000058	0.91000000000000059	0.9200000000000006	0.9300000000000006	0.94000000000000061	0.95000000000000062	0.96000000000000063	0.97000000000000064	0.98000000000000065	0.99000000000000066	1.0000000000000007	1.0100000000000007	1.0200000000000007	1.0300000000000007	1.0400000000000007	1.0500000000000007	1.0600000000000007	1.0700000000000007	1.0800000000000007	1.0900000000000007	1.1000000000000008	1.1100000000000008	1.1200000000000008	1.1300000000000008	1.1400000000000008	1.1500000000000008	1.1600000000000008	1.1700000000000008	1.1800000000000008	1.1900000000000008	1.2000000000000008	1.2100000000000009	1.2200000000000009	1.2300000000000009	1.2400000000000009	1.2500000000000009	1.2600000000000009	1.2700000000000009	1.2800000000000009	1.2900000000000009	1.3000000000000009	1.3100000000000009	1.320000000000001	1.330000000000001	1.340000000000001	1.350000000000001	1.360000000000001	1.370000000000001	1.380000000000001	1.390000000000001	1.400000000000001	1.410000000000001	1.420000000000001	1.430000000000001	1.4400000000000011	1.4500000000000011	1.4600000000000011	1.4700000000000011	1.4800000000000011	1.4900000000000011	1.5000000000000011	1.5100000000000011	1.5200000000000011	1.5300000000000011	1.5400000000000011	1.5500000000000012	1.5600000000000012	1.5700000000000012	1.5800000000000012	1.5900000000000012	1.6000000000000012	1.6100000000000012	1.6200000000000012	1.6300000000000012	1.6400000000000012	1.6500000000000012	1.6600000000000013	1.6700000000000013	1.6800000000000013	1.6900000000000013	1.7000000000000013	1.7100000000000013	1.7200000000000013	1.7300000000000013	1.7400000000000013	1.7500000000000013	1.7600000000000013	1.7700000000000014	1.7800000000000014	1.7900000000000014	1.8000000000000014	1.8100000000000014	1.8200000000000014	1.8300000000000014	1.8400000000000014	1.8500000000000014	1.8600000000000014	1.8700000000000014	1.8800000000000014	1.8900000000000015	1.9000000000000015	1.9100000000000015	1.9200000000000015	1.9300000000000015	1.9400000000000015	1.9500000000000015	1.9600000000000015	1.9700000000000015	1.9800000000000015	1.9900000000000015	2.0000000000000013	2.0100000000000011	2.0200000000000009	2.0300000000000007	2.0400000000000005	2.0500000000000003	2.0600000000000001	2.0699999999999998	2.0799999999999996	2.0899999999999994	2.0999999999999992	2.109999999999999	2.1199999999999988	2.1299999999999986	2.1399999999999983	2.1499999999999981	2.1599999999999979	2.1699999999999977	2.1799999999999975	2.1899999999999973	2.1999999999999971	2.2099999999999969	2.2199999999999966	2.2299999999999964	2.2399999999999962	2.249999999999996	2.2599999999999958	2.2699999999999956	2.2799999999999954	2.2899999999999952	2.2999999999999949	2.3099999999999947	2.3199999999999945	2.3299999999999943	2.3399999999999941	2.3499999999999939	2.3599999999999937	2.3699999999999934	2.3799999999999932	2.389999999999993	2.3999999999999928	2.4099999999999926	2.4199999999999924	2.4299999999999922	2.439999999999992	2.4499999999999917	2.4599999999999915	2.4699999999999913	2.4799999999999911	2.4899999999999909	2.4999999999999907	2.5099999999999905	2.5199999999999902	2.52999999999999	2.5399999999999898	2.5499999999999896	2.5599999999999894	2.5699999999999892	2.579999999999989	2.5899999999999888	2.5999999999999885	2.6099999999999883	2.6199999999999881	2.6299999999999879	2.6399999999999877	2.6499999999999875	2.6599999999999873	2.6699999999999871	2.6799999999999868	2.6899999999999866	2.6999999999999864	2.7099999999999862	2.719999999999986	2.7299999999999858	2.7399999999999856	2.7499999999999853	2.7599999999999851	2.7699999999999849	2.7799999999999847	2.7899999999999845	2.7999999999999843	2.8099999999999841	2.8199999999999839	2.8299999999999836	2.8399999999999834	2.8499999999999832	2.859999999999983	2.8699999999999828	2.8799999999999826	2.8899999999999824	2.8999999999999821	2.9099999999999819	2.9199999999999817	2.9299999999999815	2.9399999999999813	2.9499999999999811	2.9599999999999809	2.9699999999999807	2.9799999999999804	2.9899999999999802	2.99999999999998	3.0099999999999798	3.0199999999999796	3.0299999999999794	3.0399999999999792	3.049999999999979	3.0599999999999787	3.0699999999999785	3.0799999999999783	3.0899999999999781	3.0999999999999779	3.1099999999999777	3.1199999999999775	3.1299999999999772	3.139999999999977	
AssemblySeries	/Assembly
X	0	0	0	0	0	0	0	0	0	0	0	0	0	0	0	0	0	0	0	0	0	0	0	0	0	0	0	0	0	0	0	0	0	0	0	0	0	0	0	0	0	0	0	0	0	0	0	0	0	0	0	0	0	0	0	0	0	0	0	0	0	0	0	0	0	0	0	0	0	0	0	0	0	0	0	0	0	0	0	0	0	0	0	0	0	0	0	0	0	0	0	0	0	0	0	0	0	0	0	0	0	0	0	0	0	0	0	0	0	0	0	0	0	0	0	0	0	0	0	0	0	0	0	0	0	0	0	0	0	0	0	0	0	0	0	0	0	0	0	0	0	0	0	0	0	0	0	0	0	0	0	0	0	0	0	0	0	0	0	0	0	0	0	0	0	0	0	0	0	0	0	0	0	0	0	0	0	0	0	0	0	0	0	0	0	0	0	0	0	0	0	0	0	0	0	0	0	0	0	0	0	0	0	0	0	0	0	0	0	0	0	0	0	0	0	0	0	0	0	0	0	0	0	0	0	0	0	0	0	0	0	0	0	0	0	0	0	0	0	0	0	0	0	0	0	0	0	0	0	0	0	0	0	0	0	0	0	0	0	0	0	0	0	0	0	0	0	0	0	0	0	0	0	0	0	0	0	0	0	0	0	0	0	0	0	0	0	0	0	0	0	0	0	0	0	0	0	0	0	0	0	0	0	0	0	0	0	0	0	0	0	0	0	0	0	0	
Y	0	0	0	0	0	0	0	0	0	0	0	0	0	0	0	0	0	0	0	0	0	0	0	0	0	0	0	0	0	0	0	0	0	0	0	0	0	0	0	0	0	0	0	0	0	0	0	0	0	0	0	0	0	0	0	0	0	0	0	0	0	0	0	0	0	0	0	0	0	0	0	0	0	0	0	0	0	0	0	0	0	0	0	0	0	0	0	0	0	0	0	0	0	0	0	0	0	0	0	0	0	0	0	0	0	0	0	0	0	0	0	0	0	0	0	0	0	0	0	0	0	0	0	0	0	0	0	0	0	0	0	0	0	0	0	0	0	0	0	0	0	0	0	0	0	0	0	0	0	0	0	0	0	0	0	0	0	0	0	0	0	0	0	0	0	0	0	0	0	0	0	0	0	0	0	0	0	0	0	0	0	0	0	0	0	0	0	0	0	0	0	0	0	0	0	0	0	0	0	0	0	0	0	0	0	0	0	0	0	0	0	0	0	0	0	0	0	0	0	0	0	0	0	0	0	0	0	0	0	0	0	0	0	0	0	0	0	0	0	0	0	0	0	0	0	0	0	0	0	0	0	0	0	0	0	0	0	0	0	0	0	0	0	0	0	0	0	0	0	0	0	0	0	0	0	0	0	0	0	0	0	0	0	0	0	0	0	0	0	0	0	0	0	0	0	0	0	0	0	0	0	0	0	0	0	0	0	0	0	0	0	0	0	0	0	0	
Z	0	0	0	0	0	0	0	0	0	0	0	0	0	0	0	0	0	0	0	0	0	0	0	0	0	0	0	0	0	0	0	0	0	0	0	0	0	0	0	0	0	0	0	0	0	0	0	0	0	0	0	0	0	0	0	0	0	0	0	0	0	0	0	0	0	0	0	0	0	0	0	0	0	0	0	0	0	0	0	0	0	0	0	0	0	0	0	0	0	0	0	0	0	0	0	0	0	0	0	0	0	0	0	0	0	0	0	0	0	0	0	0	0	0	0	0	0	0	0	0	0	0	0	0	0	0	0	0	0	0	0	0	0	0	0	0	0	0	0	0	0	0	0	0	0	0	0	0	0	0	0	0	0	0	0	0	0	0	0	0	0	0	0	0	0	0	0	0	0	0	0	0	0	0	0	0	0	0	0	0	0	0	0	0	0	0	0	0	0	0	0	0	0	0	0	0	0	0	0	0	0	0	0	0	0	0	0	0	0	0	0	0	0	0	0	0	0	0	0	0	0	0	0	0	0	0	0	0	0	0	0	0	0	0	0	0	0	0	0	0	0	0	0	0	0	0	0	0	0	0	0	0	0	0	0	0	0	0	0	0	0	0	0	0	0	0	0	0	0	0	0	0	0	0	0	0	0	0	0	0	0	0	0	0	0	0	0	0	0	0	0	0	0	0	0	0	0	0	0	0	0	0	0	0	0	0	0	0	0	0	0	0	0	0	0	0	
Bryantx	-0	-0	-0	-0	-0	-0	-0	-0	-0	-0	-0	-0	-0	-0	-0	-0	-0	-0	-0	-0	-0	-0	-0	-0	-0	-0	-0	-0	-0	-0	-0	-0	-0	-0	-0	-0	-0	-0	-0	-0	-0	-0	-0	-0	-0	-0	-0	-0	-0	-0	-0	-0	-0	-0	-0	-0	-0	-0	-0	-0	-0	-0	-0	-0	-0	-0	-0	-0	-0	-0	-0	-0	-0	-0	-0	-0	-0	-0	-0	-0	-0	-0	-0	-0	-0	-0	-0	-0	-0	-0	-0	-0	-0	-0	-0	-0	-0	-0	-0	-0	-0	-0	-0	-0	-0	-0	-0	-0	-0	-0	-0	-0	-0	-0	-0	-0	-0	-0	-0	-0	-0	-0	-0	-0	-0	-0	-0	-0	-0	-0	-0	-0	-0	-0	-0	-0	-0	-0	-0	-0	-0	-0	-0	-0	-0	-0	-0	-0	-0	-0	-0	-0	-0	-0	-0	-0	-0	-0	-0	-0	-0	-0	-0	-0	-0	-0	-0	-0	-0	-0	-0	-0	-0	-0	-0	-0	-0	-0	-0	-0	-0	-0	-0	-0	-0	-0	-0	-0	-0	-0	-0	-0	-0	-0	-0	-0	-0	-0	-0	-0	-0	-0	-0	-0	-0	-0	-0	-0	-0	-0	-0	-0	-0	-0	-0	-0	-0	-0	-0	-0	-0	-0	-0	-0	-0	-0	-0	-0	-0	-0	-0	-0	-0	-0	-0	-0	-0	-0	-0	-0	-0	-0	-0	-0	-0	-0	-0	-0	-0	-0	-0	-0	-0	-0	-0	-0	-0	-0	-0	-0	-0	-0	-0	-0	-0	-0	-0	-0	-0	-0	-0	-0	-0	-0	-0	-0	-0	-0	-0	-0	-0	-0	-0	-0	-0	-0	-0	-0	-0	-0	-0	-0	-0	-0	-0	-0	-0	-0	-0	-0	-0	-0	-0	-0	-0	-0	-0	-0	-0	-0	-0	-0	-0	-0	-0	-0	
Bryanty	0	0	0	0	0	0	0	0	0	0	0	0	0	0	0	0	0	0	0	0	0	0	0	0	0	0	0	0	0	0	0	0	0	0	0	0	0	0	0	0	0	0	0	0	0	0	0	0	0	0	0	0	0	0	0	0	0	0	0	0	0	0	0	0	0	0	0	0	0	0	0	0	0	0	0	0	0	0	0	0	0	0	0	0	0	0	0	0	0	0	0	0	0	0	0	0	0	0	0	0	0	0	0	0	0	0	0	0	0	0	0	0	0	0	0	0	0	0	0	0	0	0	0	0	0	0	0	0	0	0	0	0	0	0	0	0	0	0	0	0	0	0	0	0	0	0	0	0	0	0	0	0	0	0	0	0	0	0	0	0	0	0	0	0	0	0	0	0	0	0	0	0	0	0	0	0	0	0	0	0	0	0	0	0	0	0	0	0	0	0	0	0	0	0	0	0	0	0	0	0	0	0	0	0	0	0	0	0	0	0	0	0	0	0	0	0	0	0	0	0	0	0	0	0	0	0	0	0	0	0	0	0	0	0	0	0	0	0	0	0	0	0	0	0	0	0	0	0	0	0	0	0	0	0	0	0	0	0	0	0	0	0	0	0	0	0	0	0	0	0	0	0	0	0	0	0	0	0	0	0	0	0	0	0	0	0	0	0	0	0	0	0	0	0	0	0	0	0	0	0	0	0	0	0	0	0	0	0	0	0	0	0	0	0	0	0	
Bryantz	-0	-0	-0	-0	-0	-0	-0	-0	-0	-0	-0	-0	-0	-0	-0	-0	-0	-0	-0	-0	-0	-0	-0	-0	-0	-0	-0	-0	-0	-0	-0	-0	-0	-0	-0	-0	-0	-0	-0	-0	-0	-0	-0	-0	-0	-0	-0	-0	-0	-0	-0	-0	-0	-0	-0	-0	-0	-0	-0	-0	-0	-0	-0	-0	-0	-0	-0	-0	-0	-0	-0	-0	-0	-0	-0	-0	-0	-0	-0	-0	-0	-0	-0	-0	-0	-0	-0	-0	-0	-0	-0	-0	-0	-0	-0	-0	-0	-0	-0	-0	-0	-0	-0	-0	-0	-0	-0	-0	-0	-0	-0	-0	-0	-0	-0	-0	-0	-0	-0	-0	-0	-0	-0	-0	-0	-0	-0	-0	-0	-0	-0	-0	-0	-0	-0	-0	-0	-0	-0	-0	-0	-0	-0	-0	-0	-0	-0	-0	-0	-0	-0	-0	-0	-0	-0	-0	-0	-0	-0	-0	-0	-0	-0	-0	-0	-0	-0	-0	-0	-0	-0	-0	-0	-0	-0	-0	-0	-0	-0	-0	-0	-0	-0	-0	-0	-0	-0	-0	-0	-0	-0	-0	-0	-0	-0	-0	-0	-0	-0	-0	-0	-0	-0	-0	-0	-0	-0	-0	-0	-0	-0	-0	-0	-0	-0	-0	-0	-0	-0	-0	-0	-0	-0	-0	-0	-0	-0	-0	-0	-0	-0	-0	-0	-0	-0	-0	-0	-0	-0	-0	-0	-0	-0	-0	-0	-0	-0	-0	-0	-0	-0	-0	-0	-0	-0	-0	-0	-0	-0	-0	-0	-0	-0	-0	-0	-0	-0	-0	-0	-0	-0	-0	-0	-0	-0	-0	-0	-0	-0	-0	-0	-0	-0	-0	-0	-0	-0	-0	-0	-0	-0	-0	-0	-0	-0	-0	-0	-0	-0	-0	-0	-0	-0	-0	-0	-0	-0	-0	-0	-0	-0	-0	-0	-0	-0	-0	
VX	0	-0	0	0	0	0	0	0	0	0	0	0	0	0	0	0	0	0	0	0	0	0	0	0	0	0	0	0	0	0	0	0	0	0	0	0	0	0	0	0	0	0	0	0	0	0	0	0	0	0	0	0	0	0	0	0	0	0	0	0	0	0	0	0	0	0	0	0	0	0	0	0	0	0	0	0	0	0	0	0	0	0	0	0	0	0	0	0	0	0	0	0	0	0	0	0	0	0	0	0	0	0	0	0	0	0	0	0	0	0	0	0	0	0	0	0	0	0	0	0	0	0	0	0	0	0	0	0	0	0	0	0	0	0	0	0	0	0	0	0	0	0	0	0	0	0	0	0	0	0	0	0	0	0	0	0	0	0	0	0	0	0	0	0	0	0	0	0	0	0	0	0	0	0	0	0	0	0	0	0	0	0	0	0	0	0	0	0	0	0	0	0	0	0	0	0	0	0	0	0	0	0	0	0	0	0	0	0	0	0	0	0	0	0	0	0	0	0	0	0	0	0	0	0	0	0	0	0	0	0	0	0	0	0	0	0	0	0	0	0	0	0	0	0	0	0	0	0	0	0	0	0	0	0	0	0	0	0	0	0	0	0	0	0	0	0	0	0	0	0	0	0	0	0	0	0	0	0	0	0	0	0	0	0	0	0	0	0	0	0	0	0	0	0	0	0	0	0	0	0	0	0	0	0	0	0	0	0	0	0	0	0	0	0	0	0	
VY	0	-0	0	0	0	0	0	0	0	0	0	0	0	0	0	0	0	0	0	0	0	0	0	0	0	0	0	0	0	0	0	0	0	0	0	0	0	0	0	0	0	0	0	0	0	0	0	0	0	0	0	0	0	0	0	0	0	0	0	0	0	0	0	0	0	0	0	0	0	0	0	0	0	0	0	0	0	0	0	0	0	0	0	0	0	0	0	0	0	0	0	0	0	0	0	0	0	0	0	0	0	0	0	0	0	0	0	0	0	0	0	0	0	0	0	0	0	0	0	0	0	0	0	0	0	0	0	0	0	0	0	0	0	0	0	0	0	0	0	0	0	0	0	0	0	0	0	0	0	0	0	0	0	0	0	0	0	0	0	0	0	0	0	0	0	0	0	0	0	0	0	0	0	0	0	0	0	0	0	0	0	0	0	0	0	0	0	0	0	0	0	0	0	0	0	0	0	0	0	0	0	0	0	0	0	0	0	0	0	0	0	0	0	0	0	0	0	0	0	0	0	0	0	0	0	0	0	0	0	0	0	0	0	0	0	0	0	0	0	0	0	0	0	0	0	0	0	0	0	0	0	0	0	0	0	0	0	0	0	0	0	0	0	0	0	0	0	0	0	0	0	0	0	0	0	0	0	0	0	0	0	0	0	0	0	0	0	0	0	0	0	0	0	0	0	0	0	0	0	0	0	0	0	0	0	0	0	0	0	0	0	0	0	0	0	0	
VZ	0	0	0	0	0	0	0	0	0	0	0	0	0	0	0	0	0	0	0	0	0	0	0	0	0	0	0	0	0	0	0	0	0	0	0	0	0	0	0	0	0	0	0	0	0	0	0	0	0	0	0	0	0	0	0	0	0	0	0	0	0	0	0	0	0	0	0	0	0	0	0	0	0	0	0	0	0	0	0	0	0	0	0	0	0	0	0	0	0	0	0	0	0	0	0	0	0	0	0	0	0	0	0	0	0	0	0	0	0	0	0	0	0	0	0	0	0	0	0	0	0	0	0	0	0	0	0	0	0	0	0	0	0	0	0	0	0	0	0	0	0	0	0	0	0	0	0	0	0	0	0	0	0	0	0	0	0	0	0	0	0	0	0	0	0	0	0	0	0	0	0	0	0	0	0	0	0	0	0	0	0	0	0	0	0	0	0	0	0	0	0	0	0	0	0	0	0	0	0	0	0	0	0	0	0	0	0	0	0	0	0	0	0	0	0	0	0	0	0	0	0	0	0	0	0	0	0	0	0	0	0	0	0	0	0	0	0	0	0	0	0	0	0	0	0	0	0	0	0	0	0	0	0	0	0	0	0	0	0	0	0	0	0	0	0	0	0	0	0	0	0	0	0	0	0	0	0	0	0	0	0	0	0	0	0	0	0	0	0	0	0	0	0	0	0	0	0	0	0	0	0	0	0	0	0	0	0	0	0	0	0	0	0	0	0	0	
OmegaX	0	-0	0	0	0	0	0	0	0	0	0	0	0	0	0	0	0	0	0	0	0	0	0	0	0	0	0	0	0	0	0	0	0	0	0	0	0	0	0	0	0	0	0	0	0	0	0	0	0	0	0	0	0	0	0	0	0	0	0	0	0	0	0	0	0	0	0	0	0	0	0	0	0	0	0	0	0	0	0	0	0	0	0	0	0	0	0	0	0	0	0	0	0	0	0	0	0	0	0	0	0	0	0	0	0	0	0	0	0	0	0	0	0	0	0	0	0	0	0	0	0	0	0	0	0	0	0	0	0	0	0	0	0	0	0	0	0	0	0	0	0	0	0	0	0	0	0	0	0	0	0	0	0	0	0	0	0	0	0	0	0	0	0	0	0	0	0	0	0	0	0	0	0	0	0	0	0	0	0	0	0	0	0	0	0	0	0	0	0	0	0	0	0	0	0	0	0	0	0	0	0	0	0	0	0	0	0	0	0	0	0	0	0	0	0	0	0	0	0	0	0	0	0	0	0	0	0	0	0	0	0	0	0	0	0	0	0	0	0	0	0	0	0	0	0	0	0	0	0	0	0	0	0	0	0	0	0	0	0	0	0	0	0	0	0	0	0	0	0	0	0	0	0	0	0	0	0	0	0	0	0	0	0	0	0	0	0	0	0	0	0	0	0	0	0	0	0	0	0	0	0	0	0	0	0	0	0	0	0	0	0	0	0	0	0	0	
OmegaY	0	0	0	0	0	0	0	0	0	0	0	0	0	0	0	0	0	0	0	0	0	0	0	0	0	0	0	0	0	0	0	0	0	0	0	0	0	0	0	0	0	0	0	0	0	0	0	0	0	0	0	0	0	0	0	0	0	0	0	0	0	0	0	0	0	0	0	0	0	0	0	0	0	0	0	0	0	0	0	0	0	0	0	0	0	0	0	0	0	0	0	0	0	0	0	0	0	0	0	0	0	0	0	0	0	0	0	0	0	0	0	0	0	0	0	0	0	0	0	0	0	0	0	0	0	0	0	0	0	0	0	0	0	0	0	0	0	0	0	0	0	0	0	0	0	0	0	0	0	0	0	0	0	0	0	0	0	0	0	0	0	0	0	0	0	0	0	0	0	0	0	0	0	0	0	0	0	0	0	0	0	0	0	0	0	0	0	0	0	0	0	0	0	0	0	0	0	0	0	0	0	0	0	0	0	0	0	0	0	0	0	0	0	0	0	0	0	0	0	0	0	0	0	0	0	0	0	0	0	0	0	0	0	0	0	0	0	0	0	0	0	0	0	0	0	0	0	0	0	0	0	0	0	0	0	0	0	0	0	0	0	0	0	0	0	0	0	0	0	0	0	0	0	0	0	0	0	0	0	0	0	0	0	0	0	0	0	0	0	0	0	0	0	0	0	0	0	0	0	0	0	0	0	0	0	0	0	0	0	0	0	0	0	0	0	0	
OmegaZ	0	0	0	0	0	0	0	0	0	0	0	0	0	0	0	0	0	0	0	0	0	0	0	0	0	0	0	0	0	0	0	0	0	0	0	0	0	0	0	0	0	0	0	0	0	0	0	0	0	0	0	0	0	0	0	0	0	0	0	0	0	0	0	0	0	0	0	0	0	0	0	0	0	0	0	0	0	0	0	0	0	0	0	0	0	0	0	0	0	0	0	0	0	0	0	0	0	0	0	0	0	0	0	0	0	0	0	0	0	0	0	0	0	0	0	0	0	0	0	0	0	0	0	0	0	0	0	0	0	0	0	0	0	0	0	0	0	0	0	0	0	0	0	0	0	0	0	0	0	0	0	0	0	0	0	0	0	0	0	0	0	0	0	0	0	0	0	0	0	0	0	0	0	0	0	0	0	0	0	0	0	0	0	0	0	0	0	0	0	0	0	0	0	0	0	0	0	0	0	0	0	0	0	0	0	0	0	0	0	0	0	0	0	0	0	0	0	0	0	0	0	0	0	0	0	0	0	0	0	0	0	0	0	0	0	0	0	0	0	0	0	0	0	0	0	0	0	0	0	0	0	0	0	0	0	0	0	0	0	0	0	0	0	0	0	0	0	0	0	0	0	0	0	0	0	0	0	0	0	0	0	0	0	0	0	0	0	0	0	0	0	0	0	0	0	0	0	0	0	0	0	0	0	0	0	0	0	0	0	0	0	0	0	0	0	0	
AX	0	0	0	0	0	0	0	0	0	0	0	0	0	0	0	0	0	0	0	0	0	0	0	0	0	0	0	0	0	0	0	0	0	0	0	0	0	0	0	0	0	0	0	0	0	0	0	0	0	0	0	0	0	0	0	0	0	0	0	0	0	0	0	0	0	0	0	0	0	0	0	0	0	0	0	0	0	0	0	0	0	0	0	0	0	0	0	0	0	0	0	0	0	0	0	0	0	0	0	0	0	0	0	0	0	0	0	0	0	0	0	0	0	0	0	0	0	0	0	0	0	0	0	0	0	0	0	0	0	0	0	0	0	0	0	0	0	0	0	0	0	0	0	0	0	0	0	0	0	0	0	0	0	0	0	0	0	0	0	0	0	0	0	0	0	0	0	0	0	0	0	0	0	0	0	0	0	0	0	0	0	0	0	0	0	0	0	0	0	0	0	0	0	0	0	0	0	0	0	0	0	0	0	0	0	0	0	0	0	0	0	0	0	0	0	0	0	0	0	0	0	0	0	0	0	0	0	0	0	0	0	0	0	0	0	0	0	0	0	0	0	0	0	0	0	0	0	0	0	0	0	0	0	0	0	0	0	0	0	0	0	0	0	0	0	0	0	0	0	0	0	0	0	0	0	0	0	0	0	0	0	0	0	0	0	0	0	0	0	0	0	0	0	0	0	0	0	0	0	0	0	0	0	0	0	0	0	0	0	0	0	0	0	0	0	0	
AY	0	0	0	0	0	0	0	0	0	0	0	0	0	0	0	0	0	0	0	0	0	0	0	0	0	0	0	0	0	0	0	0	0	0	0	0	0	0	0	0	0	0	0	0	0	0	0	0	0	0	0	0	0	0	0	0	0	0	0	0	0	0	0	0	0	0	0	0	0	0	0	0	0	0	0	0	0	0	0	0	0	0	0	0	0	0	0	0	0	0	0	0	0	0	0	0	0	0	0	0	0	0	0	0	0	0	0	0	0	0	0	0	0	0	0	0	0	0	0	0	0	0	0	0	0	0	0	0	0	0	0	0	0	0	0	0	0	0	0	0	0	0	0	0	0	0	0	0	0	0	0	0	0	0	0	0	0	0	0	0	0	0	0	0	0	0	0	0	0	0	0	0	0	0	0	0	0	0	0	0	0	0	0	0	0	0	0	0	0	0	0	0	0	0	0	0	0	0	0	0	0	0	0	0	0	0	0	0	0	0	0	0	0	0	0	0	0	0	0	0	0	0	0	0	0	0	0	0	0	0	0	0	0	0	0	0	0	0	0	0	0	0	0	0	0	0	0	0	0	0	0	0	0	0	0	0	0	0	0	0	0	0	0	0	0	0	0	0	0	0	0	0	0	0	0	0	0	0	0	0	0	0	0	0	0	0	0	0	0	0	0	0	0	0	0	0	0	0	0	0	0	0	0	0	0	0	0	0	0	0	0	0	0	0	0	0	
AZ	0	0	0	0	0	0	0	0	0	0	0	0	0	0	0	0	0	0	0	0	0	0	0	0	0	0	0	0	0	0	0	0	0	0	0	0	0	0	0	0	0	0	0	0	0	0	0	0	0	0	0	0	0	0	0	0	0	0	0	0	0	0	0	0	0	0	0	0	0	0	0	0	0	0	0	0	0	0	0	0	0	0	0	0	0	0	0	0	0	0	0	0	0	0	0	0	0	0	0	0	0	0	0	0	0	0	0	0	0	0	0	0	0	0	0	0	0	0	0	0	0	0	0	0	0	0	0	0	0	0	0	0	0	0	0	0	0	0	0	0	0	0	0	0	0	0	0	0	0	0	0	0	0	0	0	0	0	0	0	0	0	0	0	0	0	0	0	0	0	0	0	0	0	0	0	0	0	0	0	0	0	0	0	0	0	0	0	0	0	0	0	0	0	0	0	0	0	0	0	0	0	0	0	0	0	0	0	0	0	0	0	0	0	0	0	0	0	0	0	0	0	0	0	0	0	0	0	0	0	0	0	0	0	0	0	0	0	0	0	0	0	0	0	0	0	0	0	0	0	0	0	0	0	0	0	0	0	0	0	0	0	0	0	0	0	0	0	0	0	0	0	0	0	0	0	0	0	0	0	0	0	0	0	0	0	0	0	0	0	0	0	0	0	0	0	0	0	0	0	0	0	0	0	0	0	0	0	0	0	0	0	0	0	0	0	0	
