1 -0.13221311939246777 0.04215394533365132 0.2000000152587891 1 0 0 0 1 0 0 0 1 -0 -0 -0 0 0 0 
2 0.070999977111816409 0.16000001418590637 0.20000001525878908 -1 1.8663993281694103e-13 -1.1568699904293297e-10 -1.8663994032283703e-13 -1 6.4881067532454896e-11 -1.1568699904292086e-10 6.4881067532476493e-11 1 0 0 0 0 0 0 
1 -0.13221311939246777 0.04215394533365132 0.2000000152587891 1 0 0 0 1 0 0 0 1 0 0 0 0 0 0 
2 0.070999977111816409 0.16000001418590637 0.20000001525878908 -1 1.8663993281694103e-13 -1.1568699904293297e-10 -1.8663994032283701e-13 -1 6.4881067315614461e-11 -1.1568699904292086e-10 6.4881067315636058e-11 1 1.0258632416220287e-17 3.8841045392339248e-18 9.0976255520138555e-21 1.2701343832029569e-18 -1.0501227034594653e-18 -9.8388918581518169e-16 
1 -0.13221311939246777 0.04215394533365132 0.2000000152587891 1 0 0 0 1 0 0 0 1 0 0 0 0 0 0 
2 0.070999977111816409 0.16000001418590637 0.20000001525878908 -1 1.8663993281694103e-13 -1.1568699904293297e-10 -1.8663994032283701e-13 -1 6.4881067315614461e-11 -1.1568699904292086e-10 6.4881067315636058e-11 1 1.0258632416220287e-17 3.8841045392339248e-18 9.0976255520138555e-21 1.2701343832029569e-18 -1.0501227034594653e-18 -9.8388918581518169e-16 
1 -0.13221311939246777 0.04215394533365132 0.2000000152587891 1 0 0 0 1 0 0 0 1 0 0 0 0 0 0 
2 0.070999977111816409 0.16000001418590637 0.20000001525878908 -1 1.8663993281694103e-13 -1.1568699904293297e-10 -1.8663994032283703e-13 -1 6.4881067532454896e-11 -1.1568699904292086e-10 6.4881067532476493e-11 1 1.0258632416220287e-17 3.8841045392339241e-18 9.0976255520138555e-21 1.2701343832029569e-18 -1.0501227034594653e-18 -9.8388918581518169e-16 
1 -0.13221311939246777 0.04215394533365132 0.2000000152587891 1 0 0 0 1 0 0 0 1 0 0 0 0 0 0 
2 0.070999977111816409 0.16000001418590637 0.20000001525878908 -1 1.8663993281694103e-13 -1.1568699904293297e-10 -1.8663994032283703e-13 -1 6.4881067532454896e-11 -1.1568699904292086e-10 6.4881067532476493e-11 1 1.0258632416220287e-17 3.8841045392339241e-18 9.0976255520138555e-21 1.2701343832029569e-18 -1.0501227034594653e-18 -9.8388918581518169e-16 
1 -0.13221311939246777 0.04215394533365132 0.2000000152587891 1 0 0 0 1 0 0 0 1 0 0 0 0 0 0 
2 0.070999977111816409 0.16000001418590637 0.20000001525878908 -1 1.8663993281694103e-13 -1.1568699904293297e-10 -1.8663994032283703e-13 -1 6.4881067532454896e-11 -1.1568699904292086e-10 6.4881067532476493e-11 1 1.0258632416220287e-17 3.8841045392339241e-18 9.0976255520138555e-21 1.2701343832029569e-18 -1.0501227034594653e-18 -9.8388918581518169e-16 
1 -0.13221311939246777 0.04215394533365132 0.2000000152587891 1 0 0 0 1 0 0 0 1 0 0 0 0 0 0 
2 0.070999977111816409 0.16000001418590637 0.20000001525878908 -1 1.8663993281694103e-13 -1.1568699904293297e-10 -1.8663994032283703e-13 -1 6.4881067532454896e-11 -1.1568699904292086e-10 6.4881067532476493e-11 1 1.0258632416220287e-17 3.8841045392339241e-18 9.0976255520138555e-21 1.2701343832029569e-18 -1.0501227034594653e-18 -9.8388918581518169e-16 
1 -0.13221311939246777 0.04215394533365132 0.2000000152587891 1 0 0 0 1 0 0 0 1 0 0 0 0 0 0 
2 0.070999977111816409 0.16000001418590637 0.20000001525878908 -1 1.8663993281694103e-13 -1.1568699904293297e-10 -1.8663994032283703e-13 -1 6.4881067532454896e-11 -1.1568699904292086e-10 6.4881067532476493e-11 1 1.0258632416220287e-17 3.8841045392339241e-18 9.0976255520138555e-21 1.2701343832029569e-18 -1.0501227034594653e-18 -9.8388918581518169e-16 
1 -0.13221311939246777 0.04215394533365132 0.2000000152587891 1 0 0 0 1 0 0 0 1 0 0 0 0 0 0 
2 0.070999977111816409 0.16000001418590637 0.20000001525878908 -1 1.8663993281694103e-13 -1.1568699904293297e-10 -1.8663994032283703e-13 -1 6.4881067532454896e-11 -1.1568699904292086e-10 6.4881067532476493e-11 1 1.0258632416220287e-17 3.8841045392339241e-18 9.0976255520138555e-21 1.2701343832029569e-18 -1.0501227034594653e-18 -9.8388918581518169e-16 
1 -0.13221311939246777 0.04215394533365132 0.2000000152587891 1 0 0 0 1 0 0 0 1 0 0 0 0 0 0 
2 0.070999977111816409 0.16000001418590637 0.20000001525878908 -1 1.8663993281694103e-13 -1.1568699947661385e-10 -1.8663994032283698e-13 -1 6.4881066881933592e-11 -1.1568699947660174e-10 6.4881066881955189e-11 1 1.0258632416220288e-17 3.8841045392339241e-18 9.097625552013857e-21 1.2701343832029569e-18 -1.0501227034594653e-18 -9.8388918581518169e-16 
1 -0.13221311939246777 0.04215394533365132 0.2000000152587891 1 0 0 0 1 0 0 0 1 0 0 0 0 0 0 
2 0.070999977111816409 0.16000001418590637 0.20000001525878908 -1 1.8663993281694103e-13 -1.1568699947661385e-10 -1.8663994032283698e-13 -1 6.4881066881933592e-11 -1.1568699947660174e-10 6.4881066881955189e-11 1 1.0258632416220288e-17 3.8841045392339241e-18 9.097625552013857e-21 1.2701343832029569e-18 -1.0501227034594653e-18 -9.8388918581518169e-16 
1 -0.13221311939246777 0.04215394533365132 0.2000000152587891 1 0 0 0 1 0 0 0 1 0 0 0 0 0 0 
2 0.070999977111816409 0.16000001418590637 0.20000001525878908 -1 1.8663993281694103e-13 -1.1568699947661385e-10 -1.8663994032283698e-13 -1 6.4881066881933592e-11 -1.1568699947660174e-10 6.4881066881955189e-11 1 1.0258632416220288e-17 3.8841045392339241e-18 9.097625552013857e-21 1.2701343832029569e-18 -1.0501227034594653e-18 -9.8388918581518169e-16 
1 -0.13221311939246777 0.04215394533365132 0.2000000152587891 1 0 0 0 1 0 0 0 1 0 0 0 0 0 0 
2 0.070999977111816409 0.16000001418590637 0.20000001525878908 -1 1.8663993281694103e-13 -1.1568699904293297e-10 -1.8663994032283703e-13 -1 6.4881067532454896e-11 -1.1568699904292086e-10 6.4881067532476493e-11 1 6.4373355260918063e-18 2.4372921382709264e-18 5.7087987748211933e-21 7.9701473414480571e-19 -6.58956468217608e-19 -6.1739465384989258e-16 
1 -0.13221311939246777 0.04215394533365132 0.2000000152587891 1 0 0 0 1 0 0 0 1 0 0 0 0 0 0 
2 0.070999977111816409 0.16000001418590637 0.20000001525878908 -1 1.8663993281694103e-13 -1.1568699947661385e-10 -1.8663994032283698e-13 -1 6.4881066881933592e-11 -1.1568699947660174e-10 6.4881066881955189e-11 1 3.7679575231972872e-18 1.4266171479495702e-18 3.3415240210519684e-21 4.6651563390594925e-19 -3.8570616240465939e-19 -3.6137883777013963e-16 
1 -0.13221311939246777 0.04215394533365132 0.2000000152587891 1 0 0 0 1 0 0 0 1 0 0 0 0 0 0 
2 0.070999977111816409 0.16000001418590637 0.20000001525878908 -1 1.8663993281694103e-13 -1.1568699947661385e-10 -1.8663994032283698e-13 -1 6.4881066881933592e-11 -1.1568699947660174e-10 6.4881066881955189e-11 1 1.0985795203027632e-18 4.1594215762821243e-19 9.7424926728273639e-22 1.3601653366709221e-19 -1.124558565917104e-19 -1.0536302169038632e-16 
1 -0.13221311939246777 0.04215394533365132 0.2000000152587891 1 0 0 0 1 0 0 0 1 0 0 0 0 0 0 
2 0.070999977111816409 0.16000001418590637 0.20000001525878908 -1 1.8663993281694103e-13 -1.1568699947661385e-10 -1.8663994032283698e-13 -1 6.4881066881933592e-11 -1.1568699947660174e-10 6.4881066881955189e-11 1 -1.5707984825917597e-18 -5.947328326931449e-19 -1.3930254864864941e-21 -1.9448256657176468e-19 1.6079444922123852e-19 1.5065279438936689e-16 
1 -0.13221311939246777 0.04215394533365132 0.2000000152587891 1 0 0 0 1 0 0 0 1 0 0 0 0 0 0 
2 0.070999977111816409 0.16000001418590637 0.20000001525878908 -1 1.8663993281694103e-13 -1.1568699947661385e-10 -1.8663994032283698e-13 -1 6.4881066881933592e-11 -1.1568699947660174e-10 6.4881066881955189e-11 1 -4.2401764854862827e-18 -1.6054078230145025e-18 -3.760300240255725e-21 -5.2498166681062158e-19 4.3404475503418749e-19 4.0666861046912016e-16 
1 -0.13221311939246777 0.04215394533365132 0.2000000152587891 1 0 0 0 1 0 0 0 1 0 0 0 0 0 0 
2 0.070999977111816409 0.16000001418590637 0.20000001525878908 -1 1.8663993281694103e-13 -1.1568699947661385e-10 -1.8663994032283693e-13 -1 6.4881066448252723e-11 -1.1568699947660174e-10 6.488106644827432e-11 1 -7.5378351943719976e-19 -2.853961298795105e-19 1.0460620796030327e-19 9.3535156079333416e-18 1.7936279236920402e-18 7.2294183389136378e-17 
1 -0.13221311939246777 0.04215394533365132 0.2000000152587891 1 0 0 0 1 0 0 0 1 0 0 0 0 0 0 
2 0.070999977111816409 0.16000001418590637 0.20000001525878908 -1 1.8663993281694103e-13 -1.1568699947661385e-10 -1.8663994032283698e-13 -1 6.4881066881933592e-11 -1.1568699947660174e-10 6.4881066881955189e-11 1 -1.8814572717939059e-19 -7.1235389214209275e-20 1.6428906714282753e-19 1.4734186801923632e-17 2.7006559814948451e-18 1.8044758679182714e-17 
1 -0.13221311939246777 0.04215394533365132 0.2000000152587891 1 0 0 0 1 0 0 0 1 0 0 0 0 0 0 
2 0.070999977111816409 0.16000001418590637 0.20000001525878908 -1 1.8663993281694103e-13 -1.1568699947661385e-10 -1.8663994032283693e-13 -1 6.4881066448252723e-11 -1.1568699947660174e-10 6.488106644827432e-11 1 1.0580162251538334e-18 4.0058415741707719e-19 2.4091385654999516e-19 2.1665245912842016e-17 3.8044146331394702e-18 -1.0147266030313561e-16 
1 -0.13221311939246777 0.04215394533365132 0.2000000152587891 1 0 0 0 1 0 0 0 1 0 0 0 0 0 0 
2 0.070999977111816409 0.16000001418590637 0.20000001525878908 -1 1.8663993281694103e-13 -1.1568699947661385e-10 -1.8663994032283693e-13 -1 6.4881066448252723e-11 -1.1568699947660174e-10 6.488106644827432e-11 1 -6.5264595158913339e-19 -2.471036099384872e-19 2.0770131048719007e-19 1.9089577817718782e-17 2.194099404147061e-18 6.2594239454306848e-17 
1 -0.13221311939246777 0.04215394533365132 0.2000000152587891 1 0 0 0 1 0 0 0 1 0 0 0 0 0 0 
2 0.070999977111816409 0.16000001418590637 0.20000001525878908 -1 1.8663993281694103e-13 -1.1568699947661385e-10 -1.8663994032283688e-13 -1 6.4881066014571854e-11 -1.1568699947660174e-10 6.4881066014593451e-11 1 -3.3524820024081108e-18 -1.2693105703509571e-18 1.324947224679233e-19 1.2928075814422397e-17 -5.8295367504711867e-19 3.2153123866628036e-16 
1 -0.13221311939246777 0.04215394533365132 0.2000000152587891 1 0 0 0 1 0 0 0 1 0 0 0 0 0 0 
2 0.070999977111816409 0.16000001418590637 0.20000001525878908 -1 1.8663993281694103e-13 -1.1568699947661384e-10 -1.8663994032283696e-13 -1 6.4881066665093158e-11 -1.1568699947660173e-10 6.4881066665114755e-11 1 -7.0466062233570807e-18 -2.6679730891868167e-18 1.3836647168214172e-20 3.0603930685065652e-18 -4.5780745195180285e-18 6.7582884136650143e-16 
1 -0.13221311939246777 0.04215394533365132 0.2000000152587891 1 0 0 0 1 0 0 0 1 0 0 0 0 0 0 
2 0.070999977111816409 0.16000001418590637 0.20000001525878908 -1 1.8663993281694103e-13 -1.1568699947661385e-10 -1.8663994032283693e-13 -1 6.4881066448252723e-11 -1.1568699947660174e-10 6.488106644827432e-11 1 -1.2209663283772655e-17 -4.6228002582523541e-18 -1.6610762772868693e-19 -1.2062105858658867e-17 -1.0218774503422331e-17 1.1710094659746733e-15 
1 -0.13221311939246777 0.04215394533365132 0.2000000152587891 1 0 0 0 1 0 0 0 1 0 0 0 0 0 0 
2 0.070999977111816409 0.16000001418590637 0.20000001525878908 -1 1.8663993281694103e-13 -1.1568699947661384e-10 -1.8663994032283696e-13 -1 6.4881066665093158e-11 -1.1568699947660173e-10 6.4881066665114755e-11 1 -1.9316297852991386e-17 -7.3135011693538423e-18 -4.2517281453952884e-19 -3.3988056405703982e-17 -1.7932565000916665e-17 1.8525955309104948e-15 
1 -0.13221311939246777 0.04215394533365132 0.2000000152587891 1 0 0 0 1 0 0 0 1 0 0 0 0 0 0 
2 0.070999977007247306 0.16000001446116077 0.20000001525878908 -0.99999999883961033 4.8174468667257546e-05 -1.1569012460061645e-10 -4.8174468667257553e-05 -0.99999999883961033 6.4875494711954983e-11 -1.1568699912388355e-10 6.4881067946956807e-11 1 -1.0313623425399487e-06 2.7194195781583353e-06 2.6295909321500584e-19 1.0022093831912882e-17 4.0135809172697767e-17 0.24326721580953747 
1 -0.13221311939246777 0.04215394533365132 0.2000000152587891 1 0 0 0 1 0 0 0 1 0 0 0 0 0 0 
2 0.070999974830870283 0.1600000201186445 0.20000001525878908 -0.99998806395132767 0.0048858934572348287 -1.1600261961722681e-10 -0.0048858934572348287 -0.99998806395132767 6.4315058507792886e-11 -1.1568699848074804e-10 6.4881067280334083e-11 1 1.9310540918093116e-06 -5.007418359120365e-06 1.0231714401818879e-18 -5.003593026020603e-17 3.8611149867640027e-16 1.0107175279675762 
1 -0.13221311939246777 0.04215394533365132 0.2000000152587891 1 0 0 0 1 0 0 0 1 0 0 0 0 0 0 
2 0.070999977111813509 0.16000001418590448 0.20000001525878908 -0.99980531446212595 0.019731527393725752 -1.169446761650986e-10 -0.019731527393725752 -0.99980531446212595 6.258575450426669e-11 -1.1568699619845995e-10 6.4881067044289798e-11 1 -7.5891827544527501e-12 -5.7849159490475088e-12 -1.4053865848147662e-17 -5.3071696343165442e-17 -3.2520644163702705e-15 1.972631568049573 
1 -0.13221311939246777 0.04215394533365132 0.2000000152587891 1 0 0 0 1 0 0 0 1 0 0 0 0 0 0 
2 0.07099997710557697 0.16000001418102963 0.20000001525878908 -0.99901534452958163 0.044365993671293652 -1.1845159314429698e-10 -0.044365993671293652 -0.99901534452958163 5.9684614017960232e-11 -1.1568699192733324e-10 6.4881067868062168e-11 1 -1.0809994947791335e-09 -1.0333461152728374e-09 1.853040920438932e-18 -9.540979117872439e-17 6.4228136698041283e-16 2.9565136226654092 
1 -0.13221311939246777 0.04215394533365132 0.2000000152587891 1 0 0 0 1 0 0 0 1 0 0 0 0 0 0 
2 0.070999977082271293 0.160000014153757 0.20000001525878908 -0.99689268485504068 0.078771662941114845 -1.2043829513607171e-10 -0.078771662941114845 -0.99689268485504068 5.5566604895988875e-11 -1.1568698152591337e-10 6.4881066732702752e-11 1 -8.7740010673575952e-09 -1.1827462516322829e-08 2.7677936884042009e-18 -1.713039432527097e-16 9.4499061353836566e-16 3.9374776378285019 
1 -0.13221311939246777 0.04215394533365132 0.2000000152587891 1 0 0 0 1 0 0 0 1 0 0 0 0 0 0 
2 0.070999977090544661 0.16000001414538323 0.20000001525878908 -0.992430650028713 0.12280637151054585 -1.2277910148899902e-10 -0.12280637151054585 -0.992430650028713 5.0182861528154871e-11 -1.1568696836437977e-10 6.4881065837876653e-11 1 -1.1206465470869897e-08 -2.8254296163127135e-08 7.4669333389915738e-18 1.0278236595162582e-16 1.2414114874959026e-15 4.9145558554765634 
1 -0.13221311939246777 0.04215394533365132 0.2000000152587891 1 0 0 0 1 0 0 0 1 0 0 0 0 0 0 
2 0.070999977108182857 0.16000001416362003 0.20000001525878908 -0.98435375138983461 0.17620355309913505 -1.2530916318045663e-10 -0.17620355309913505 -0.98435375138983461 4.3481465810192333e-11 -1.1568695609048897e-10 6.4881063774467429e-11 1 -2.4074923790640135e-09 -3.3723452634581985e-08 7.3656796916915213e-18 -7.4809949901499806e-17 1.412064909445121e-15 5.8867843741071004 
1 -0.13221311939246777 0.04215394533365132 0.2000000152587891 1 0 0 0 1 0 0 0 1 0 0 0 0 0 0 
2 0.070999977112021911 0.16000001417385867 0.20000001525878908 -0.97113951180564428 0.23851215610508181 -1.278230806571655e-10 -0.23851215610508181 -0.97113951180564428 3.5415819793321935e-11 -1.1568694060775894e-10 6.4881060511817659e-11 1 -1.2813243577269873e-08 1.3561886390289768e-07 7.809493699253941e-18 -2.5847379792054426e-16 1.6111244283134596e-15 6.8532059395666698 
1 -0.13221311939246777 0.04215394533365132 0.2000000152587891 1 0 0 0 1 0 0 0 1 0 0 0 0 0 0 
2 0.070999977144285117 0.16000001408811593 0.20000001525878908 -0.95105324571426797 0.30902706000665425 -1.3007442499045137e-10 -0.30902706000665425 -0.95105324571426797 2.5954948328838901e-11 -1.1568692269690015e-10 6.4881054987343615e-11 1 -2.1204571029609376e-08 5.5174606883312549e-08 1.1644063473281512e-17 -2.7885679876327174e-16 2.0166160408230382e-15 7.8128600312642948 
1 -0.13221311939246777 0.04215394533365132 0.2000000152587891 1 0 0 0 1 0 0 0 1 0 0 0 0 0 0 
2 0.070999977196880032 0.16000001406164971 0.20000001525878908 -0.92219997326291425 0.38671334255993833 -1.317768274366288e-10 -0.38671334255993833 -0.92219997326291425 1.509563098317775e-11 -1.1568690482317471e-10 6.4881047899036258e-11 1 4.842958617468085e-09 -6.3385424964312875e-09 1.6878620053454141e-17 -4.4235448637408581e-17 2.2464669013899652e-15 8.7648044959227587 
1 -0.13221311939246777 0.04215394533365132 0.2000000152587891 1 0 0 0 1 0 0 0 1 0 0 0 0 0 0 
2 0.070999977229687317 0.16000001408514344 0.20000001525878908 -0.88259763108290212 0.4701291541766468 -1.3260743645171443e-10 -0.4701291541766468 -0.88259763108290212 2.8760749007315458e-12 -1.1568688261583003e-10 6.4881038830780598e-11 1 4.5822791797101026e-08 -3.9037653637441494e-08 2.0222652164849562e-17 -2.9490299091605721e-17 2.437286483747414e-15 9.708099612280197 
1 -0.13221311939246777 0.04215394533365132 0.2000000152587891 1 0 0 0 1 0 0 0 1 0 0 0 0 0 0 
2 0.070999977220472646 0.16000001413318315 0.20000001525878908 -0.83027520802542176 0.55735363902852797 -1.3221360789387236e-10 -0.55735363902852797 -0.83027520802542176 -1.060938672360739e-11 -1.1568686109613994e-10 6.4881024719775407e-11 1 8.2108608967512708e-08 -4.1969945796527242e-08 2.3615139255740454e-17 2.3852447794681098e-17 2.581268532253489e-15 10.641814232413521 
1 -0.13221311939246777 0.04215394533365132 0.2000000152587891 1 0 0 0 1 0 0 0 1 0 0 0 0 0 0 
2 0.070999977169088915 0.16000001417447127 0.20000001525878908 -0.76339826430932156 0.64592808427062154 -1.3022359873004703e-10 -0.64592808427062154 -0.76339826430932156 -2.519532898495159e-11 -1.1568683982644933e-10 6.4881009238711045e-11 1 9.8410221791023211e-08 -2.3669757431843408e-08 2.6565645710177827e-17 -2.1597307275911248e-16 2.8449465006019636e-15 11.56502670835949 
1 -0.13221311939246777 0.04215394533365132 0.2000000152587891 1 0 0 0 1 0 0 0 1 0 0 0 0 0 0 
2 0.070999977184552546 0.16000001418193877 0.20000001525878908 -0.68042233168417543 0.7328202034233704 -1.262619937967158e-10 -0.7328202034233704 -0.68042233168417543 -4.0631163976608779e-11 -1.1568681807292103e-10 6.488098864674339e-11 1 -3.7334429332097629e-07 3.5977134410503098e-08 3.5835539994112e-17 -2.8406096919120216e-16 3.5856734248440603e-15 12.476825427802202 
1 -0.13221311939246777 0.04215394533365132 0.2000000152587891 1 0 0 0 1 0 0 0 1 0 0 0 0 0 0 
2 0.070999977423221519 0.16000001425115784 0.20000001525878908 -0.58027187111133982 0.81442283587639208 -1.1997033441749062e-10 -0.81442283587639208 -0.58027187111133982 -5.6569372231354615e-11 -1.156867989866975e-10 6.4880964505049832e-11 1 -1.409554031064908e-07 -2.1280834122672232e-08 3.7362041524299516e-17 -2.2768245622195593e-16 3.524958103184872e-15 13.376311200011255 
1 -0.13221311939246777 0.04215394533365132 0.2000000152587891 1 0 0 0 1 0 0 0 1 0 0 0 0 0 0 
2 0.070999977486737129 0.16000001437828168 0.20000001525878908 -0.46253877426692536 0.88659905385673077 -1.1103299737195007e-10 -0.88659905385673077 -0.46253877426692536 -7.2557842852109162e-11 -1.1568678133016986e-10 6.4880934720581042e-11 1 3.4557217601371981e-08 1.5647954265674002e-08 3.8372379506470626e-17 -1.1362438767648086e-16 3.479855292809475e-15 14.26259655725864 
1 -0.13221311939246777 0.04215394533365132 0.2000000152587891 1 0 0 0 1 0 0 0 1 0 0 0 0 0 0 
2 0.070999977406105558 0.16000001445928597 0.20000001525878908 -0.32768993150491316 0.9447853241823273 -9.9207911438868379e-11 -0.9447853241823273 -0.32768993150491316 -8.8038341875750014e-11 -1.1568676707370331e-10 6.4880900551152228e-11 1 1.236456764197591e-07 1.0049166018766265e-07 4.2182996953295436e-17 -1.2056328158038809e-16 3.7816971776294395e-15 15.134806514590149 
1 -0.13221311939246777 0.04215394533365132 0.2000000152587891 1 0 0 0 1 0 0 0 1 0 0 0 0 0 0 
2 0.070999977260834027 0.16000001443401932 0.20000001525878908 -0.17726844143227713 0.98416253722247082 -8.4360926870256713e-11 -0.98416253722247082 -0.17726844143227713 -1.0235324149105334e-10 -1.1568675586285205e-10 6.4880864236410656e-11 1 1.2674791120131923e-07 1.8080201999448597e-07 4.2913125209482705e-17 2.5366265078013983e-16 3.9621084191310274e-15 15.992080060138324 
1 -0.13221311939246777 0.04215394533365132 0.2000000152587891 1 0 0 0 1 0 0 0 1 0 0 0 0 0 0 
2 0.070999977142430643 0.16000001430428248 0.20000001525878908 -0.014068031448021535 0.99990104034908245 -6.6501888563887712e-11 -0.99990104034908245 -0.014068031448021535 -1.1476255958204866e-10 -1.1568675337888361e-10 6.4880824262954368e-11 1 7.2295367761765483e-08 2.1498807659114938e-07 4.4166430028354416e-17 -5.3342746886286818e-17 4.1945613649119196e-15 16.833571013773643 
1 -0.13221311939246777 0.04215394533365132 0.2000000152587891 1 0 0 0 1 0 0 0 1 0 0 0 0 0 0 
2 0.070999977135296322 0.16000001444369993 0.20000001525878908 0.15774414511350995 0.98748001735853264 -4.581956657953599e-11 -0.98748001735853264 0.15774414511350995 -1.2447292303189099e-10 -1.1568675583663855e-10 6.4880781234766012e-11 1 -1.228987929202674e-07 -7.5944088331891813e-07 4.6098659567852463e-17 -3.1225022567582528e-16 4.586608870482678e-15 17.65844314259472 
1 -0.13221311939246777 0.04215394533365132 0.2000000152587891 1 0 0 0 1 0 0 0 1 0 0 0 0 0 0 
2 0.070999976951091406 0.16000001495497568 0.20000001525878908 0.3325841300929811 0.94307359013509384 -2.2711729291991206e-11 -0.94307359013509384 0.3325841300929811 -1.3067943834712346e-10 -1.1568676634937519e-10 6.4880739405291933e-11 1 3.4540141330419161e-08 -2.5609548198746168e-07 4.1561188858724901e-17 -7.8062556418956319e-17 4.8121229223596629e-15 18.465897238378393 
1 -0.13221311939246777 0.04215394533365132 0.2000000152587891 1 0 0 0 1 0 0 0 1 0 0 0 0 0 0 
2 0.070999976640407303 0.16000001503236649 0.20000001525878908 0.50351559263047518 0.863986138764958 2.1940776232045089e-12 -0.863986138764958 0.50351559263047518 -1.326202209022853e-10 -1.1568678487424633e-10 6.4880696468575665e-11 1 -5.2110749299005832e-08 1.0304976380548503e-07 3.2706479397100836e-17 1.3010426069826053e-16 4.8190618162635701e-15 19.255127155256979 
1 -0.13221311939246777 0.04215394533365132 0.2000000152587891 1 0 0 0 1 0 0 0 1 0 0 0 0 0 0 
2 0.070999976473205356 0.16000001478753645 0.20000001525878908 0.66244770666842068 0.74910816036788042 2.8033834464015694e-11 -0.74910816036788042 0.66244770666842068 -1.2964197931605559e-10 -1.1568681398171054e-10 6.4880657722479384e-11 1 -2.4552803426503012e-07 2.5353966516539206e-07 2.5541719538131508e-17 -6.9388939039072284e-17 4.784367346744034e-15 20.02535373727407 
1 -0.13221311939246777 0.04215394533365132 0.2000000152587891 1 0 0 0 1 0 0 0 1 0 0 0 0 0 0 
2 0.070999976573638102 0.16000001444176931 0.20000001525878908 0.80048510055049071 0.59935265394980175 5.371922707249437e-11 -0.59935265394980175 0.80048510055049071 -1.2127319302212797e-10 -1.1568685097539928e-10 6.488062279636565e-11 1 -4.0887181371185299e-07 2.1487595738833853e-07 1.7830303085203917e-17 -1.457167719820518e-16 5.2666204730655863e-15 20.775816743432731 
1 -0.13221311939246777 0.04215394533365132 0.2000000152587891 1 0 0 0 1 0 0 0 1 0 0 0 0 0 0 
2 0.070999976895952582 0.16000001421356186 0.20000001525878908 0.90843690483742612 0.41802199694441577 7.7972729132212822e-11 -0.41802199694441577 0.90843690483742612 -1.0729959448437062e-10 -1.1568689547227705e-10 6.488059556463898e-11 1 -4.5148121124993779e-07 7.3075631407126806e-08 4.2598716396565296e-18 -6.9388939039072284e-18 5.4158066919995917e-15 21.505775585998769 
1 -0.13221311939246777 0.04215394533365132 0.2000000152587891 1 0 0 0 1 0 0 0 1 0 0 0 0 0 0 
2 0.070999976398498962 0.16000001414991102 0.20000001525878908 0.97747559571981135 0.2110484773036754 9.9388220533381968e-11 -0.2110484773036754 0.97747559571981135 -8.7834735826409029e-11 -1.1568694732393373e-10 6.4880578121319269e-11 1 1.4220892369520843e-06 2.3075862699839522e-08 -1.1145108378218306e-17 1.5612511283791264e-16 5.68295410730002e-15 22.214497378108735 
1 -0.13221311939246777 0.04215394533365132 0.2000000152587891 1 0 0 0 1 0 0 0 1 0 0 0 0 0 0 
2 0.070999975527991976 0.16000001356474836 0.20000001525878908 0.9999161470351422 -0.012949860941182511 1.1651749617760486e-10 0.012949860941182511 0.9999161470351422 -6.3377002414639682e-11 -1.1568700247195399e-10 6.4880573437798161e-11 1 3.9299945384096979e-07 1.3790493395837711e-07 -2.3159403047873676e-17 -3.1225022567582528e-17 5.7523430463390923e-15 22.901316598812453 
1 -0.13221311939246777 0.04215394533365132 0.2000000152587891 1 0 0 0 1 0 0 0 1 0 0 0 0 0 0 
2 0.070999975613663335 0.16000001292034438 0.20000001525878908 0.97006364369978215 -0.2428508331711095 1.2798011443221834e-10 0.2428508331711095 0.97006364369978215 -3.4843592432887866e-11 -1.1568706067423141e-10 6.4880579654235517e-11 1 -2.2388066206469048e-07 -1.9095145592507023e-07 -3.6965378999252195e-17 1.2490009027033011e-16 5.6309124030207158e-15 23.565532654905905 
1 -0.13221311939246777 0.04215394533365132 0.2000000152587891 1 0 0 0 1 0 0 0 1 0 0 0 0 0 0 
2 0.070999976250723046 0.16000001274091102 0.20000001525878908 0.88505540188478105 -0.46548569859295208 1.3259049874934501e-10 0.46548569859295208 0.88505540188478105 -3.572229638834976e-12 -1.1568711534773755e-10 6.4880602075750614e-11 1 -3.6954335960737161e-07 -6.1927752473267539e-07 -4.9956781665327189e-17 -9.0205620750793969e-17 6.0645932720149176e-15 24.206490112839695 
1 -0.13221311939246777 0.04215394533365132 0.2000000152587891 1 0 0 0 1 0 0 0 1 0 0 0 0 0 0 
2 0.07099997689810994 0.16000001313858214 0.20000001525878908 0.74560527732282411 -0.66638785285174174 1.2949262971535093e-10 0.66638785285174174 0.74560527732282411 2.8717176420774167e-11 -1.1568716562518037e-10 6.4880637186998575e-11 1 -1.7554601491887034e-07 -8.7333236950537518e-07 -6.1119691231587359e-17 -1.8041124150158794e-16 6.2727600891321345e-15 24.823556699045845 
1 -0.13221311939246777 0.04215394533365132 0.2000000152587891 1 0 0 0 1 0 0 0 1 0 0 0 0 0 0 
2 0.070999977151002869 0.16000001390016505 0.20000001525878908 0.55654686663969788 -0.83081621627983071 1.1828927465964412e-10 0.83081621627983071 0.55654686663969788 6.0005664074639427e-11 -1.1568720395075805e-10 6.4880683277836319e-11 1 1.0597626699804241e-07 -7.3783347503963981e-07 -7.077375703038572e-17 1.3877787807814457e-17 6.5138866522929106e-15 25.416123249765946 
1 -0.13221311939246777 0.04215394533365132 0.2000000152587891 1 0 0 0 1 0 0 0 1 0 0 0 0 0 0 
2 0.070999977244259452 0.16000001392189436 0.20000001525878908 0.32707240525036718 -0.94499928133503863 9.9150353754451706e-11 0.94499928133503863 0.32707240525036718 8.8103653304531034e-11 -1.1568723373966652e-10 6.4880739244414287e-11 1 2.5435224275741075e-07 -4.9281400643641504e-07 -7.2597593217944998e-17 2.1163626406917047e-16 6.5203918653278237e-15 25.98360684214466 
1 -0.13221311939246777 0.04215394533365132 0.2000000152587891 1 0 0 0 1 0 0 0 1 0 0 0 0 0 0 
2 0.07099997761618565 0.16000001367347497 0.20000001525878908 0.070578350036236109 -0.99750623883069656 7.2884020937534809e-11 0.99750623883069656 0.070578350036236109 1.1081956890628064e-10 -1.156872453103209e-10 6.4880803271125821e-11 1 3.0124293544375735e-07 -2.94883660656442e-07 -7.0592304246023075e-17 -6.2450045135165055e-17 6.5915155278428728e-15 26.525448067717072 
1 -0.13221311939246777 0.04215394533365132 0.2000000152587891 1 0 0 0 1 0 0 0 1 0 0 0 0 0 0 
2 0.070999978017674464 0.16000001369720171 0.20000001525878908 -0.19594176032790164 -0.98061553452900341 4.095522582429203e-11 0.98061553452900341 -0.19594176032790164 1.2615757808464626e-10 -1.1568724182572136e-10 6.4880868592054469e-11 1 3.7502770722230849e-08 -1.5761932703473036e-08 -6.2890180673147043e-17 5.5511151231257827e-17 6.6890937233665682e-15 27.04111048223271 
1 -0.13221311939246777 0.04215394533365132 0.2000000152587891 1 0 0 0 1 0 0 0 1 0 0 0 0 0 0 
2 0.070999977682013687 0.16000001407003051 0.20000001525878908 -0.45297202531770364 -0.89152473004374799 5.4398813800093868e-12 0.89152473004374799 -0.45297202531770364 1.3252726447939155e-10 -1.1568721960223502e-10 6.4880932179827832e-11 1 -1.1033893796696947e-06 2.060125448011263e-07 -5.8029954214720535e-17 -8.4827977975265867e-16 6.798381302353107e-15 27.530082569198179 
1 -0.13221311939246777 0.04215394533365132 0.2000000152587891 1 0 0 0 1 0 0 0 1 0 0 0 0 0 0 
2 0.070999977439549569 0.16000001426082666 0.20000001525878908 -0.67997528974358368 -0.7332350273535283 -3.1091411480449673e-11 0.7332350273535283 -0.67997528974358368 1.2894336086877337e-10 -1.1568718026362667e-10 6.488098721992832e-11 1 4.9805727486695872e-07 1.2583778144503732e-07 -3.7565927106197948e-17 -1.7347234759768071e-16 7.2233885539674247e-15 27.991900067459035 
1 -0.13221311939246777 0.04215394533365132 0.2000000152587891 1 0 0 0 1 0 0 0 1 0 0 0 0 0 0 
2 0.070999977966877195 0.16000001468061403 0.20000001525878908 -0.85721765697527663 -0.5149542587160697 -6.5758283320192773e-11 0.5149542587160697 -0.85721765697527663 1.1519074569470919e-10 -1.1568712661462234e-10 6.4881033088062393e-11 1 4.3228806134720799e-07 2.6650276013090446e-07 -1.4188202493942074e-17 -4.8572257327350599e-17 6.8786122631170343e-15 28.426084312962832 
1 -0.13221311939246777 0.04215394533365132 0.2000000152587891 1 0 0 0 1 0 0 0 1 0 0 0 0 0 0 
2 0.070999978042700612 0.1600000151963975 0.20000001525878908 -0.9677542274017511 -0.25189631864328593 -9.561334269500971e-11 0.25189631864328593 -0.9677542274017511 9.1930064606061403e-11 -1.1568706143601429e-10 6.4881059609780161e-11 1 -6.1107124749160135e-08 -6.2887064021521777e-08 9.7876228050247055e-18 1.0776969594505914e-16 7.1969340209587784e-15 28.832212787147878 
1 -0.13221311939246777 0.04215394533365132 0.2000000152587891 1 0 0 0 1 0 0 0 1 0 0 0 0 0 0 
2 0.070999977322931104 0.1600000146336959 0.20000001525878908 -0.99936656045793038 0.035587607934305904 -1.1792267136438003e-10 -0.035587607934305904 -0.99936656045793038 6.0722946073550282e-11 -1.1568699008394983e-10 6.4881067553477885e-11 1 -7.4433242602811589e-07 -1.6770540411381596e-06 2.9990927088157132e-17 -2.5934115965853266e-16 7.5659964404728441e-15 29.20988281143341 
1 -0.13221311939246777 0.04215394533365132 0.2000000152587891 1 0 0 0 1 0 0 0 1 0 0 0 0 0 0 
2 0.07099997711317417 0.16000001472801995 0.20000001525878908 -0.94621639630763621 0.32353443612479688 -1.3045611576455882e-10 -0.32353443612479688 -0.94621639630763621 2.3962814523495413e-11 -1.1568692005021047e-10 6.4881053856727886e-11 1 -1.5856157886684485e-08 6.8722128690468232e-07 4.8562228075731464e-17 -3.8337388819087437e-16 7.2945122164824738e-15 29.558743164871956 
1 -0.13221311939246777 0.04215394533365132 0.2000000152587891 1 0 0 0 1 0 0 0 1 0 0 0 0 0 0 
2 0.070999976705328177 0.16000001547406412 0.20000001525878908 -0.80998329253884538 0.58645295276597531 -1.317540843852811e-10 -0.58645295276597531 -0.80998329253884538 -1.5292354964476718e-11 -1.1568685379949365e-10 6.4881019801925974e-11 1 -1.9607086126915974e-07 5.6106368140351748e-07 6.7770416470479414e-17 -2.4980018054066022e-16 7.4419637119405024e-15 29.878421972037152 
1 -0.13221311939246777 0.04215394533365132 0.2000000152587891 1 0 0 0 1 0 0 0 1 0 0 0 0 0 0 
2 0.070999976143982291 0.16000001555480006 0.20000001525878908 -0.60029008511946635 0.7997823539609159 -1.2133629373098955e-10 -0.7997823539609159 -0.60029008511946635 -5.357686006414555e-11 -1.156868013517932e-10 6.4880968732724293e-11 1 1.8455543189521695e-07 -2.5684290333449766e-07 8.4990639543773509e-17 -2.0903417885520525e-16 7.9970752242530807e-15 30.168611708739736 
1 -0.13221311939246777 0.04215394533365132 0.2000000152587891 1 0 0 0 1 0 0 0 1 0 0 0 0 0 0 
2 0.070999976949241747 0.16000001430800651 0.20000001525878908 -0.3342888968259442 0.94247065389798379 -9.9821148816510953e-11 -0.94247065389798379 -0.3342888968259442 -8.7342417217566193e-11 -1.1568676678583998e-10 6.4880903100173483e-11 1 2.2257906502178362e-06 -1.5895083593786552e-06 9.4408427793424421e-17 1.218643241873707e-16 8.4723894566707258e-15 30.429024479850213 
1 -0.13221311939246777 0.04215394533365132 0.2000000152587891 1 0 0 0 1 0 0 0 1 0 0 0 0 0 0 
2 0.070999976201532394 0.16000001438011052 0.20000001525878908 -0.035375834044426707 0.99937407929446576 -6.8932733686755687e-11 -0.99937407929446576 -0.035375834044426707 -1.1331912836451813e-10 -1.1568675252287302e-10 6.4880828582369789e-11 1 -3.8842236127489826e-07 7.1361633435795824e-08 8.2332118406052922e-17 -1.7694179454963432e-16 7.7368667028565596e-15 30.659423566902525 
1 -0.13221311939246777 0.04215394533365132 0.2000000152587891 1 0 0 0 1 0 0 0 1 0 0 0 0 0 0 
2 0.070999977108376272 0.16000001418518864 0.20000001525878908 0.26888669587872632 0.96317181477627412 -3.1384683155743383e-11 -0.96317181477627412 0.26888669587872632 -1.2887179995210327e-10 -1.1568676167840369e-10 6.488075471236096e-11 1 -3.7760961760224809e-07 -8.600371148581587e-08 6.6878346094793506e-17 -1.3357370765021415e-16 7.3482886442377549e-15 30.859556100986381 
1 -0.13221311939246777 0.04215394533365132 0.2000000152587891 1 0 0 0 1 0 0 0 1 0 0 0 0 0 0 
2 0.070999976278872029 0.16000001373738679 0.20000001525878908 0.54945045253189473 0.83552630132898642 9.3546431274105945e-12 -0.83552630132898642 0.54945045253189473 -1.323080795047274e-10 -1.1568679320415648e-10 6.4880683785000372e-11 1 -3.1434232045102206e-07 -1.803163281188791e-07 4.8653322076123236e-17 -3.4694469519536142e-18 7.4315553710846416e-15 31.029233792751544 
1 -0.13221311939246777 0.04215394533365132 0.2000000152587891 1 0 0 0 1 0 0 0 1 0 0 0 0 0 0 
2 0.070999977088979482 0.16000001415678378 0.20000001525878908 0.77878059398533117 0.62729641034510542 4.9395284311578203e-11 -0.62729641034510542 0.77878059398533117 -1.2309771606766456e-10 -1.1568684426717217e-10 6.4880627900784533e-11 1 -2.5812347814735404e-07 -3.4009205733542824e-07 2.6486861600859185e-17 9.0205620750793969e-17 7.9172779443581476e-15 31.168289418412733 
1 -0.13221311939246777 0.04215394533365132 0.2000000152587891 1 0 0 0 1 0 0 0 1 0 0 0 0 0 0 
2 0.070999976739048107 0.16000001323943308 0.20000001525878908 0.9338283457400729 0.35772142889734598 8.4822539118614297e-11 -0.35772142889734598 0.9338283457400729 -1.0197102017908806e-10 -1.1568691043119168e-10 6.4880589191053658e-11 1 -1.1717532433230815e-07 -3.2102569214476767e-07 3.290390874078001e-18 -2.6367796834847468e-16 8.0907502919558283e-15 31.276585297070795 
1 -0.13221311939246777 0.04215394533365132 0.2000000152587891 1 0 0 0 1 0 0 0 1 0 0 0 0 0 0 
2 0.07099997711466477 0.16000001411183268 0.20000001525878908 0.99861441609892765 0.052623644489885026 1.1211244046144156e-10 -0.052623644489885026 0.99861441609892765 -7.0878546110897435e-11 -1.1568698668132804e-10 6.4880572728738462e-11 1 2.3622112488297375e-08 -4.5951219150575096e-07 -2.6919486543203592e-17 1.1796119636642288e-16 7.5633943552588789e-15 31.354015119032638 
1 -0.13221311939246777 0.04215394533365132 0.2000000152587891 1 0 0 0 1 0 0 0 1 0 0 0 0 0 0 
2 0.070999977457602031 0.16000001317376297 0.20000001525878908 0.96609358574276871 -0.25819214470366741 1.2851618657760709e-10 0.25819214470366741 0.96609358574276871 -3.2811223076664084e-11 -1.1568706346023275e-10 6.4880581996349342e-11 1 1.0630967289815274e-07 -2.8877427235562969e-07 -5.0220705199145139e-17 3.4694469519536142e-17 7.670947210769441e-15 31.400501846043429 
1 -0.13221311939246777 0.04215394533365132 0.2000000152587891 1 0 0 0 1 0 0 0 1 0 0 0 0 0 0 
2 0.070999977188331384 0.16000001410273937 0.20000001525878908 0.83905154546697369 -0.54405193139026997 1.3236589088416358e-10 0.54405193139026997 0.83905154546697369 8.501631016957126e-12 -1.1568713408821321e-10 6.4880611941955086e-11 1 3.3167951371537718e-07 -3.5352762217666367e-07 -7.0314505051221495e-17 -2.5673907444456745e-16 8.0144224590128488e-15 31.416000232136369 
1 -0.13221311939246777 0.04215394533365132 0.2000000152587891 1 0 0 0 1 0 0 0 1 0 0 0 0 0 0 
2 0.070999978057244131 0.16000001362441466 0.20000001525878908 0.62990372575462328 -0.77667322361495406 1.2326286796570928e-10 0.77667322361495406 0.62990372575462328 4.8982571928264461e-11 -1.1568719181927698e-10 6.4880664460294276e-11 1 2.2782195498172175e-07 -1.2856055708887482e-07 -8.1892361019907952e-17 -2.1510571102112408e-16 7.8079903653716087e-15 31.400494414589716 
1 -0.13221311939246777 0.04215394533365132 0.2000000152587891 1 0 0 0 1 0 0 0 1 0 0 0 0 0 0 
2 0.070999977262214506 0.16000001416757237 0.20000001525878908 0.35940570440545655 -0.93318140768063829 1.0212414341271448e-10 0.93318140768063829 0.35940570440545655 8.4638667659892721e-11 -1.1568723073112291e-10 6.4880731937813204e-11 1 4.9602774302272626e-07 -5.7270522824115488e-08 -8.5236663931384393e-17 1.5959455978986625e-16 7.6444926777607947e-15 31.354000140019203 
1 -0.13221311939246777 0.04215394533365132 0.2000000152587891 1 0 0 0 1 0 0 0 1 0 0 0 0 0 0 
2 0.070999978201132158 0.16000001437235928 0.20000001525878908 0.054425486219469771 -0.99851783481807388 7.108097717816398e-11 0.99851783481807388 0.054425486219469771 1.1198461007586939e-10 -1.1568724712977997e-10 6.4880806576216302e-11 1 2.0189310591389731e-07 3.909685875047586e-08 -8.3672390198027211e-17 -7.6327832942979512e-17 7.8500574096640463e-15 31.276563049093252 
1 -0.13221311939246777 0.04215394533365132 0.2000000152587891 1 0 0 0 1 0 0 0 1 0 0 0 0 0 0 
2 0.07099997726823426 0.16000001428913238 0.20000001525878908 -0.25495136501175442 -0.96695387763773055 3.3242203288833568e-11 0.96695387763773055 -0.25495136501175442 1.2840569243688151e-10 -1.1568723710811404e-10 6.488088393342179e-11 1 4.1893227356593066e-07 2.7814505321188676e-07 -7.0228179308282315e-17 -1.0755285551056204e-16 7.6614062316515685e-15 31.168259542649057 
1 -0.13221311939246777 0.04215394533365132 0.2000000152587891 1 0 0 0 1 0 0 0 1 0 0 0 0 0 0 
2 0.070999977809221737 0.16000001501804639 0.20000001525878908 -0.53863003210219562 -0.8425423956796404 -7.647648990188742e-12 0.8425423956796404 -0.53863003210219562 1.3241820725352938e-10 -1.1568720699208347e-10 6.4880954722373127e-11 1 8.918849797590056e-08 1.1177969341802374e-07 -4.9825464504220221e-17 3.4694469519536142e-17 7.5295672474773312e-15 31.029196865335983 
1 -0.13221311939246777 0.04215394533365132 0.2000000152587891 1 0 0 0 1 0 0 0 1 0 0 0 0 0 0 
2 0.070999977173366979 0.16000001439567824 0.20000001525878908 -0.76964137281083178 -0.63847643437942037 -4.7612626344379272e-11 0.63847643437942037 -0.76964137281083178 1.237986333571913e-10 -1.1568715710976193e-10 6.4881010229334611e-11 1 1.3982762797626336e-07 4.7498805218204598e-07 -2.9704360242258018e-17 -2.1684043449710089e-16 7.576404781328705e-15 30.859511490942555 
1 -0.13221311939246777 0.04215394533365132 0.2000000152587891 1 0 0 0 1 0 0 0 1 0 0 0 0 0 0 
2 0.070999977108669801 0.16000001522836721 0.20000001525878908 -0.92683698431440931 -0.37546398563240574 -8.2862578293626112e-11 0.37546398563240574 -0.92683698431440931 1.0357049380654967e-10 -1.1568709257670459e-10 6.4881050237714581e-11 1 -3.0593027000591633e-09 7.7286619099350973e-08 -3.4171336898102355e-19 1.3704315460216776e-16 7.3032942540796064e-15 30.659372116605539 
1 -0.13221311939246777 0.04215394533365132 0.2000000152587891 1 0 0 0 1 0 0 0 1 0 0 0 0 0 0 
2 0.070999977014216037 0.16000001440886386 0.20000001525878908 -0.99684705824433495 -0.079346975176218748 -1.1017414769925177e-10 0.079346975176218748 -0.99684705824433495 7.3855916252509624e-11 -1.1568701858208077e-10 6.4881067487700599e-11 1 -1.8916131977464445e-07 4.3753291197046185e-07 1.6560285725057853e-17 -6.6613381477509392e-16 7.6232423151800788e-15 30.428974492539425 
1 -0.13221311939246777 0.04215394533365132 0.2000000152587891 1 0 0 0 1 0 0 0 1 0 0 0 0 0 0 
2 0.070999976482554267 0.16000001493459101 0.20000001525878908 -0.97510947691329219 0.22172394555817776 -1.2719312072462882e-10 -0.22172394555817776 -0.97510947691329219 3.7615571949611987e-11 -1.1568694438966655e-10 6.4881061262502793e-11 1 -1.0072403411331976e-08 7.8266146896766031e-09 4.5609856584432285e-17 -3.2959746043559335e-17 7.4523720527963633e-15 30.168548339823264 
1 -0.13221311939246777 0.04215394533365132 0.2000000152587891 1 0 0 0 1 0 0 0 1 0 0 0 0 0 0 
2 0.070999976879067617 0.1600000143028491 0.20000001525878908 -0.86590414119655135 0.50020997416951107 -1.3262788538144798e-10 -0.50020997416951107 -0.86590414119655135 -1.686972639160643e-12 -1.1568687573019657e-10 6.4881034526476487e-11 1 -3.9925168879295647e-07 2.046570040104001e-07 6.265624728787189e-17 6.2450045135165055e-17 7.2060413192076567e-15 29.878347701638418 
1 -0.13221311939246777 0.04215394533365132 0.2000000152587891 1 0 0 0 1 0 0 0 1 0 0 0 0 0 0 
