1 0.015036506082326075 0.020006856008321663 0.021903827363685954 1 0 0 0 1 0 0 0 1 0 -0 -0 0 -0 0 
2 0.020036506082326072 0.022006856008321661 0.031903827363685952 6.123233995736766e-17 0 1 1 6.2115141380790625e-10 -6.123233995736766e-17 -6.2115141380790625e-10 1 3.8034554535285271e-26 -0 -0 0 0 0 0 
3 0.020036506082326072 0.022006856008321661 0.011903827363685952 6.123233995736766e-17 0 1 1 -3.2370966445906128e-10 -6.123233995736766e-17 3.2370966445906128e-10 1 -1.9821500221642657e-26 -0 0 0 0 0 0 
4 0.028842220349012959 0.023937265318136274 0.03371719910013276 0.19346704446384744 0.054007508751481963 0.97961915646075559 0.97216013305350446 -0.14508784454382076 -0.18399508979051787 0.13219371546263586 0.98794367570428154 -0.080573663365252152 0 -0 0 0 0 0 
5 0.030448742735585704 0.024211480002396986 0.034006792314676876 -0.973912717814722 -0.11459961188178108 0.19585950841173638 0.22579063398541721 -0.57550220700533317 0.78601259489683373 0.022640841044565138 0.80973090510893553 0.58636443755420486 0 -0 0 0 0 0 
6 0.028842220351632138 0.024083049908249683 0.010259370344790315 0.19599080519992132 -0.043977418898809746 0.97961910501178218 0.97537667186217569 0.11177253917272456 -0.19012429480197268 -0.10113333903393171 0.99276023596530105 0.064800938434311839 -0 -0 0 0 0 0 
7 0.030446390147531914 0.024355352367421226 0.0099552621901646994 -0.97837206530784004 0.075731753592683193 0.19249104738415421 0.20084574200079508 0.57042683110022052 0.79641334637304417 -0.049488278869057836 0.81784957777010403 -0.5733000770938731 -0 0 0 0 0 0 
8 0.05529193465318813 0.01894969412335527 0.012008995410455966 0.18318261096686522 -0.082404753991288673 0.97961910330444113 0.97796940320758885 -0.086189306402162325 -0.19012430105514327 0.10009983730833272 0.99286497570492904 0.064800945898157519 0 -0 0 0 0 0 
9 0.055291934642700998 0.018969398087510386 0.031541710910444852 0.17553161267244358 0.097647128758096516 0.97961915620199613 0.97918504536366424 0.085688093811852217 -0.18399510187787638 -0.10190829156045228 0.99152538486122022 -0.08057363890900622 0 0 0 0 0 0 
10 0.056880585865461616 0.019374902596622858 0.031314392012363718 -0.95710052718331584 -0.23439111769011456 0.17035076992311465 0.12676505325664303 0.18994953589633529 0.97357577778291482 -0.26055556439703897 0.95340441459054814 -0.15208819842773721 -0 -0 -0 -0 0 0 
11 0.056887104779862446 0.019346024693333883 0.012204787261843937 -0.95488077347335809 0.23650064727029452 0.17963894981783071 0.1381533256153987 -0.18171676260112773 0.97359780033192922 0.26289991835739884 0.95448753896030358 0.14084449189505388 0 -0 -0 0 0 0 
12 0.052099721798442133 0.011760765060380495 0.04289139188711457 -0.81327725270272555 0.066595011192565584 0.57805295148504288 0.56259524927958571 0.34360922734908728 0.75194367100774528 -0.14854863083969538 0.93674852728190905 -0.3169156053444302 -0 0 -0 0 0 0 
13 0.052279844857713191 0.012255843978528478 0.0010334798862587427 -0.8255473005701166 -0.0019137307537480501 0.56432968392243521 0.52529218399223254 -0.36808258388848075 0.76719184880618341 0.20625172958805438 0.92979113196060414 0.30487485132321818 -0 -0 -0 0 0 0 
14 0.042403042275236245 0.023403593240402375 0.042116336549485128 -0.72404170090295727 -0.45302198691942636 0.5201294980301806 0.65173187711100489 -0.20241175682393914 0.73094120218852943 -0.22585211026447924 0.86821688538464958 0.44180342260111555 -0 -0 -0 0 0 0 
15 0.042352275309424731 0.023390772898902335 0.0014863678131687545 -0.72548641566422634 0.45108091982291276 0.5198032940049423 0.65254609930957419 0.2107777517470921 0.72784361482690818 0.21875339760226112 0.86723626719606017 -0.44726749032017837 -0 0 -0 0 0 0 
16 0.040952898188771999 0.023869527447990278 0.041468305716737014 0.64034767289928218 -0.25635163905118585 0.72404329633540876 0.75681868819571441 0.049718836768190888 -0.65173116426033828 0.13107376171527224 0.96530403211951243 0.22584905260731006 0 0 0 0 0 0 
17 0.040900192004178534 0.023860096898610253 0.0021275758674646375 0.64966851188870578 0.22715358604265012 0.72548747267494496 0.75422460950720738 -0.072998930483940516 -0.65254608615936194 -0.095268373944427165 0.97111915051458286 -0.21874993126814832 -0 -0 0 0 0 0 
18 0.051798997821229882 0.05103203174156612 0.14810030017149761 -0.74439512960170762 0.66435175779930999 0.067176133665341517 -0.42448695813613285 -0.54847477522955979 0.72040699837606847 0.51544807051495489 0.50775206828318364 0.6902906081908976 -0 0 0 -0 0 0 
19 0.051027046740366427 0.046987560840379208 -0.10503838060005191 -0.73484887659375597 0.67634107138829247 -0.050595293479053796 -0.47561408938972344 -0.56706419540902442 -0.67248006383765757 -0.48351666625141171 -0.47010738500735394 0.73838382973807626 0 0 0 0 0 0 
1 0.015036506082326075 0.020006856008321663 0.021903827363685954 1 0 0 0 1 0 0 0 1 0 0 0 0 0 0 
2 0.020036506082326072 0.022006856008321661 0.031903827363685952 6.123233995736766e-17 0 1 1 6.2115141380790625e-10 -6.123233995736766e-17 -6.2115141380790625e-10 1 3.8034554535285271e-26 3.2708208042734562e-20 9.4129793591122502e-18 1.4180488349303531e-18 -3.1356845237341383e-16 4.7927264765354226e-17 -3.1090755193968546e-16 
3 0.020036506082326072 0.022006856008321661 0.01190382736368595 6.123233995736766e-17 0 1 1 -3.2370966445906128e-10 -6.123233995736766e-17 3.2370966445906128e-10 1 -1.9821500221642657e-26 3.1887910793394772e-20 9.6221638738373308e-18 -2.8845052320430588e-17 -3.1261840640386e-16 -2.9993380293124901e-17 -3.1544134804194543e-16 
4 0.028842220349012959 0.023937265318136274 0.03371719910013276 0.19346704446384735 0.05400750875148224 0.97961915646075559 0.97216013305350457 -0.14508784454381932 -0.18399508979051787 0.13219371546263436 0.98794367570428177 -0.080573663365252152 -1.4193526485450499e-19 -6.2185972059436827e-19 -3.0560071706459359e-19 -3.502966372643874e-14 6.3714060540380581e-15 3.3043895312768914e-15 
5 0.030448742735585704 0.024211480002396986 0.034006792314676876 -0.97391271781472211 -0.11459961188177936 0.19585950841173641 0.22579063398541621 -0.57550220700533239 0.78601259489683462 0.022640841044566248 0.80973090510893619 0.58636443755420364 -7.0000933925878691e-17 3.0325038363499668e-17 3.9718964730831337e-17 -2.8210326071770292e-14 3.2413612075934316e-14 2.2510839656314338e-14 
6 0.028842220351632138 0.024083049908249679 0.010259370344790313 0.19599080519992132 -0.043977418898809767 0.97961910501178218 0.9753766718621758 0.11177253917272448 -0.19012429480197268 -0.10113333903393162 0.99276023596530116 0.064800938434311839 -2.3229533838902269e-19 -5.6784119577506824e-17 -2.7282809688812069e-17 3.367602717851914e-15 -2.3455814856552172e-16 8.9448475685131832e-16 
7 0.030446390147531914 0.024355352367421226 0.0099552621901646994 -0.97837206530784004 0.075731753592683193 0.19249104738415407 0.20084574200079497 0.57042683110022052 0.79641334637304417 -0.049488278869057753 0.81784957777010403 -0.5733000770938731 -4.7716015032526502e-17 -6.3094015173964449e-17 -2.1074545549060306e-17 1.695825858942026e-15 -3.028765782206986e-15 5.2280577906952661e-15 
8 0.05529193465318813 0.01894969412335527 0.012008995410455964 0.18318261096686522 -0.082404753991288729 0.97961910330444113 0.97796940320758874 -0.086189306402162547 -0.19012430105514327 0.100099837308333 0.99286497570492904 0.064800945898157519 8.9280478909082404e-20 4.2602825899623487e-19 -2.7998266383057998e-17 8.3333051612948053e-15 -1.6851958574677965e-15 2.6131217187086203e-16 
9 0.055291934642701004 0.018969398087510386 0.031541710910444845 0.17553161267244352 0.097647128758096571 0.97961915620199613 0.97918504536366413 0.085688093811852661 -0.18399510187787638 -0.10190829156045267 0.99152538486122022 -0.08057363890900622 1.1176479610665524e-16 5.1359142132246209e-19 -1.1069223393892677e-16 -7.4087534133619663e-15 2.0053298236983746e-15 2.5984712971112308e-16 
10 0.056880585865461623 0.019374902596622858 0.031314392012363725 -0.95710052718331584 -0.23439111769011456 0.17035076992311446 0.12676505325664272 0.18994953589633565 0.97357577778291471 -0.26055556439703897 0.95340441459054803 -0.15208819842773763 8.4256618759948453e-17 -1.2164365109969977e-17 7.62610042159631e-17 -6.2348763625271616e-15 5.9050982094239225e-15 2.7909871034576501e-15 
11 0.056887104779862439 0.019346024693333876 0.012204787261843937 -0.95488077347335798 0.23650064727029491 0.1796389498178308 0.13815332561539864 -0.18171676260112801 0.97359780033192922 0.26289991835739929 0.95448753896030347 0.1408444918950541 -5.0314094105419753e-17 -9.4982978369157847e-17 -2.8552622807416345e-17 1.0504787222336275e-14 1.1089931885537912e-14 2.1278447326961923e-15 
12 0.052099721798442147 0.011760765060380528 0.042891391887114563 -0.81327725270272599 0.066595011192567069 0.57805295148504188 0.56259524927958515 0.34360922734908805 0.75194367100774517 -0.14854863083969433 0.93674852728190872 -0.31691560534443169 4.2898497223320016e-16 8.104678253977293e-16 -2.515646182868317e-16 -2.2946298330017183e-14 4.0279392547173319e-14 1.6065407870111027e-14 
13 0.052279844857713191 0.012255843978528481 0.0010334798862587449 -0.82554730057011672 -0.0019137307537480503 0.5643296839224351 0.52529218399223243 -0.36808258388848092 0.76719184880618352 0.20625172958805443 0.92979113196060414 0.3048748513232184 -3.5504277817919187e-18 8.4550359303093748e-17 5.8474411568841343e-17 1.0702225914675775e-14 3.3574695363857917e-15 7.94565204130078e-15 
14 0.042403042275236245 0.023403593240402379 0.042116336549485128 -0.72404170090295772 -0.45302198691942569 0.5201294980301806 0.65173187711100466 -0.20241175682393933 0.73094120218852954 -0.22585211026447871 0.86821688538464992 0.44180342260111521 1.4494730939792321e-18 1.9087247054115605e-18 -4.8643382422316797e-18 -1.8619935438154964e-15 1.074369431460734e-14 3.660897810960448e-15 
15 0.042352275309424731 0.023390772898902335 0.0014863678131687606 -0.72548641566422645 0.45108091982291282 0.51980329400494207 0.65254609930957386 0.21077775174709179 0.72784361482690851 0.21875339760226148 0.86723626719606028 -0.44726749032017815 -4.2616130552344616e-18 4.3307797034472507e-18 1.6251139846414777e-16 6.6588688296082717e-15 3.5667712289094423e-15 6.1726976608369656e-15 
16 0.040952898188772006 0.023869527447990278 0.041468305716737007 0.64034767289928218 -0.25635163905118458 0.72404329633540909 0.75681868819571463 0.049718836768191943 -0.65173116426033784 0.13107376171527063 0.96530403211951266 0.22584905260730978 5.2438301380195113e-19 -7.8623656456526586e-17 2.8253698077087537e-18 -2.4492928507000126e-14 3.246504663429636e-14 -1.4674346844242966e-15 
17 0.040900192004178541 0.023860096898610249 0.0021275758674646436 0.64966851188870567 0.22715358604265024 0.72548747267494496 0.75422460950720738 -0.072998930483940822 -0.65254608615936183 -0.095268373944427026 0.97111915051458286 -0.21874993126814862 -1.4463608446083453e-17 -4.8625366229703099e-17 1.4328897857934061e-16 5.3984559227570291e-15 2.7797260167716615e-15 2.7683562236112038e-15 
18 0.051798997821230049 0.051032031741566189 0.14810030017149758 -0.74439512960169862 0.66435175779932043 0.067176133665336452 -0.42448695813614246 -0.5484747752295509 0.7204069983760697 0.51544807051495978 0.50775206828317954 0.69029060819089694 4.2799997819251521e-15 1.8859007339595264e-15 -1.0361448896234868e-15 -9.4703849760493812e-15 1.6961849152326084e-13 3.5103696472087463e-13 
19 0.051027046740366414 0.046987560840379236 -0.10503838060005191 -0.73484887659375508 0.67634107138829336 -0.050595293479052936 -0.47561408938972449 -0.56706419540902331 -0.67248006383765768 -0.48351666625141188 -0.47010738500735383 0.73838382973807615 -3.8588843836430207e-16 6.5811441322701969e-16 1.9243427240791313e-16 5.5967507540337416e-15 -1.0295413814444436e-14 4.3968513940158366e-14 
1 0.015036506082326075 0.020006856008321663 0.021903827363685954 1 0 0 0 1 0 0 0 1 0 0 0 0 0 0 
2 0.020036506082326072 0.022006856008321661 0.031903827363685952 6.123233995736766e-17 0 1 1 6.2115141380790625e-10 -6.123233995736766e-17 -6.2115141380790625e-10 1 3.8034554535285271e-26 -1.2055750586937724e-19 -3.4591797557128649e-17 -5.1115131510593314e-18 1.4350729885507384e-17 -1.6827769555723277e-16 1.1384687308664179e-15 
3 0.020036506082326072 0.022006856008321658 0.011903827363685957 6.123233995736766e-17 0 1 1 -3.2370966445906128e-10 -6.123233995736766e-17 3.2370966445906128e-10 1 -1.9821500221642657e-26 -1.872030990008608e-16 6.5027032394632106e-17 -1.2196935126406517e-16 -8.8015789957714854e-16 -4.1633552680989225e-15 9.3395503183021923e-16 
4 0.028842220349012959 0.02393726531813627 0.03371719910013276 0.19346704446384727 0.054007508751482497 0.97961915646075559 0.9721601330535049 -0.14508784454381804 -0.18399508979051787 0.13219371546263309 0.98794367570428199 -0.080573663365252152 -5.059360545389095e-19 9.1236411800078771e-17 -1.4358388193460971e-18 1.6376696380459263e-14 -4.0530666868762189e-15 5.8271886346524837e-17 
5 0.030448742735585697 0.024211480002396982 0.034006792314676876 -0.97391271781472222 -0.11459961188177806 0.19585950841173663 0.22579063398541571 -0.57550220700533128 0.7860125948968355 0.022640841044567095 0.80973090510893719 0.58636443755420231 1.5457758641315804e-16 4.7452519626557231e-17 1.7857724501812034e-16 2.4857740030636269e-14 2.1040933396796906e-15 4.6185873611488383e-15 
6 0.028842220351632142 0.024083049908249679 0.010259370344790315 0.19599080519992135 -0.043977418898809684 0.97961910501178218 0.97537667186217569 0.11177253917272464 -0.19012429480197271 -0.10113333903393176 0.99276023596530116 0.064800938434311797 -9.3157191925460333e-17 2.1475726210657039e-18 3.778147501996754e-18 4.4365607448874553e-14 -9.1947865774176081e-15 2.628502136054909e-15 
7 0.030446390147531914 0.024355352367421226 0.0099552621901646994 -0.97837206530784004 0.075731753592683193 0.19249104738415412 0.20084574200079502 0.57042683110022052 0.79641334637304417 -0.049488278869057795 0.81784957777010403 -0.5733000770938731 -6.2345845978187425e-17 1.2935934992537397e-16 5.0775469019169656e-17 3.553938292109409e-14 -3.1449421096447155e-14 1.9215145387099321e-14 
8 0.055291934653188136 0.018949694123355267 0.012008995410455966 0.18318261096686519 -0.082404753991288729 0.97961910330444113 0.97796940320758874 -0.086189306402162602 -0.19012430105514327 0.10009983730833311 0.99286497570492893 0.064800945898157519 -1.8662153520281095e-16 9.3135625576994517e-17 4.4361022734921921e-18 -8.7786339429497904e-15 1.5672004569703324e-15 -4.6793421755912919e-16 
9 0.055291934642701004 0.018969398087510386 0.031541710910444845 0.17553161267244358 0.097647128758096474 0.97961915620199613 0.97918504536366424 0.085688093811852051 -0.18399510187787638 -0.10190829156045206 0.99152538486122033 -0.08057363890900622 -2.0527783172432054e-16 -1.9437539220591816e-16 2.0404111386657866e-16 -2.1174936517747806e-14 3.2227056369427667e-15 1.8755641767466371e-15 
10 0.056880585865461623 0.019374902596622862 0.031314392012363718 -0.95710052718331584 -0.23439111769011456 0.17035076992311454 0.12676505325664297 0.18994953589633506 0.97357577778291482 -0.26055556439703892 0.95340441459054814 -0.15208819842773699 -1.2405791721995102e-16 -1.9678990915440117e-16 3.8548825796932451e-17 -1.6830606400219048e-14 2.2528156810777998e-14 -8.9802527186474568e-16 
11 0.056887104779862446 0.019346024693333876 0.012204787261843937 -0.95488077347335798 0.23650064727029491 0.1796389498178308 0.13815332561539864 -0.18171676260112801 0.97359780033192922 0.26289991835739929 0.95448753896030347 0.1408444918950541 -2.5589469530174831e-16 1.443994029522263e-16 3.4005700025213974e-17 -8.4398319871230165e-15 -1.663455077649242e-14 -3.3293969541757376e-16 
12 0.052099721798442168 0.011760765060380551 0.042891391887114549 -0.81327725270272633 0.066595011192568568 0.57805295148504121 0.56259524927958482 0.34360922734908872 0.75194367100774517 -0.14854863083969339 0.93674852728190827 -0.31691560534443325 2.0328754056085567e-16 -1.5605810778139947e-16 -1.8383346026688384e-16 1.4719477434740395e-14 -8.3609495776833186e-15 3.5966613028900441e-15 
13 0.052279844857713191 0.012255843978528476 0.001033479886258746 -0.82554730057011683 -0.001913730753747684 0.56432968392243499 0.52529218399223243 -0.36808258388848053 0.76719184880618385 0.20625172958805446 0.92979113196060426 0.3048748513232179 3.8522171676103278e-16 8.7479052206986399e-16 2.8637310499132642e-16 1.9521797903092306e-14 -6.0776787488873358e-14 9.9015297037083245e-15 
14 0.042403042275236245 0.023403593240402372 0.042116336549485128 -0.72404170090295794 -0.45302198691942541 0.52012949803018049 0.65173187711100455 -0.20241175682394019 0.73094120218852932 -0.22585211026447802 0.86821688538464981 0.44180342260111566 2.1040812100824992e-16 9.7579644350554497e-17 3.7109119772008658e-16 -1.8691638698224036e-14 2.1155170229524644e-14 -4.1260772144076001e-15 
15 0.042352275309424731 0.023390772898902335 0.0014863678131687606 -0.72548641566422645 0.45108091982291282 0.51980329400494207 0.65254609930957386 0.21077775174709179 0.72784361482690851 0.21875339760226148 0.86723626719606028 -0.44726749032017815 2.0403720496753405e-16 9.9927948927442554e-17 -2.4572353523241818e-16 -1.1834615118014687e-14 -1.9616340697635372e-14 7.5741213970424901e-15 
16 0.040952898188771999 0.023869527447990278 0.041468305716737014 0.64034767289928263 -0.25635163905118274 0.72404329633540931 0.75681868819571452 0.049718836768192998 -0.65173116426033784 0.13107376171526863 0.96530403211951299 0.22584905260730911 -1.2505801399875437e-18 3.9045031139740177e-18 1.8451037752681468e-16 1.4866593927185792e-14 -1.3480524593363506e-14 5.5238128797642256e-15 
17 0.040900192004178534 0.023860096898610249 0.0021275758674646431 0.64966851188870567 0.2271535860426506 0.72548747267494484 0.75422460950720738 -0.072998930483940766 -0.65254608615936194 -0.095268373944427331 0.97111915051458275 -0.21874993126814882 3.3619677928756552e-17 2.243382825701174e-17 -3.0670017415061394e-16 1.7672505760278798e-14 -4.9876358809160168e-14 -3.6832550305708891e-15 
18 0.051798997821230264 0.051032031741566251 0.14810030017149756 -0.74439512960169174 0.66435175779932854 0.067176133665333315 -0.42448695813614939 -0.54847477522954424 0.72040699837607058 0.51544807051496411 0.50775206828317609 0.69029060819089616 -1.1738700727793937e-15 -1.660843392941627e-15 4.9303537846964708e-16 1.3998260700774631e-14 -1.188946620943557e-14 -1.7952073201474159e-15 
19 0.051027046740366379 0.046987560840379194 -0.10503838060005191 -0.73484887659375475 0.6763410713882938 -0.050595293479052374 -0.47561408938972521 -0.56706419540902286 -0.67248006383765746 -0.4835166662514116 -0.47010738500735361 0.73838382973807648 7.4969192432249585e-15 1.946904838628537e-15 7.80864243782092e-16 1.4058424931815439e-14 -1.728152656180439e-13 3.175467695003398e-13 
1 0.015036506082326075 0.020006856008321663 0.021903827363685954 1 0 0 0 1 0 0 0 1 0 0 0 0 0 0 
2 0.020036506022635112 0.022006856008081804 0.031903827363900142 6.123233995736766e-17 0 1 0.99999980163158986 0.00062987044766587934 -6.1232327810805735e-17 -0.00062987044766587934 0.99999980163158986 3.856844138057648e-20 3.373810745764111e-16 -7.4137008432105652e-11 6.6291094298502661e-11 -0.025589499574463492 8.9043356021889508e-15 8.6080231484486625e-16 
3 0.020036506022635119 0.022006856008100685 0.011903827363452312 6.123233995736766e-17 0 1 0.99999980163177726 -0.00062987015022418903 -6.123232781081721e-17 0.00062987015022418903 0.99999980163177726 -3.8568423167525779e-20 -3.3463461417936376e-16 -6.829382108015068e-11 -7.2296548162974119e-11 0.025589499574461036 -3.1418010554284947e-15 -5.2838592876081059e-16 
4 0.028842220348738398 0.023938407130617088 0.033715982840828197 0.19348943405752431 0.05392724173976516 0.97961915635947006 0.97218318774470869 -0.14486887606364149 -0.18404580466447368 0.13199124355287845 0.98798019279052263 -0.080457754622948033 2.394508742741716e-11 4.6373263751781176e-05 -4.9426351391699664e-05 -0.0090160306006158326 -0.0031137063888925379 -0.0013612791401938571 
5 0.03044872978461419 0.024212632873220886 0.034005637428047165 -0.9739391103795294 -0.11440677149600074 0.19584100670950583 0.22566641336843463 -0.57538090322230406 0.78613706571088005 0.022743771687159603 0.80984437198942594 0.5862037308022654 -5.2805619953599748e-07 4.679771736751769e-05 -4.6895622085624886e-05 -0.0067905904949384149 0.0058194647169024687 0.0053000901631070733 
6 0.028842220351677997 0.024084085298266552 0.010260678396478581 0.19601460157823924 -0.043871235784436996 0.97961910487641601 0.97537982264215684 0.11167562967421665 -0.19016507386852602 -0.10105680358431529 0.99277583995966256 0.064681172235106971 3.1589716517910178e-11 4.204859358126996e-05 5.3154268162618887e-05 0.0040213053444095098 0.0041868152475143588 -0.0014241792135823925 
7 0.030446368364741076 0.024356361658221047 0.0099564320003002523 -0.97838171634196958 0.075686146934027601 0.19245992905023804 0.20079759508480072 0.57037382969733397 0.79646344561728444 -0.049492857423089759 0.81789076383015691 -0.57324092274140748 -8.8596696671853836e-07 4.0987409545782316e-05 4.753278787805615e-05 0.0028249943453516032 -0.00076387699994603399 0.0021390193080324145 
8 0.055291934653307229 0.018949628475663942 0.012007069775962286 0.18323702198638048 -0.082283695450891842 0.97961910313984157 0.97796330991722935 -0.08616847860790311 -0.19016508025959064 0.10005977328227322 0.99287682355735563 0.064681179746166148 3.85641038644319e-11 -2.6437742117589692e-06 -7.8232860126264015e-05 -0.00070954992036731336 0.0051051682393359454 -0.0017365646004993776 
9 0.055291934642821949 0.018969170591919448 0.031543624183963469 0.17559509788143682 0.097532921232897377 0.97961915603758287 0.97917660315131205 0.08567565044425296 -0.18404581701851391 -0.1018800345556809 0.99153770084487036 -0.080457730282438564 3.7964250918255636e-11 -9.2192624998325237e-06 7.7732630268283019e-05 0.00030207176781019818 -0.0048643249426661766 -0.0021266328704817312 
10 0.056880634303346403 0.019374593569167885 0.031316498459877856 -0.95709009788694377 -0.23438340180406247 0.17041996797768671 0.12683931651394365 0.18993994160760042 0.97356797727142652 -0.26055773316682806 0.95340822292492144 -0.15206060681881836 1.966999980776184e-06 -1.2529223851439234e-05 8.5583023179077293e-05 0.0011115424384308015 -0.00023994284328201029 -0.0028489151620567283 
11 0.056887146319979216 0.019345894214762866 0.012202654300126637 -0.9548697482840165 0.23650007888130103 0.17969829298342713 0.13822020581528804 -0.18169393299003744 0.97359256849001852 0.2629048088498927 0.95449202584607806 0.14080495048062469 1.6866543467027511e-06 -5.2751807301741408e-06 -8.6657831572628825e-05 -0.0015713716676518138 0.00043582011252555003 -0.0024118718582414149 
12 0.052102631151143108 0.011766260561265502 0.042889199716101507 -0.81335859006931821 0.066857323971830501 0.57790821260108138 0.56253596814303208 0.34365680871710508 0.75196627741392552 -0.1483276390489397 0.9367123870504227 -0.31712586687381195 0.00011713696503168556 0.0002218898399531157 -8.8390544786005274e-05 -0.0018381041651298262 0.012263501029735578 0.0025825211786582982 
13 0.052280630480490205 0.012258626437626225 0.0010342210763473049 -0.82557856513552241 -0.002058111998366688 0.56428343672641512 0.52529943458279027 -0.36805449437194293 0.76720036053146801 0.20610807071964191 0.92980194307584429 0.30493902642431892 3.1806852158733321e-05 0.00011289646644105005 3.0035327584832544e-05 -0.0012322511766092645 -0.0062800876867698668 -5.3491687161921298e-05 
14 0.042403309818239081 0.023404004901358733 0.04211846784398042 -0.72406828986124494 -0.45292358655663884 0.52017817751044026 0.65175592590609477 -0.2025096468005621 0.73089264327875192 -0.22569741838067497 0.86824539601047268 0.44182644516021913 1.0854562140834954e-05 1.6708612891828367e-05 8.6588127088399204e-05 0.0045380528799231108 0.004574612116296937 6.1481761129893246e-05 
15 0.042352442306383645 0.023391091704049134 0.0014842342776754591 -0.72550109705817445 0.45101300054516713 0.51984173698023761 0.65257156970436281 0.21086517807843017 0.72779545415421198 0.21862869112028552 0.8672503387218693 -0.44730117975010275 6.7718334846013477e-06 1.2938047838738064e-05 -8.6679801536718157e-05 -0.0041820759328514848 -0.0032192709085417212 -0.00016547403433467495 
16 0.04095309177593115 0.02387000917741651 0.041470652930941557 0.64041874708562918 -0.25609886901857964 0.72406988451991106 0.75679393209405676 0.049780383584745014 -0.65175521306374828 0.13086929634902614 0.96536795197352598 0.22569436097419612 7.863290027874183e-06 1.9559535296960468e-05 9.5337252843551406e-05 -0.0020213178547559469 0.010478882261034625 -0.0019831478588700547 
17 0.040900310071153592 0.02386048762164563 0.00212527885628273 0.64970216785354695 0.22701039246534277 0.72550215354548231 0.75420475525106734 -0.072976372667056449 -0.6525715563744996 -0.09519600959640756 0.97115432900496812 -0.21862522501264747 4.7861964811211421e-06 1.5859198646456772e-05 -9.3317734911769435e-05 -0.0011980727834644876 -0.0059033025945588336 -0.001064705043728681 
18 0.051833859523112445 0.051034023684131402 0.14809954277796189 -0.7429284535117876 0.66606761034488049 0.066417252367467636 -0.42607477114662901 -0.54708898592607469 0.72052337288302226 0.51625342841954192 0.50699859953242421 0.69024257889326801 0.0014085757950624141 7.7814050774249169e-05 -2.9740822503221344e-05 0.0014752406079063985 0.044537494878370207 0.085150503238121442 
19 0.051048340577022788 0.046982865412922466 -0.10504033778705907 -0.73413961690578278 0.67713094862269463 -0.050325950629474051 -0.47635429463239054 -0.5664397372505442 -0.67248242359842547 -0.48386527967473375 -0.46972300612261275 0.73840008711025196 0.00086402976254128195 -0.00019110901235457113 -7.9542879108572022e-05 -0.0025591101742904413 -0.020907441127533954 0.039203305775136719 
1 0.015036506082326075 0.020006856008321663 0.021903827363685954 1 0 0 0 1 0 0 0 1 0 0 0 0 0 0 
2 0.020036506082326034 0.022006856008321647 0.031903827363685938 6.123233995736766e-17 0 1 0.99998417972572007 0.0056249709580399529 -6.1231371244954727e-17 -0.0056249709580399529 0.99998417972572007 3.4443013395302243e-19 6.2397134117965327e-17 -3.8946845965295851e-15 -3.6762652926188022e-15 -0.074999999988093591 1.224628037865827e-14 1.2897669043887561e-15 
3 0.020036506082326058 0.022006856008321644 0.011903827363685969 6.123233995736766e-17 0 1 0.99998417972739306 -0.0056249706606124571 -6.1231371245057168e-17 0.0056249706606124571 0.99998417972739306 -3.4443011574084094e-19 4.7309641772050939e-16 -4.5665579065552742e-15 4.0895445260454369e-15 0.074999999988097227 7.9346251791179156e-15 9.9058131489138113e-16 
4 0.028842220349013441 0.023947434940765427 0.033706311916995316 0.1936715024320092 0.053269666870695453 0.97961915647725739 0.97234942271407454 -0.14323579627662447 -0.18444540333824291 0.13049118473419588 0.98825393966150532 -0.07953742169683084 9.1623822164724909e-15 0.0001351863414576036 -0.00014554341982191496 -0.023793922649311738 -0.0096412224925300528 -0.0041575325001070567 
5 0.030448622854240971 0.024221707587470657 0.033996514618556815 -0.97413423212005545 -0.11299826258863144 0.19568824814950059 0.22474671831501003 -0.57447794443891365 0.78706035598286483 0.023482129769323651 0.81068272709191913 0.58501461996800186 -1.6576131277053056e-06 0.00013541273181314753 -0.00013658176078674576 -0.017783654536500763 0.01453210890636095 0.013810285676912389 
6 0.028842220351632104 0.02409226708425136 0.010271074889646179 0.19620187541456882 -0.043025959204825347 0.97961910501904292 0.97540341150469034 0.11092046030734318 -0.19048579031050755 -0.10046396821158093 0.99289748630949404 0.063730469725796254 -3.1164461967585826e-15 0.00012245643546512507 0.00015640583059968444 0.011424144156447786 0.012362251171892319 -0.0041360144190013531 
7 0.030446193643950889 0.024364335061158753 0.0099657229180999708 -0.97845757209008399 0.075339031166148707 0.19221032751266034 0.2004213172391234 0.56996191537277896 0.79685300439963691 -0.049518433090241579 0.81820990302460839 -0.57278309976530217 -2.6495606933140515e-06 0.00011931076372179554 0.00013968525359742221 0.0079873744648472546 -0.0018856837287653618 0.0061054934871853893 
8 0.05529193465318815 0.018949150921340637 0.011991797301751293 0.18366591419070621 -0.081321856695552683 0.97961910331928503 0.97791564167603984 -0.08600092485556976 -0.19048579655534884 0.099738807541654817 0.99297059198526849 0.063730477187873905 -2.6059933695156344e-16 -6.5977453585609518e-06 -0.00022932788137786515 -0.0021541807918928671 0.015002540651171813 -0.0050193709620428633 
9 0.055291934642701011 0.018967409246609231 0.031558802249929005 0.17609624692549886 0.096625155284864622 0.97961915619537043 0.97911028691034641 0.085574148007075523 -0.18444541539220255 -0.10165214156668201 0.99163533849850216 -0.079537397215827421 4.6815578849162465e-16 -2.5876883522039832e-05 0.00022795850698288181 0.00097207290836925063 -0.014304232956314845 -0.0061683373600749719 
10 0.056881016890643364 0.019372190076205244 0.031333212832668475 -0.95700711670362537 -0.23432418674953001 0.17096652913007532 0.12742679801816395 0.18985979440881259 0.9735068924326532 -0.260575880935768 0.95343874159340447 -0.15183799360941794 5.7237082635608891e-06 -3.5459589553649735e-05 0.00025108258611945914 0.0033536154591755169 -0.00074340244970091756 -0.00828342178808638 
11 0.056887473976002266 0.019344907070496783 0.012185733999058333 -0.95478226518411047 0.23649715325244008 0.1801663747578639 0.13874878769415661 -0.18150925431387063 0.97355182939164808 0.26294410052956319 0.95452788702159697 0.14048812367878094 4.8959900850427147e-06 -1.4188574388686679e-05 -0.00025411755521349681 -0.0046888143665866789 0.0013063268854411896 -0.0069957992259338528 
12 0.052123930320292305 0.011807544061569161 0.04287293826288472 -0.81394908770008345 0.068841949993373799 0.57684284562895616 0.56212465134752188 0.3439695031401927 0.75213087774463561 -0.1466381907267984 0.93645382525279841 -0.31867142041571961 0.00029877868485782082 0.00059261017197386064 -0.00023080049677505555 -0.0037482277986084726 0.032832546538423726 0.0060565465845863449 
13 0.052286661105269958 0.012280429259356974 0.0010399597038435943 -0.82581951179555479 -0.003190369342250172 0.5639254875258003 0.52536320135726178 -0.36782348406411591 0.76726748349619533 0.20497717091764325 0.929890158090941 0.3054319126879248 8.7959813942374657e-05 0.00032395100872645099 8.4350786999919352e-05 -0.0038448084308413573 -0.017984336724091995 -0.0003030182220730641 
14 0.042405405009696688 0.023407241084214731 0.042135372178288222 -0.72426641024018978 -0.45216566435019562 0.52056159960232884 0.65195104241149082 -0.20327128849348786 0.73050709892017318 -0.22449500060437766 0.86846243169002046 0.44201244263787071 3.1117385952547408e-05 4.8221720729659078e-05 0.0002538533902250393 0.013014461714210652 0.012813718172863314 -8.0332708498825895e-05 
15 0.042353743134581179 0.023393594154913308 0.0014673119146049528 -0.72561645805728792 0.45047858666153295 0.52014401732195659 0.65277281936533016 0.21155936374276552 0.72741341884144151 0.21764283147908711 0.8673590251863319 -0.44757113326663694 1.9218029096958612e-05 3.7229797133813288e-05 -0.00025411529402584552 -0.012274176423347606 -0.0093016859845343643 -0.00046878013083949703 
16 0.040954621400114299 0.023873807903549326 0.041489230677721006 0.64095675152905862 -0.25418557257192764 0.72426800106424538 0.75659817419736275 0.050199338644598468 -0.65195032724960111 0.12935859256552501 0.96585181114699281 0.2244919451417807 2.2875390550584671e-05 5.6747449295404487e-05 0.00027851543810260103 -0.0042334602988658709 0.028339446727347464 -0.0054264469894698148 
17 0.040901226267275437 0.023863559363750033 0.0021070666829698334 0.64996480620629293 0.22588709153143607 0.72561751120868401 0.75404881175278826 -0.072787747372355299 -0.65277280375844871 -0.094636885977001983 0.97143037100552232 -0.21763936707463824 1.3487541632260223e-05 4.5763171150377171e-05 -0.00027339458570821348 -0.0037494588139466013 -0.016970594115069116 -0.0030256604509205053 
18 0.052097454569904812 0.051044662801779883 0.14809533763669125 -0.731829729877713 0.67877289511341521 0.060766794604177533 -0.43786218501935537 -0.53666186758535606 0.72129795979877398 0.52220872589146716 0.50125980961887462 0.68995409257693374 0.0038048981628204118 9.8480634350088699e-05 -4.1612062840870102e-05 0.0054988230180222034 0.11845732501704759 0.22488738166552566 
19 0.051215276702188749 0.046944999846016772 -0.10505593297017075 -0.72855992308722384 0.68328266861697784 -0.04822067231799846 -0.48212989738200318 -0.5615361335389164 -0.67247894597569613 -0.48657085868510197 -0.46669258136146269 0.73854372516501487 0.0024813315395989114 -0.00057671721858514719 -0.00023515816984204227 -0.0077829963356610731 -0.059854549320570549 0.11214920406339259 
1 0.015036506082326075 0.020006856008321663 0.021903827363685954 1 0 0 0 1 0 0 0 1 0 0 0 0 0 0 
2 0.020036506082324657 0.02200685600832113 0.031903827363685452 6.123233995736766e-17 0 1 0.99987793216132703 0.015624364844329577 -6.1224865457972174e-17 -0.015624364844329577 0.99987793216132703 9.5671641976593254e-19 -7.7631419022692681e-17 -1.1778113918469325e-13 -1.0779011452128565e-13 -0.12499999967582383 2.7009644520958886e-15 1.7334224333698245e-15 
3 0.020036506082324664 0.022006856008321089 0.011903827363686399 6.123233995736766e-17 0 1 0.9998779321659732 -0.015624364546996736 -6.1224865458256669e-17 0.015624364546996736 0.9998779321659732 -9.5671640155954689e-19 -3.0231504566340126e-16 -1.2637094434851236e-13 9.7670386589674557e-14 0.12499999967582388 5.0567189324723927e-15 -1.104802013762729e-15 
4 0.028842220349029366 0.023965362457743868 0.033686816327636787 0.19405168061882103 0.0518676532423092 0.97961915650733711 0.9726158831598235 -0.14038382983610437 -0.18523154198403752 0.12791516358214777 0.98873764309228318 -0.077689021477098691 4.1412176620123001e-13 0.00022287362017338609 -0.00024481330269721861 -0.033681875606140645 -0.017266911639008342 -0.0072420135784272456 
5 0.030448389936614213 0.024239569903503226 0.033978366724508484 -0.97446867076193677 -0.11066632630151085 0.19535550651668784 0.22316696690170801 -0.57290911444074888 0.78865179355315551 0.024643753515974282 0.81211336081463692 0.58297905159533769 -3.0484012553445589e-06 0.00022106169130676242 -0.00022631560262766079 -0.024833632621508426 0.01845346974683261 0.019162842090246782 
6 0.028842220351632284 0.024108490067173863 0.010292010289769671 0.19656873045354537 -0.041317590249683164 0.9796191050320735 0.97544385471488382 0.10947553807470373 -0.19111356012126099 -0.099347976863397525 0.99313038585032398 0.061822457035744321 -1.8609788215132412e-14 0.00020147713221729103 0.0002627042545523725 0.017937332738438099 0.020886819846015817 -0.0067565815137082107 
7 0.030445833410601478 0.024380135285522027 0.0099843982524613212 -0.97860622998252167 0.074716814260045991 0.19169570758424836 0.19969490644115984 0.56917949983315286 0.79759428364998852 -0.049515563016614167 0.81881139136953374 -0.57192317174830032 -4.5896458396257363e-06 0.00019615992928593377 0.00023408246959572807 0.012422125456940158 -0.002060474353038863 0.0096980114443401839 
8 0.055291934653188254 0.018948424120600507 0.011961216362053736 0.18451055540096251 -0.079386820729019994 0.97961910334587021 0.9778237049637184 -0.08565282696707599 -0.19111356635146295 0.099079043983353265 0.99315725135906174 0.061822464495183117 -1.8767409748665865e-14 -7.1736250918820839e-06 -0.00038230398200558868 -0.0038372803357758136 0.02513482181000876 -0.0081307481926059747 
9 0.055291934642701081 0.018964111024047423 0.031589213462068541 0.17708700965407695 0.094797151064815802 0.97961915618355044 0.97898083340099928 0.085356893355247598 -0.18523155398102539 -0.10117667144782677 0.99183047992423345 -0.077688996955831063 -1.4497583962226381e-14 -3.9326737642998599e-05 0.00038034311906162563 0.0018881659632193298 -0.023992683182210355 -0.010062905536849614 
10 0.056881774443897054 0.019367629873624118 0.031366722022961986 -0.95683982937937251 -0.23421520828190429 0.17204876379305215 0.12859488723071014 0.18967854048859745 0.97338862036508134 -0.26061637686717659 0.95350159280809799 -0.15137310402130921 9.3987379878211766e-06 -5.4905044471813327e-05 0.00041924955206987789 0.0058900004113991789 -0.0013517752244007451 -0.013583826499942407 
11 0.056888120422759765 0.019343184335645282 0.012151834998160903 -0.95460689905481932 0.23649973788543105 0.18108987342495028 0.13979727560715782 -0.18112024632758419 0.97347428219909937 0.26302545506045311 0.95460113678455127 0.13983661766462999 8.0008607954941252e-06 -1.9420352326457052e-05 -0.00042393863209050543 -0.008090034504459 0.002273538352906754 -0.011414701862664911 
12 0.052159434327312765 0.01188094097913602 0.042844941545596822 -0.81491142840209263 0.072428193405761912 0.57504219033009984 0.56153704386430736 0.34433396252914084 0.75240299748015038 -0.14351136619723234 0.93604929306578599 -0.32127279486947863 0.00039739708079719702 0.00085729627587753318 -0.00032005012115329156 -0.002520148537725348 0.047649122536488259 0.0066964226473859353 
13 0.052297741744973911 0.012322770364653533 0.0010507483475734132 -0.82626724791018069 -0.0053927648322474892 0.56325247724124583 0.52552139743576742 -0.36731959462606567 0.76740053182213852 0.20275526101212324 0.93007915442246469 0.30633816386584761 0.00013075037190937716 0.00051905490627069176 0.00012932966800561501 -0.0071190665178397557 -0.028684249279743161 -0.00092991805460961485 
14 0.042409468466879721 0.023413577077093333 0.042169235315137818 -0.72461232128335273 -0.45074049668470073 0.52131563231192357 0.65235765557148384 -0.20474095359813474 0.72973326026501206 -0.22218567249403964 0.86885795534607135 0.44240183133686917 4.975561229361679e-05 7.8057441394411542e-05 0.00042351687801262927 0.021110820511668869 0.019954200068603292 -0.00066705096682721017 
15 0.042356221383184713 0.023398466049580256 0.0014334222526494252 -0.72584231248234254 0.44943036177213691 0.52073533328136223 0.6531714608028667 0.21295429276983779 0.72664813492057301 0.21568490953920341 0.86756142094278499 -0.44812632224496846 2.9921969575000589e-05 5.9744613982759466e-05 -0.00042370717085266893 -0.020523859451922151 -0.015076957493974089 -0.00071459123200840466 
16 0.040957638187612277 0.023881295487929582 0.041526285203803671 0.64192852998522421 -0.25072385575288419 0.72461390446734875 0.756210361395243 0.050757431123673119 -0.6523569364268319 0.12678190608081713 0.9667270717954124 0.22218262071634307 3.7238020024852366e-05 9.259907128653398e-05 0.00046236089973859172 -0.0032030700502954377 0.041843560465907897 -0.0081222240803761579 
17 0.040902951826727929 0.023869564904849511 0.0020706287935711803 0.65046879672413216 0.22370016267221804 0.72584335893406282 0.75374460918711617 -0.072361129463869189 -0.65317144079029876 -0.093591712291319462 0.9719681600562522 -0.21568144850042745 2.0651478069732289e-05 7.3861045423068847e-05 -0.0004552868207537537 -0.0069766275735887433 -0.027267810067822713 -0.0047401034862174091 
18 0.05257310178470858 0.051045041671375066 0.14809421925003269 -0.71175704861724431 0.70057664429414501 0.050933969148542535 -0.45822892042568969 -0.51805160456476784 0.72225258150689664 0.53237971432914 0.4907289480736024 0.68975136048680541 0.0056051141745373208 -0.00013278648113367736 3.3462794036044326e-05 0.011888826365286922 0.17014099053391354 0.31935586104040109 
19 0.051539757870046485 0.046866022687548338 -0.10508754102644435 -0.71761373565488762 0.69504001713255048 -0.044157683179954055 -0.49322413141557014 -0.55196007370994082 -0.6723615346072922 -0.49169145059558789 -0.46071623762843522 0.73890463917660287 0.0039791696917828127 -0.0010124397437464632 -0.00039817487449650516 -0.013833913989018126 -0.095457958939326598 0.17868966885217488 
1 0.015036506082326075 0.020006856008321663 0.021903827363685954 1 0 0 0 1 0 0 0 1 0 0 0 0 0 0 
