1 0.051296215921961506 0.017908175538920625 0.021903828027305762 1 0 0 0 1 0 0 0 1 -0 -0 -0 0 0 0 
2 0.03197700130233818 0.023348481053759158 0.033459363462841819 0.18859159804738232 0.072683406839210901 0.97936220649776984 0.98205560389719937 -0.0139581537729766 -0.18807434912118373 2.0384454274546826e-07 0.99725738518874629 -0.074011537522623849 -0 -0 0 0 0 0 
3 0.030311648920884133 0.023661272694209264 0.033596338645152816 0.18428127207711273 0.079916970881617741 0.97961915585943282 0.98286567469720321 -0.010994158208274984 -0.18399509229135097 -0.0039342424496331407 0.99674089223348206 -0.080573664965355909 -0 -0 0 0 0 0 
4 0.040726839049522977 0.018584597869839591 0.038434486127546866 0.99936904849666408 -0.017023028062887722 0.031172446526415633 0.017123628139482816 0.9998489893461876 -0.002963083317740086 -0.031117298504414182 0.0034949991383825029 0.9995096291256077 0 0 0 0 0 0 
5 0.05676136321457307 0.018693405463590929 0.031420850455458796 0.18461799275467383 0.079135995535862105 0.97961915608147598 0.9828103148630366 -0.015155435850250643 -0.18399510255169219 0.0002859196635182637 0.99674861774408141 -0.080573638835595998 0 0 0 0 0 0 
6 0.050962738971170977 0.020119762384506006 0.038485124151653165 0.99999992280346228 5.6190500070300965e-06 -0.00039288865587404261 -5.7072565502181175e-06 0.99999997478202207 -0.00022450697669655566 0.00039288738445025616 0.00022450920168174909 0.99999989761755559 0 -0 -0 0 -0 0 
7 0.045164119990832877 0.021546132532298146 0.045549399426557689 -0.70583025878459993 0.0025347328538561499 -0.70837646835099233 -0.70838086479638362 -0.0031508520633427664 0.70582336495868603 -0.00044291578474710573 0.99999182359689032 0.0040195229783036406 -0 -0 0 0 0 0 
8 0.051297778748946365 0.013432037198902251 0.043344933501667862 0.81871104628552416 -0.48232158727292673 -0.31157360148219676 -0.56715684002263211 -0.76402046537167467 -0.30758063545807285 -0.089695827693403535 0.42853076312415878 -0.89906398190041026 -0 -0 -0 0 0 0 
9 0.079846047071225348 0.025992876440878838 0.089769451791093469 0.94280001759475207 0.32532471433222038 -0.072745838836282661 -0.31403192397785057 0.93995844994908173 0.13364902952168803 0.11185739826271961 -0.10315979165342852 0.98835518910962195 0 0 0 0 0 0 
10 0.054225048887019851 0.013879886434591603 0.046396131119926652 0.9998711348523025 -0.001927353946500332 0.015937345950115065 0.0017633018100479975 0.99994538632666707 0.010301219866567882 -0.015956329649873147 -0.010271790047387114 0.99981992672347109 -0 -0 -0 0 0 0 
1 0.051296215921961506 0.017908175538920625 0.021903828027305762 1 0 0 0 1 0 0 0 1 0 0 0 0 0 0 
2 0.03197700130233818 0.023348481053759154 0.033459363462841819 0.18859159804738232 0.072683406839210901 0.97936220649776984 0.98205560389719937 -0.0139581537729766 -0.18807434912118373 2.0384454274546826e-07 0.99725738518874629 -0.074011537522623849 -1.947265803955052e-17 -2.2528821660378274e-15 -4.7388489579537697e-17 -1.1573833169783897e-14 -1.6507368804771757e-15 1.1672887752116301e-14 
3 0.030311648920884133 0.02366127269420926 0.033596338645152816 0.18428127207711273 0.079916970881617755 0.97961915585943282 0.98286567469720321 -0.010994158208274929 -0.18399509229135097 -0.0039342424496331962 0.99674089223348217 -0.080573664965355909 -8.4354220051852978e-24 -2.0543119588505497e-15 -1.995204928564547e-23 9.719861228436814e-14 -3.6694764032506118e-14 2.5435768498655432e-14 
4 0.040726839049522977 0.018584597869839587 0.038434486127546866 0.99936904849666408 -0.017023028062887611 0.031172446526415296 0.017123628139482705 0.9998489893461876 -0.0029630833177400301 -0.031117298504413849 0.0034949991383824378 0.9995096291256077 0 -2.0315239834142996e-15 -4.5575878523919954e-17 3.3484863951403121e-14 -1.911973142696372e-13 -8.4729759857535016e-16 
5 0.05676136321457307 0.018693405463590926 0.031420850455458796 0.18461799275467389 0.079135995535862022 0.97961915608147598 0.98281031486303672 -0.015155435850251142 -0.18399510255169219 0.0002859196635187633 0.99674861774408141 -0.080573638835595998 2.2119963806381586e-24 -2.054311910315942e-15 -1.3319978482312773e-24 2.2537263859021984e-13 -4.3561159032803606e-14 -2.9959748197977216e-14 
6 0.050962738971170971 0.020119762384506003 0.038485124151653172 0.99999992280346228 5.6190500071966299e-06 -0.00039288865587404261 -5.7072565503847983e-06 0.99999997478202207 -0.00022450697669693036 0.0003928873844502561 0.00022450920168212384 0.99999989761755559 -4.10862384535252e-15 -2.05431192267626e-15 4.10862384535252e-15 2.0577753848247741e-13 -1.0826871014147852e-13 -5.1830991529572256e-14 
7 0.045164119990832863 0.021546132532298142 0.045549399426557703 -0.70583025878459971 0.0025347328538567761 -0.70837646835099244 -0.70838086479638374 -0.0031508520633432469 0.70582336495868581 -0.00044291578474700425 0.99999182359689032 0.0040195229783044229 -8.2172478756892889e-15 -2.0543121117568635e-15 8.2172482925215105e-15 4.7355973142883096e-13 2.9727641534005892e-13 2.3896038407354532e-13 
8 0.051297778748946365 0.013432037198902251 0.043344933501667869 0.81871104628552394 -0.4823215872729269 -0.31157360148219715 -0.56715684002263245 -0.76402046537167478 -0.3075806354580724 -0.089695827693404007 0.42853076312415872 -0.89906398190041037 4.1541998372156622e-15 1.139362599216339e-17 -9.1151678762935303e-17 2.9889136127817404e-13 6.7594538687496566e-14 -1.3601609881289935e-13 
9 0.079846047071225376 0.025992876440878793 0.089769451791093469 0.94280001759475163 0.3253247143322216 -0.072745838836282634 -0.31403192397785179 0.93995844994908129 0.13364902952168811 0.11185739826271975 -0.10315979165342846 0.98835518910962195 1.643449538141008e-14 -3.9305381801992451e-14 8.3083994477528784e-15 -1.5220586099101963e-13 -2.9013079810026093e-13 -1.4727274446561082e-12 
10 0.054225048887019837 0.0138798864345916 0.046396131119926659 0.9998711348523025 -0.0019273539465006653 0.015937345950115509 0.0017633018100483334 0.99994538632666707 0.010301219866567429 -0.015956329649873594 -0.010271790047386655 0.99981992672347109 -8.26282356922896e-15 -2.05431192267626e-15 4.0630479668285993e-15 4.5650341592399648e-13 2.5433873917347502e-13 2.7604491021179438e-13 
1 0.051296215921961506 0.017908175538920625 0.021903828027305762 1 0 0 0 1 0 0 0 1 0 0 0 0 0 0 
2 0.031977001302338187 0.023348481053759213 0.033459363462841826 0.18859159804738257 0.072683406839210887 0.97936220649776973 0.98205560389719926 -0.013958153772977322 -0.18807434912118393 2.0384454341160207e-07 0.99725738518874629 -0.074011537522623974 -7.1729456841187014e-17 -7.3244877854854741e-15 -4.0258917455607163e-16 -4.1345932467604624e-14 -6.0878060509211566e-15 4.2991163881495453e-14 
3 0.030311648920884136 0.023661272694209312 0.033596338645152816 0.18428127207711312 0.079916970881619073 0.97961915585943271 0.9828656746972031 -0.010994158208270932 -0.18399509229135169 -0.0039342424496373596 0.99674089223348206 -0.080573664965356465 -1.1489071817533297e-16 -6.5913030809571366e-15 -7.8275653491467389e-23 4.5618982429173972e-13 -1.5802116774442771e-13 7.3836805352658341e-14 
4 0.040726839049522984 0.018584597869839622 0.038434486127546894 0.99936904849666419 -0.017023028062886629 0.03117244652641827 0.017123628139481654 0.99984898934618771 -0.0029630833177375624 -0.031117298504416867 0.0034949991383799893 0.9995096291256077 -2.2978137820948129e-16 -5.6465774108845111e-15 -1.8894510991480126e-15 2.3301364934496148e-13 -5.2216479429745847e-13 6.771775829142737e-14 
5 0.056761363214573077 0.018693405463590978 0.031420850455458796 0.18461799275467319 0.079135995535863146 0.97961915608147598 0.98281031486303683 -0.015155435850245369 -0.18399510255169196 0.00028591966351293463 0.99674861774408152 -0.08057363883559604 -2.2978137099195345e-16 -6.5913029196460775e-15 -5.4466969953327268e-24 7.6352190154135762e-13 -1.4844063953608086e-13 -1.0051669189304546e-13 
6 0.050962738971171068 0.020119762384506051 0.038485124151653075 0.99999992280346228 5.6190500062668283e-06 -0.00039288865587049066 -5.7072565494522963e-06 0.99999997478202207 -0.00022450697669208744 0.00039288738444670442 0.00022450920167728055 0.99999989761755559 -1.3412387299126509e-14 -6.7061936495632546e-15 1.3412387299126509e-14 6.8193743893496909e-13 -4.2491009632572628e-13 -1.5064050428925809e-13 
7 0.045164119990833057 0.021546132532298194 0.045549399426557509 -0.70583025878460448 0.0025347328538502106 -0.70837646835098778 -0.70838086479637918 -0.00315085206333122 0.70582336495869069 -0.00044291578474309201 0.99999182359689043 0.0040195229782912859 -2.6594993909683432e-14 -6.8210850422267065e-15 2.705455798254848e-14 1.6301883162476356e-12 9.3949138919992549e-13 8.8990712082055742e-13 
8 0.051297778748946248 0.013432037198902244 0.043344933501667911 0.81871104628552505 -0.48232158727292612 -0.31157360148219532 -0.56715684002263167 -0.76402046537167212 -0.30758063545808023 -0.089695827693398289 0.42853076312416416 -0.89906398190040826 1.5301838714632454e-14 4.723616196697032e-16 -3.7789019127513413e-15 1.0434315055581371e-12 2.0037434935289187e-13 -3.4545191646288095e-13 
9 0.079846047071224988 0.025992876440879865 0.089769451791093233 0.94280001759476684 0.32532471433217863 -0.072745838836278276 -0.31403192397781055 0.9399584499490965 0.13364902952167818 0.11185739826270777 -0.10315979165342547 0.98835518910962361 5.4568674709344016e-14 -1.4047774627316121e-13 3.0603676796549041e-14 -7.3222961965234346e-13 -1.211549311919169e-12 -5.5899515878618771e-12 
10 0.054225048887020059 0.013879886434591648 0.046396131119926583 0.99987113485230261 -0.0019273539464928404 0.015937345950108948 0.001763301810040401 0.99994538632666696 0.010301219866578365 -0.015956329649866974 -0.010271790047397727 0.99981992672347109 -2.8714225697401042e-14 -6.7636389941156268e-15 1.1522936199978504e-14 1.5346434312795533e-12 8.7638945854579107e-13 9.9203419475740215e-13 
1 0.051296215921961506 0.017908175538920625 0.021903828027305762 1 0 0 0 1 0 0 0 1 0 0 0 0 0 0 
2 0.03197700130233818 0.023348481053759182 0.033459363462841812 0.18859159804738232 0.07268340683921086 0.97936220649776984 0.98205560389719948 -0.013958153772976822 -0.18807434912118373 2.0384454291200171e-07 0.9972573851887464 -0.074011537522623849 3.2389897722752829e-18 3.8039369452595729e-16 -2.3484517231696681e-16 3.2955466024858667e-15 2.6696071623843779e-16 -1.9491382731358612e-15 
3 0.030311648920884129 0.023661272694209284 0.033596338645152816 0.18428127207711284 0.079916970881618574 0.97961915585943282 0.98286567469720321 -0.010994158208272153 -0.18399509229135133 -0.0039342424496359718 0.99674089223348217 -0.080573664965356215 -1.2229644173521341e-16 3.4920783674864125e-16 4.5857134858422455e-24 -2.0869171537394589e-14 8.1575842453105559e-15 -2.8786369403645838e-15 
4 0.04072683904952297 0.018584597869839604 0.038434486127546887 0.99936904849666419 -0.017023028062886789 0.031172446526416597 0.017123628139481831 0.99984898934618771 -0.0029630833177382559 -0.031117298504415185 0.0034949991383806597 0.9995096291256077 -2.4459288609259816e-16 2.3032297019888724e-16 2.3776972315491978e-16 -1.7283055019215448e-14 1.1842593545019232e-14 -1.2087316570164051e-14 
5 0.056761363214573063 0.01869340546359095 0.031420850455458796 0.18461799275467358 0.079135995535862674 0.97961915608147598 0.98281031486303672 -0.015155435850248089 -0.18399510255169213 0.00028591966351559917 0.9967486177440813 -0.080573638835596068 -2.4459288596160938e-16 3.4920783176926341e-16 1.6087547405322996e-24 -1.3584249623387027e-14 4.0381752791697552e-15 1.1238542284912238e-15 
6 0.050962738971171026 0.020119762384506031 0.038485124151653116 0.99999992280346228 5.619050006627644e-06 -0.00039288865587165596 -5.7072565498143013e-06 0.99999997478202207 -0.0002245069766944464 0.00039288738444786961 0.00022450920167963964 0.99999989761755559 4.5382277746010162e-16 2.2691138873005081e-16 -4.5382277746010162e-16 -5.0515760815558253e-15 3.3128677869247603e-14 2.4857766462805837e-15 
7 0.045164119990832967 0.021546132532298166 0.045549399426557606 -0.70583025878460259 0.0025347328538536519 -0.70837646835098955 -0.70838086479638096 -0.0031508520633370773 0.7058233649586888 -0.0004429157847448224 0.99999182359689043 0.004019522978297857 1.1522384694783628e-15 1.0461497441924852e-16 -6.6305269814602344e-16 -2.8042345387256953e-14 -9.5280426317704015e-15 -3.6565226254622367e-14 
8 0.051297778748946303 0.013432037198902246 0.043344933501667911 0.81871104628552416 -0.48232158727292673 -0.31157360148219676 -0.56715684002263256 -0.76402046537167312 -0.30758063545807646 -0.089695827693401259 0.42853076312416194 -0.89906398190040904 -6.9159248242429175e-16 -5.9442414669580514e-17 4.7553943449122784e-16 -2.2512677232421585e-14 1.2116258877629547e-14 -1.8125490173477583e-14 
9 0.079846047071225168 0.025992876440879387 0.089769451791093344 0.94280001759476051 0.32532471433219651 -0.07274583883627958 -0.31403192397782786 0.93995844994909017 0.13364902952168181 0.11185739826271211 -0.1031597916534264 0.98835518910962294 -8.3691956546999177e-16 3.9034880791059281e-15 -1.3831850012300334e-15 5.2071299509528426e-14 7.4129155004704302e-14 2.020209366933103e-13 
10 0.054225048887019962 0.013879886434591624 0.046396131119926624 0.99987113485230261 -0.0019273539464965026 0.015937345950112338 0.0017633018100441118 0.99994538632666696 0.010301219866573145 -0.015956329649870388 -0.010271790047392442 0.99981992672347109 1.1454152780751215e-15 1.6576316720690226e-16 -2.1605305430517711e-16 -2.9853942733833683e-14 -7.5362447256083083e-16 -2.6838258741913401e-14 
1 0.051296215921961506 0.017908175538920625 0.021903828027305762 1 0 0 0 1 0 0 0 1 0 0 0 0 0 0 
2 0.03197700130233818 0.023348481053759175 0.033459363462841812 0.18859159804738232 0.07268340683921086 0.97936220649776984 0.98205560389719948 -0.013958153772976822 -0.18807434912118373 2.0384454291200171e-07 0.9972573851887464 -0.074011537522623849 -5.1513925635684597e-17 -4.5146401720902939e-15 -7.5642445337833988e-16 -2.7055095672839478e-14 -4.3867385303852397e-15 3.0860465359147777e-14 
3 0.030311648920884129 0.023661272694209277 0.033596338645152816 0.18428127207711276 0.079916970881618227 0.97961915585943282 0.98286567469720332 -0.010994158208273319 -0.18399509229135114 -0.0039342424496348061 0.99674089223348217 -0.08057366496535609 -3.1795514623179682e-16 -3.9845402482981231e-15 -5.8303290639253464e-23 3.963423935942034e-13 -1.2832304490989952e-13 3.9609519815348998e-14 
4 0.04072683904952297 0.018584597869839597 0.03843448612754688 0.99936904849666408 -0.017023028062887063 0.031172446526416091 0.017123628139482126 0.9998489893461876 -0.0029630833177390326 -0.031117298504414661 0.003494999138381436 0.9995096291256077 -6.3591025352140316e-16 -2.792956828533996e-15 -2.3831666832572471e-15 2.3629485970990942e-13 -2.6110945776120468e-13 8.751645270942165e-14 
5 0.056761363214573063 0.018693405463590943 0.031420850455458796 0.18461799275467372 0.079135995535862355 0.97961915608147598 0.98281031486303649 -0.015155435850249477 -0.18399510255169216 0.00028591966351709797 0.99674861774408141 -0.080573638835596026 -6.3591024843850315e-16 -3.9845401419448993e-15 -2.6387765143695786e-24 5.2678292669596731e-13 -1.0138063809175006e-13 -6.940543924189844e-14 
6 0.050962738971171005 0.02011976238450602 0.038485124151653137 0.99999992280346228 5.6190500069329545e-06 -0.00039288865587232193 -5.7072565501203224e-06 0.99999997478202207 -0.00022450697669587576 0.00039288738444853547 0.00022450920168106913 0.99999989761755559 -8.6049905938466421e-15 -4.302495296923321e-15 8.6049905938466421e-15 4.6745644866824182e-13 -3.0660398198957379e-13 -8.508094784906917e-14 
7 0.045164119990832925 0.021546132532298156 0.045549399426557655 -0.70583025878460126 0.0025347328538552144 -0.70837646835099088 -0.70838086479638229 -0.0031508520633403846 0.70582336495868747 -0.00044291578474606966 0.99999182359689043 0.0040195229783012978 -1.6574071438486692e-14 -4.620450937606399e-15 1.7845892807960928e-14 1.1456706504783217e-12 6.0517819388223633e-13 6.5029869054453994e-13 
8 0.051297778748946331 0.013432037198902248 0.04334493350166789 0.81871104628552394 -0.48232158727292707 -0.31157360148219704 -0.56715684002263267 -0.76402046537167367 -0.30758063545807446 -0.089695827693402563 0.42853076312416039 -0.8990639819004097 1.0988157472540498e-14 5.9579087541631474e-16 -4.7663331621284403e-15 7.3870559721234587e-13 1.3536999735186617e-13 -1.7954792184186041e-13 
9 0.079846047071225279 0.025992876440879113 0.089769451791093399 0.94280001759475673 0.32532471433220733 -0.072745838836280427 -0.3140319239778383 0.93995844994908651 0.13364902952168406 0.11185739826271482 -0.10315979165342701 0.98835518910962261 3.6963603389472187e-14 -1.0081573764249713e-13 2.1976314554207778e-14 -6.2350768409434668e-13 -9.4701981561183795e-13 -4.1917452181131437e-12 
10 0.054225048887019914 0.013879886434591612 0.046396131119926645 0.9998711348523025 -0.0019273539464983896 0.015937345950114291 0.0017633018100460267 0.99994538632666707 0.010301219866570163 -0.015956329649872359 -0.010271790047389429 0.99981992672347109 -1.9593147870950534e-14 -4.4614728603036718e-15 6.2218239105893949e-15 1.0466075221875008e-12 6.3392316192765968e-13 7.1677894840562987e-13 
1 0.051296215921961506 0.017908175538920625 0.021903828027305762 1 0 0 0 1 0 0 0 1 0 0 0 0 0 0 
2 0.03197700130233818 0.02334848105375938 0.033459363462841826 0.18859159804738346 0.072683406839210984 0.97936220649776962 0.98205560389719926 -0.013958153772978266 -0.18807434912118476 2.0384454429978049e-07 0.9972573851887464 -0.074011537522624252 -4.3986988911844942e-16 -4.1621966339214477e-14 -3.205302316599166e-15 -2.4925518173774493e-13 -3.7356388477733771e-14 2.6361314564680337e-13 
3 0.030311648920884133 0.023661272694209461 0.033596338645152816 0.18428127207711473 0.079916970881622945 0.97961915585943204 0.98286567469720287 -0.010994158208259774 -0.18399509229135425 -0.0039342424496491835 0.99674089223348183 -0.080573664965358213 -1.075713989609483e-15 -3.712004976402333e-14 -4.96561121314321e-22 3.1303372167516358e-12 -1.0468449179033473e-12 3.8547442521269488e-13 
4 0.040726839049522977 0.018584597869839743 0.038434486127546949 0.99936904849666375 -0.017023028062884447 0.031172446526429455 0.017123628139479322 0.99984898934618771 -0.0029630833177314918 -0.031117298504428161 0.0034949991383740409 0.99950962912560726 -2.175214238487839e-15 -2.8398667497654509e-14 -1.7418976539006983e-14 1.8009542044087235e-12 -2.5860745807301466e-12 6.547611005722696e-13 
5 0.05676136321457307 0.018693405463591127 0.031420850455458796 0.184617992754671 0.079135995535866505 0.97961915608147621 0.98281031486303716 -0.015155435850228438 -0.18399510255169116 0.0002859196634958372 0.99674861774408141 -0.08057363883559622 -2.1514275951650474e-15 -3.7120048834277661e-14 -3.5620253856080647e-23 4.455427857473247e-12 -8.6975089093402831e-13 -5.8273769861336669e-13 
6 0.050962738971171366 0.020119762384506204 0.038485124151652776 0.99999992280346228 5.6190500030194514e-06 -0.0003928886558597788 -5.7072565461967676e-06 0.99999997478202207 -0.00022450697667746129 0.00039288738443599337 0.00022450920166265304 0.99999989761755559 -7.6391525772803951e-14 -3.8207656187550192e-14 7.6391525772803951e-14 3.9232167454624733e-12 -2.6935933781876596e-12 -7.8699671806577472e-13 
7 0.045164119990833661 0.02154613253229834 0.045549399426556912 -0.70583025878461936 0.0025347328538305163 -0.70837646835097301 -0.70838086479636431 -0.0031508520632953585 0.70582336495870568 -0.00044291578473150449 0.99999182359689065 0.0040195229782520317 -1.5060784156378314e-13 -3.929526764482793e-14 1.5498206397120496e-13 9.6074525441049787e-12 5.2327171071217382e-12 5.4895487676221668e-12 
8 0.051297778748945894 0.013432037198902229 0.043344933501668036 0.81871104628552871 -0.48232158727292329 -0.31157360148219027 -0.56715684002262901 -0.76402046537166513 -0.30758063545810271 -0.089695827693382219 0.42853076312418004 -0.89906398190040226 9.3810503907530675e-14 4.3487907766391876e-15 -3.4837951336286067e-14 6.2028434660419719e-12 1.0625471384157171e-12 -1.5909053553586813e-12 
9 0.079846047071223794 0.02599287644088304 0.089769451791092511 0.94280001759481091 0.32532471433205346 -0.072745838836266119 -0.3140319239776902 0.93995844994914068 0.13364902952165009 0.11185739826267369 -0.10315979165341747 0.98835518910962827 3.1431453324976032e-13 -8.4673775368271027e-13 1.8771615103280833e-13 -5.0709929127762234e-12 -7.9138390445468954e-12 -3.4833525341503413e-11 
10 0.054225048887020719 0.013879886434591798 0.046396131119926347 0.99987113485230295 -0.0019273539464704768 0.015937345950090658 0.0017633018100176913 0.99994538632666663 0.010301219866611722 -0.015956329649848514 -0.010271790047431477 0.99981992672347109 -1.7022581468691123e-13 -3.8751459747172201e-14 5.8972549233796955e-14 8.9118040920109709e-12 5.1662837596652567e-12 5.9981385105877778e-12 
1 0.051296215921961506 0.017908175538920625 0.021903828027305762 1 0 0 0 1 0 0 0 1 0 0 0 0 0 0 
2 0.03197700130233818 0.023348481053759054 0.033459363462841799 0.18859159804738146 0.072683406839210749 0.97936220649776995 0.98205560389719948 -0.013958153772975934 -0.18807434912118293 2.038445421348456e-07 0.99725738518874651 -0.074011537522623572 -2.6838540403106798e-16 -2.5132196061189307e-14 -2.0876409052558678e-15 -1.5163570673545068e-13 -2.2795379739305294e-14 1.6084038363297274e-13 
3 0.030311648920884122 0.023661272694209173 0.033596338645152816 0.18428127207711167 0.079916970881614743 0.97961915585943327 0.98286567469720354 -0.010994158208284088 -0.18399509229134917 -0.0039342424496234818 0.99674089223348228 -0.080573664965354647 -7.2261517105548413e-16 -2.2384763221654588e-14 -3.0345166416879275e-22 1.9345663683295895e-12 -6.4379007927554802e-13 2.3016125515086833e-13 
4 0.040726839049522956 0.018584597869839521 0.038434486127546817 0.9993690484966643 -0.017023028062889699 0.03117244652640953 0.017123628139484936 0.99984898934618749 -0.0029630833177453548 -0.031117298504407982 0.0034949991383877305 0.99950962912560781 -1.4069210950683818e-15 -1.6865872110735649e-14 -1.1076090418266818e-14 1.126181275131041e-12 -1.5284292451019536e-12 4.1909679385455966e-13 
5 0.056761363214573049 0.018693405463590839 0.031420850455458796 0.18461799275467558 0.079135995535859746 0.97961915608147587 0.98281031486303627 -0.015155435850263355 -0.18399510255169291 0.00028591966353114229 0.99674861774408141 -0.080573638835596012 -1.4452301089983525e-15 -2.2384762658311275e-14 -2.1045062772690961e-23 2.7027725712332825e-12 -5.27092012458947e-13 -3.5363679805498028e-13 
6 0.050962738971170769 0.020119762384505909 0.038485124151653373 0.99999992280346228 5.6190500090701076e-06 -0.00039288865588075789 -5.7072565522641238e-06 0.99999997478202207 -0.00022450697670797618 0.00039288738445697089 0.00022450920169317043 0.99999989761755559 -4.6214755734806435e-14 -2.3088223347957752e-14 4.6214755734806435e-14 2.3755984122742544e-12 -1.6516885449823916e-12 -4.7037356518862344e-13 
7 0.045164119990832502 0.021546132532298035 0.045549399426558113 -0.70583025878458916 0.002534732853871157 -0.70837646835100299 -0.7083808647963945 -0.0031508520633700388 0.70582336495867515 -0.00044291578475589254 0.99999182359689032 0.0040195229783335134 -9.1022592974531411e-14 -2.3791686544858343e-14 9.3798130545322982e-14 5.8368261432895523e-12 3.1552656180322288e-12 3.3528052488816961e-12 
8 0.051297778748946622 0.013432037198902264 0.043344933501667758 0.81871104628552116 -0.48232158727292895 -0.31157360148220142 -0.56715684002263456 -0.76402046537168 -0.30758063545805564 -0.089695827693416358 0.42853076312414717 -0.8990639819004147 5.7290847103449408e-14 2.7785957990309358e-15 -2.2152179775115605e-14 3.7709814322322846e-12 6.3857429347261503e-13 -9.3071815585922506e-13 
9 0.079846047071226237 0.025992876440876451 0.089769451791093968 0.94280001759471865 0.32532471433231508 -0.072745838836290849 -0.31403192397794183 0.9399584499490482 0.13364902952170918 0.11185739826274441 -0.10315979165343482 0.98835518910961839 1.9041008924171758e-13 -5.1574215789214821e-13 1.1442845615058289e-13 -3.1399209878687973e-12 -4.8651755044638005e-12 -2.1305910697199364e-11 
10 0.0542250488870194 0.013879886434591496 0.046396131119926812 0.99987113485230228 -0.0019273539465174238 0.015937345950130348 0.0017633018100653279 0.9999453863266673 0.010301219866543176 -0.015956329649888561 -0.010271790047362105 0.99981992672347109 -1.0346729284898874e-13 -2.3439953621724883e-14 3.5138665316539661e-14 5.4016667563836142e-12 3.1424529275918387e-12 3.6558175686296263e-12 
1 0.051296215921961506 0.017908175538920625 0.021903828027305762 1 0 0 0 1 0 0 0 1 0 0 0 0 0 0 
2 0.031977001302338187 0.023348481053758856 0.033459363462841778 0.18859159804738035 0.07268340683921061 0.97936220649777017 0.9820556038971997 -0.013958153772974546 -0.18807434912118193 2.0384454085808912e-07 0.9972573851887464 -0.074011537522623183 -1.5248552690535542e-16 -1.4357148210813056e-14 -1.0838242113944295e-15 -8.7279324284944981e-14 -1.2945137584222585e-14 9.1389062186173415e-14 
3 0.030311648920884116 0.023661272694208996 0.033596338645152816 0.18428127207711004 0.079916970881609747 0.97961915585943404 0.98286567469720398 -0.010994158208299021 -0.18399509229134631 -0.0039342424496076056 0.99674089223348261 -0.080573664965352523 -3.5865006038794903e-16 -1.2797684919346282e-14 -1.716689710055714e-22 1.0923842420085102e-12 -3.6382229241095354e-13 1.3167472100721351e-13 
4 0.040726839049522949 0.018584597869839389 0.038434486127546727 0.99936904849666464 -0.01702302806289303 0.031172446526397227 0.017123628139488502 0.99984898934618749 -0.0029630833177542006 -0.031117298504395523 0.0034949991383964717 0.99950962912560815 -5.9835504013618365e-16 -9.689505609896839e-15 -6.3353031018430201e-15 6.3772780226228808e-13 -8.6399125581856902e-13 2.4443251992936799e-13 
5 0.056761363214573035 0.018693405463590662 0.031420850455458796 0.1846179927546783 0.079135995535855513 0.97961915608147565 0.98281031486303583 -0.015155435850285004 -0.18399510255169391 0.00028591966355301368 0.99674861774408141 -0.080573638835595873 -7.1729998834904965e-16 -1.2797684599259335e-14 -1.1607055834237828e-23 1.5237537716355814e-12 -2.9692286969410671e-13 -1.9961341531680363e-13 
6 0.050962738971170408 0.020119762384505725 0.038485124151653734 0.99999992280346228 5.6190500128170756e-06 -0.00039288865589385592 -5.7072565560213867e-06 0.99999997478202207 -0.00022450697672669583 0.000392887384470068 0.00022450920171189164 0.99999989761755559 -2.6312669361772895e-14 -1.3096862199708632e-14 2.6312669361772895e-14 1.3340863408280398e-12 -9.5193782686887408e-13 -2.6682982121177562e-13 
7 0.045164119990831766 0.021546132532297847 0.045549399426558855 -0.70583025878457006 0.0025347328538961648 -0.70837646835102186 -0.70838086479641349 -0.0031508520634160797 0.70582336495865594 -0.00044291578477096425 0.99999182359689021 0.0040195229783837145 -5.202698515901063e-14 -1.3396041223245629e-14 5.3104752757614382e-14 3.2905349765475695e-12 1.7775127061422611e-12 1.902781568706567e-12 
8 0.051297778748947073 0.013432037198902288 0.043344933501667585 0.8187110462855165 -0.48232158727293223 -0.31157360148220831 -0.56715684002263778 -0.76402046537168933 -0.3075806354580265 -0.089695827693437591 0.42853076312412686 -0.89906398190042214 3.2647972985952133e-14 1.6135597295257711e-15 -1.2670605602455984e-14 2.1262747921058022e-12 3.5207793149339483e-13 -5.0828443780688367e-13 
9 0.079846047071227735 0.025992876440872368 0.089769451791094884 0.94280001759466148 0.32532471433247756 -0.072745838836306545 -0.31403192397809798 0.93995844994899092 0.13364902952174615 0.11185739826278873 -0.10315979165344571 0.9883551891096124 1.0740620768292509e-13 -2.9151828065007643e-13 6.4820165077809438e-14 -1.7938215287810496e-12 -2.7725964397114727e-12 -1.2069026890534738e-11 
10 0.054225048887018568 0.01387988643459131 0.046396131119927089 0.99987113485230172 -0.0019273539465465566 0.015937345950154769 0.0017633018100948839 0.99994538632666763 0.010301219866501073 -0.015956329649913205 -0.010271790047319488 0.99981992672347109 -5.8841696863033207e-14 -1.3246450959742685e-14 1.9977366259929846e-14 3.0464204187251586e-12 1.765387768440657e-12 2.0671891674277909e-12 
1 0.051296215921961506 0.017908175538920625 0.021903828027305762 1 0 0 0 1 0 0 0 1 0 0 0 0 0 0 
2 0.031977001302338187 0.023348481053758804 0.033459363462841778 0.1885915980473799 0.07268340683921054 0.97936220649777028 0.98205560389719992 -0.013958153772974324 -0.18807434912118151 2.0384454069155566e-07 0.99725738518874651 -0.074011537522623058 7.6934789572741594e-17 6.8226617967592584e-15 9.0801026266810339e-16 4.0281447787324713e-14 6.5521796363256152e-15 -4.6088666524293198e-14 
3 0.030311648920884116 0.023661272694208948 0.033596338645152816 0.1842812720771094 0.079916970881608443 0.97961915585943427 0.98286567469720409 -0.010994158208302685 -0.18399509229134536 -0.0039342424496037198 0.99674089223348261 -0.080573664965351899 3.6409750596806555e-16 6.0308028047522555e-15 8.9794728016248521e-23 -5.9010537790383123e-13 1.9381891454236109e-13 -5.9992569632472023e-14 
4 0.040726839049522949 0.018584597869839355 0.038434486127546699 0.99936904849666464 -0.017023028062893956 0.031172446526394195 0.017123628139489484 0.99984898934618738 -0.0029630833177563625 -0.03111729850439245 0.0034949991383986111 0.99950962912560826 9.7196892095735557e-16 4.220458022607838e-15 3.3769153615084012e-15 -3.4831907113487969e-13 4.1657481800685765e-13 -1.1644420376363941e-13 
5 0.056761363214573035 0.018693405463590614 0.031420850455458796 0.18461799275467899 0.0791359955358545 0.97961915608147565 0.98281031486303561 -0.015155435850290222 -0.18399510255169416 0.00028591966355834275 0.99674861774408141 -0.080573638835595845 7.2819494596171946e-16 6.0308026464885636e-15 7.0481406600375882e-24 -7.937232028858091e-13 1.5559312428542574e-13 1.0301421858807141e-13 
6 0.050962738971170304 0.020119762384505677 0.038485124151653838 0.99999992280346228 5.6190500138162678e-06 -0.00039288865589757457 -5.7072565570232293e-06 0.99999997478202207 -0.00022450697673131681 0.00039288738447378638 0.00022450920171651303 0.99999989761755559 1.278980032768144e-14 6.5167871477942491e-15 -1.278980032768144e-14 -7.081379707695975e-13 4.4277757473416924e-13 1.2860965832502689e-13 
7 0.045164119990831579 0.021546132532297802 0.045549399426559042 -0.7058302587845654 0.0025347328539024176 -0.70837646835102641 -0.70838086479641804 -0.0031508520634273137 0.70582336495865128 -0.00044291578477453474 0.99999182359689009 0.0040195229783960692 2.4607632485413661e-14 7.0027723737152055e-15 -2.6795345601813912e-14 -1.7198135761785548e-12 -9.1600773661134545e-13 -9.6848657561836263e-13 
8 0.051297778748947184 0.013432037198902293 0.043344933501667536 0.8187110462855155 -0.48232158727293306 -0.31157360148220964 -0.56715684002263833 -0.76402046537169166 -0.30758063545801922 -0.089695827693442642 0.42853076312412153 -0.89906398190042414 -1.6166715989456691e-14 -7.8328414239113258e-16 6.7538304144849727e-15 -1.1130979889257096e-12 -2.0235605298161296e-13 2.92297826391367e-13 
9 0.079846047071228124 0.025992876440871348 0.089769451791095106 0.94280001759464716 0.32532471433251825 -0.072745838836310611 -0.31403192397813706 0.93995844994897648 0.13364902952175539 0.11185739826279995 -0.10315979165344841 0.98835518910961073 -5.5534624930369329e-14 1.5100455393246092e-13 -3.3308527250007937e-14 9.0544167863776462e-13 1.3985616479167614e-12 6.2321610605622735e-12 
10 0.054225048887018353 0.013879886434591265 0.046396131119927159 0.99987113485230172 -0.0019273539465539376 0.015937345950160831 0.0017633018101023737 0.99994538632666774 0.010301219866490362 -0.015956329649919325 -0.010271790047308646 0.9998199267234712 2.9200289984778281e-14 6.7597793780335824e-15 -9.4128849661730345e-15 -1.5809348469211853e-12 -9.4231002967164555e-13 -1.0694028492065364e-12 
1 0.051296215921961506 0.017908175538920625 0.021903828027305762 1 0 0 0 1 0 0 0 1 0 0 0 0 0 0 
2 0.03197700130233818 0.023348481053759081 0.033459363462841805 0.18859159804738165 0.072683406839210776 0.97936220649776995 0.98205560389719948 -0.013958153772975934 -0.18807434912118315 2.0384454219035675e-07 0.99725738518874629 -0.074011537522623627 5.8898059271728676e-16 5.4526718546372743e-14 4.989725014614703e-15 3.2751409165491133e-13 5.0054413571150643e-14 -3.5294065032912613e-13 
3 0.030311648920884126 0.023661272694209194 0.033596338645152816 0.1842812720771119 0.079916970881615784 0.97961915585943315 0.98286567469720332 -0.010994158208281035 -0.18399509229134967 -0.0039342424496267014 0.99674089223348217 -0.080573664965355105 1.7935436915875061e-15 4.8490317612491805e-14 6.7194720273755254e-22 -4.3067987070996914e-12 1.4298940134363272e-12 -4.9484800918239214e-13 
4 0.04072683904952297 0.018584597869839535 0.038434486127546831 0.9993690484966643 -0.0170230280628892 0.031172446526411095 0.017123628139484381 0.99984898934618749 -0.002963083317743385 -0.031117298504409582 0.0034949991383857711 0.99950962912560781 4.025535782860843e-15 3.5954044804524425e-14 2.4634094923031472e-14 -2.5158722019978152e-12 3.3226044072611842e-12 -9.1074585978479778e-13 
5 0.056761363214573056 0.01869340546359086 0.031420850455458796 0.184617992754675 0.079135995535860496 0.97961915608147587 0.98281031486303649 -0.015155435850259469 -0.18399510255169266 0.000285919663527201 0.99674861774408141 -0.080573638835596054 3.5870868731128186e-15 4.8490316382542928e-14 4.9274900410902682e-23 -5.9617530138968437e-12 1.1652925564045857e-12 7.7792787264655431e-13 
6 0.050962738971170832 0.020119762384505937 0.03848512415165331 0.99999992280346228 5.6190500086121499e-06 -0.00039288865587925969 -5.7072565518043408e-06 0.99999997478202207 -0.0002245069767041879 0.00039288738445547285 0.00022450920168938198 0.99999989761755559 1.0056772031494117e-13 5.0503084585148109e-14 -1.0056772031494117e-13 -5.2578930244120936e-12 3.5695764584080266e-12 1.0209200178820449e-12 
7 0.045164119990832578 0.021546132532298073 0.045549399426557995 -0.70583025878459238 0.0025347328538664667 -0.70837646835099977 -0.70838086479639129 -0.0031508520633614467 0.70582336495867848 -0.00044291578475309833 0.99999182359689032 0.0040195229783241285 1.971099105613764e-13 5.2515858299729191e-14 -2.0559944074285527e-13 -1.2882612134946441e-11 -6.9407618182917828e-12 -7.3689634868082534e-12 
8 0.051297778748946553 0.013432037198902262 0.043344933501667793 0.81871104628552216 -0.48232158727292801 -0.31157360148219987 -0.56715684002263356 -0.76402046537167845 -0.30758063545806136 -0.089695827693412195 0.42853076312415106 -0.89906398190041314 -1.2520181736727322e-13 -6.0489025272346099e-15 4.9268187508499518e-14 -8.3289584454504921e-12 -1.4301417654120768e-12 2.0869306643285412e-12 
9 0.079846047071225973 0.025992876440877197 0.089769451791093816 0.9428000175947292 0.32532471433228549 -0.072745838836288657 -0.31403192397791324 0.93995844994905886 0.13364902952170288 0.11185739826273711 -0.10315979165343302 0.9883551891096195 -4.1924992210191821e-13 1.1368970217444268e-12 -2.5215742589736549e-13 6.8960048485383921e-12 1.0682962256627598e-11 4.6952688138163529e-11 
10 0.054225048887019525 0.013879886434591529 0.04639613111992677 0.99987113485230239 -0.0019273539465121516 0.015937345950125161 0.0017633018100599797 0.99994538632666718 0.010301219866551234 -0.015956329649883333 -0.010271790047370256 0.99981992672347109 2.2620798440826885e-13 5.1509468530863322e-14 -7.5933625391909703e-14 -1.1907398966512222e-11 -6.9580387786284219e-12 -8.0556146374621529e-12 
1 0.051296215921961506 0.017908175538920625 0.021903828027305762 1 0 0 0 1 0 0 0 1 0 0 0 0 0 0 
2 0.031977001302338146 0.023348481053765441 0.033459363462842298 0.1885915980474214 0.072683406839215967 0.97936220649776196 0.98205560389719193 -0.013958153773017457 -0.18807434912121987 2.0384457904976117e-07 0.9972573851887454 -0.07401153752263652 -3.4800337661081306e-15 -3.3160648335680951e-13 -2.2648425307014469e-14 -1.9860496422042309e-12 -2.9546717535554921e-13 2.0856545208556348e-12 
3 0.030311648920884289 0.02366127269421486 0.033596338645152816 0.18428127207716907 0.07991697088177542 0.9796191558594094 0.98286567469719066 -0.01099415820780647 -0.18399509229144601 -0.0039342424501289108 0.99674089223347462 -0.08057366496542416 -7.1457728483563614e-15 -2.9600845810929268e-13 -3.93063254428561e-21 2.4581686803823302e-11 -8.2494893709283737e-12 3.0839137989976442e-12 
4 0.040726839049523303 0.018584597869843848 0.038434486127549516 0.99936904849665376 -0.017023028062787188 0.031172446526804422 0.017123628139375166 0.99984898934619038 -0.0029630833174693685 -0.031117298504807905 0.0034949991381152271 0.99950962912559638 -1.4663875514904609e-14 -2.2796553206842972e-13 -1.3569605025674493e-13 1.4094844463290343e-11 -2.0724961149090996e-11 5.1109152194051861e-12 
5 0.056761363214573382 0.018693405463596525 0.031420850455458796 0.18461799275458754 0.079135995535994402 0.97961915608148153 0.98281031486305293 -0.015155435849574073 -0.18399510255166029 0.00028591966283370018 0.99674861774408119 -0.080573638835601105 -1.4291542652638954e-14 -2.9600845074049051e-13 -2.9468076609537131e-22 3.5207117861777549e-11 -6.8850405959335816e-12 -4.5998981045495458e-12 
6 0.050962738971182475 0.020119762384511766 0.038485124151641667 0.99999992280346239 5.6190498889867735e-06 -0.00039288865546750475 -5.7072564318511965e-06 0.99999997478202218 -0.00022450697610524171 0.00039288738404374816 0.00022450920109038641 0.99999989761755581 -6.0632590637881173e-13 -3.0334911945948752e-13 6.0629098990850276e-13 3.0976018158788661e-11 -2.1367934721801301e-11 -6.2674791582877635e-12 
7 0.045164119990855539 0.021546132532304071 0.04554939942653434 -0.70583025878518679 0.0025347328530661547 -0.70837646835041035 -0.70838086479579931 -0.0031508520618958469 0.70582336495927911 -0.00044291578427640109 0.99999182359689709 0.0040195229767231106 -1.1979530544099687e-12 -3.1068109149755081e-13 1.2276357376604599e-12 7.5853933493168911e-11 4.1425703701195196e-11 4.3380653633190039e-11 
8 0.051297778748932217 0.013432037198901594 0.04334493350167317 0.8187110462856737 -0.48232158727281277 -0.31157360148198038 -0.56715684002252087 -0.76402046537138857 -0.307580635458989 -0.089695827692742258 0.42853076312479743 -0.89906398190017189 7.4203942742207441e-13 3.3826511881100546e-14 -2.7142700320524472e-13 4.8985111286726384e-11 8.3220868258152757e-12 -1.2617359781555147e-11 
9 0.079846047071177997 0.025992876441006646 0.089769451791065075 0.94280001759653842 0.32532471432715088 -0.072745838835802434 -0.31403192397297552 0.93995844995087285 0.13364902952054653 0.11185739826134961 -0.10315979165309649 0.98835518910981168 2.4846688761848962e-12 -6.6872650552925742e-12 1.4855681599020711e-12 -3.9938772177614562e-11 -6.2495100544498042e-11 -2.7484635707065996e-10 
10 0.054225048887045518 0.013879886434597448 0.046396131119917805 0.99987113485231649 -0.0019273539455874279 0.015937345949346739 0.0017633018091217046 0.99994538632665497 0.010301219867897209 -0.015956329649097826 -0.010271790048732533 0.99981992672346953 -1.3487027373193742e-12 -3.0701072377942749e-13 4.7059493965176571e-13 7.0468356008281652e-11 4.0660352390545346e-11 4.7351888203732531e-11 
1 0.051296215921961506 0.017908175538920625 0.021903828027305762 1 0 0 0 1 0 0 0 1 0 0 0 0 0 0 
2 0.031977001302338159 0.0233484810537633 0.033459363462842152 0.1885915980474083 0.072683406839214246 0.97936220649776462 0.98205560389719448 -0.013958153773003745 -0.1880743491212078 2.0384456683730789e-07 0.99725738518874574 -0.074011537522632259 -1.11924142317136e-15 -1.0899043161047272e-13 -5.7085115088301775e-15 -6.4938843878464373e-13 -9.4968436160168515e-14 6.7084241295671394e-13 
3 0.030311648920884244 0.023661272694212948 0.033596338645152816 0.18428127207714956 0.079916970881723115 0.97961915585941739 0.9828656746971951 -0.010994158207960958 -0.18399509229141373 -0.0039342424499652084 0.99674089223347728 -0.080573664965401359 -1.5031536325806118e-15 -9.7555777738856577e-14 -1.2556232164168948e-21 7.6903946376686045e-12 -2.6048137070237204e-12 1.0326574696554551e-12 
