1 -0.121 -1.218180697837851e-18 -0.080000000000000002 1 0 0 0 1 0 0 0 1 -0 -0 0 -0 0 0 
2 -0.083602230618580478 -5.9312708469894131e-08 -0.033286712968750368 0.99999999999997524 -1.905589676999931e-07 -1.1466746778093839e-07 1.9056103698202986e-07 0.99999999983714893 1.8046208787926262e-05 1.1466402889534713e-07 -1.8046208809776967e-05 0.99999999983716059 -0 -0 -0 0 0 0 
3 0.088998567521878499 1.8044921023693774e-07 -0.0050007167877310328 0.99999999999812039 1.9352654342641935e-06 -1.1823681770430398e-07 -1.9352633002233264e-06 0.99999999983529464 1.8046204196793382e-05 1.1827174188003147e-07 -1.8046203967940089e-05 0.99999999983716026 -0 -0 0 0 0 0 
4 0.27457940158149274 2.0299346248396534e-10 -1.2562251562985963e-08 1 0 0 0 1 0 0 0 1 0 0 -0 0 0 0 
1 -0.121 -1.218180697837851e-18 -0.080000000000000002 1 0 0 0 1 0 0 0 1 0 0 0 0 0 0 
2 -0.083602232443591509 1.1683586686878144e-05 -0.033286712968750361 0.99999995064066027 -0.00031419526203755672 -1.2033397158202188e-07 0.00031419526415796533 0.99999995047783463 1.8046171892885552e-05 1.1466394391616307e-07 -1.8046208810502407e-05 0.99999999983716059 -7.3372923426152398e-07 0.0023485798018771792 2.3779247689969651e-15 -1.1349254869230663e-13 -7.5300876645201242e-14 0.062799999995389169 
3 0.088998563476841722 1.1170224211909526e-05 -0.0050007157960972248 0.99999999676521001 8.0433603710874363e-05 -1.2390332140211655e-07 -8.0433601461797705e-05 0.99999999660238581 1.8046167581814527e-05 1.2535483927291658e-07 -1.8046157557448591e-05 0.99999999983716026 -1.5854331110838984e-06 0.0021979549257662972 1.9832648825031136e-07 9.4460823453714741e-09 -1.4166186105172708e-06 -0.015699677771214362 
4 0.27457939705553081 2.0299346248396633e-10 -1.2562251562985697e-08 1 3.05600497720302e-32 0 -3.05600497720302e-32 1 -9.291883858295323e-37 -2.8396043318542909e-68 9.291883858295323e-37 1 -1.767886055307294e-06 4.0269757068778904e-22 4.0621124930124628e-19 1.5100830954863642e-33 3.2673402116731401e-18 -4.7908995784162921e-29 
1 -0.121 -1.218180697837851e-18 -0.080000000000000002 1 0 0 0 1 0 0 0 1 0 0 0 0 0 0 
2 -0.083602260042243554 4.6912273309728908e-05 -0.033286712968750368 0.99999921096907662 -0.0012562090611494899 -1.3733340943015923e-07 0.0012562090634232771 0.99999921080625309 1.804605053131012e-05 1.1466368885209792e-07 -1.8046208811891843e-05 0.99999999983716059 -5.8921814502516208e-06 0.0046971561192429689 -4.0462651162124716e-15 -4.8835935295699073e-14 2.5895952049381776e-14 0.12559999986995554 
3 0.088998504756191671 4.4139538255750462e-05 -0.0050007128212122935 0.99999995009456777 0.00031592853987148052 -1.4090276045157209e-07 -0.00031592853727730336 0.99999994993174857 1.8046047060954685e-05 1.4660401469523668e-07 -1.8046001645155898e-05 0.99999999983716026 -1.2487971949765266e-05 0.004395906562579429 3.9664949758245275e-07 2.1561244971558095e-08 -2.8332176846616967e-06 -0.031399333444732287 
4 0.27457933171603122 2.0299346248398083e-10 -1.2562251562985697e-08 1 1.5528169451465874e-32 0 -1.5528169451465874e-32 1 -6.3629074220135217e-38 -9.880430465301585e-70 6.3629074220135217e-38 1 -1.3888092015194771e-05 3.0691324395578824e-21 2.3022581581306471e-19 5.2752194852406945e-35 -5.0208105888999923e-18 -1.2873753557547559e-29 
1 -0.121 -1.218180697837851e-18 -0.080000000000000002 1 0 0 0 1 0 0 0 1 0 0 0 0 0 0 
2 -0.083602379785311209 0.00010562664241755269 -0.033286712968750368 0.99999600620636631 -0.0028262291643591582 -1.6566552832644661e-07 0.0028262291668885715 0.99999600604354666 1.804581267739263e-05 1.1466326458213139e-07 -1.8046208814888947e-05 0.99999999983716059 -1.9900057598365726e-05 0.0070457114408382163 1.933488085813352e-15 -2.2648549702353193e-14 -7.3323291882587682e-14 0.18839999861210627 
3 0.088998251603537998 9.9088292898081369e-05 -0.0050007078631360644 0.99999974907095246 0.00070841936980531772 -1.6923488018728278e-07 -0.00070841936663599929 0.99999974890814325 1.8045810607502201e-05 1.8201883947197532e-07 -1.8045686190017497e-05 0.99999999983716004 -4.2024660953903889e-05 0.006593838494345053 5.9496354526811327e-07 3.9014048195295883e-08 -4.2497682811779743e-06 -0.047098857003689369 
4 0.27457905027845608 2.0299346248404343e-10 -1.2562251562985708e-08 1 -6.5550024168631219e-71 4.0657581468206392e-20 6.5550024168631284e-71 1 -1.5266046713187658e-66 -4.0657581468206392e-20 1.5266046713187658e-66 1 -4.6712856316731807e-05 1.039220299650846e-20 -1.6667441701816225e-20 1.4975128593333375e-64 5.0624518889314115e-18 6.4300867124517967e-69 
1 -0.121 -1.218180697837851e-18 -0.080000000000000002 1 0 0 0 1 0 0 0 1 0 0 0 0 0 0 
2 -0.083602702290159939 0.00018782628784692732 -0.033286712968750368 0.9999873784027945 -0.0050242447257473535 -2.0532979141576708e-07 0.0050242447286346324 0.99998737823998074 1.8045404953305685e-05 1.1466266913179376e-07 -1.8046208818595106e-05 0.99999999983716059 -4.7181932303567512e-05 0.0093941995826505014 6.7637176178778061e-31 5.9306726196695081e-14 9.5493057905571277e-14 0.25119998928950887 
3 0.088997571093207259 0.00017601610732657087 -0.00500070092200346 0.99999920883921867 0.001257903371865854 -2.0889914254837369e-07 -0.0012579033678914052 0.99999920867642711 1.804540484524774e-05 2.3159835284307938e-07 -1.8045127793496181e-05 0.99999999983715981 -9.9512194564143746e-05 0.0087917074711101103 7.9325862602949521e-07 6.4473009325322727e-08 -5.6662191292238228e-06 -0.06279795864616193 
4 0.27457829393741523 2.0299346248421127e-10 -1.2562251562986655e-08 1 4.9770696646207734e-71 -2.7105054312137635e-20 -4.9770696646207702e-71 1 1.1591174672861526e-66 2.7105054312137635e-20 -1.1591174672861526e-66 1 -0.00011059395497718551 2.4544687397441717e-20 -2.1925731876582953e-19 -5.0870675987784935e-64 -8.1356713847880001e-18 -2.1843075048324869e-68 
1 -0.121 -1.218180697837851e-18 -0.080000000000000002 1 0 0 0 1 0 0 0 1 0 0 0 0 0 0 
2 -0.083603382418310015 0.00029351012776689681 -0.033286712968750368 0.99996918649029631 -0.0078502273769197276 -2.5632521304782096e-07 0.0078502273802671003 0.99996918632749132 1.8044752633679726e-05 1.1466190359199341e-07 -1.8046208822725069e-05 0.99999999983716059 -9.2162091556202469e-05 0.01174253364371516 9.0394166736319073e-31 8.0199735741359746e-14 1.2785605907339459e-13 0.31399997140699115 
3 0.088996137136981346 0.00027492196811585513 -0.005000691998078041 0.99999807061684753 0.0019643733135510568 -2.5989454457122536e-07 -0.0019643733085415861 0.99999807045408429 1.8044755049772744e-05 2.9534067836210761e-07 -1.8044209704619967e-05 0.9999999998371597 -0.00019426646903210118 0.01098943213734256 9.9151910642310017e-07 1.006064459504455e-07 -7.0824918611023686e-06 -0.078496093495459329 
4 0.27457670037558429 2.0299346248456492e-10 -1.2562251562989568e-08 1 3.391070584929593e-70 -1.2197274440461963e-19 -3.3910705849295833e-70 1 7.8975168375338617e-66 1.2197274440461963e-19 -7.8975168375338617e-66 1 -0.00021588210746976516 4.7913671988980538e-20 -2.81868331311924e-19 -6.268947497049425e-64 -9.7931171987828764e-18 -2.6917883042273567e-68 
1 -0.121 -1.218180697837851e-18 -0.080000000000000002 1 0 0 0 1 0 0 0 1 0 0 0 0 0 0 
2 -0.083604619273164427 0.00042267604025672523 -0.033286712968750368 0.99993610640514219 -0.011304119037887571 -3.1865013653932004e-07 0.011304119041797242 0.99993610624234974 1.8043759650476044e-05 1.1466096980470689e-07 -1.8046208828883347e-05 0.99999999983716059 -0.00015926459444248162 0.014090590294370332 -2.4053643286286704e-30 -1.8954282587912985e-13 -3.4069969068184491e-13 0.37680007245394703 
3 0.088993530490385525 0.00039580388817713629 -0.0050006810918063142 0.99999600172318204 0.0028278149772976262 -3.2221946625508572e-07 -0.0028278149710234076 0.99999600156046231 1.8043765147843288e-05 3.7324260721194422e-07 -1.8042781826844761e-05 0.99999999983715926 -0.00033560275266843697 0.013186897045150055 1.1897239077904063e-06 1.500823606160434e-07 -8.4984831149669758e-06 -0.094192490373195478 
4 0.27457380377202129 2.0299346248520813e-10 -1.2562251562989022e-08 1 2.223424381189758e-70 -8.1315162936413001e-20 -2.2234243811897538e-70 1 5.1781674983312122e-66 8.1315162936413001e-20 -5.1781674983312122e-66 1 -0.00037292720268689217 8.2863111852639357e-20 6.5300043911707076e-19 1.8532664455899138e-63 3.0758071681686321e-17 7.9576371395738989e-68 
1 -0.121 -1.218180697837851e-18 -0.080000000000000002 1 0 0 0 1 0 0 0 1 0 0 0 0 0 0 
2 -0.083606656181764216 0.00057531995939499945 -0.033286712968750368 0.99988163136836439 -0.015385813335163175 -3.9230189565743259e-07 0.01538581333973732 0.99988163120558926 1.8042308596186244e-05 1.1465986715866705e-07 -1.8046208836545577e-05 0.99999999983716059 -0.00025290985743690609 0.01643809616779944 1.3188588028461296e-16 -1.0380585280245214e-14 -1.494637746901617e-14 0.43959988112684201 
3 0.088989238803134196 0.00053865806081936866 -0.0050006682039526497 0.99999259564625165 0.0038482012051854714 -3.9587117365760719e-07 -0.0038482011974170496 0.9999925954835962 1.8042317737909128e-05 4.6529871128636919e-07 -1.8040660754281663e-05 0.99999999983715904 -0.00053282624237108612 0.015383846332048902 1.3878292631408917e-06 2.155633856990979e-07 -9.9139735572629215e-06 -0.10988542931038969 
4 0.27456903486889495 2.0299346248626721e-10 -1.2562251562986592e-08 1 -1.4804602747434029e-70 6.7762635780343919e-20 1.4804602747434051e-70 1 -3.4478668769228264e-66 -6.7762635780343919e-20 3.4478668769228264e-66 1 -0.00059206580786490357 1.3146606651692074e-19 5.9688753940455614e-20 4.683551271002096e-64 7.9607862364897411e-18 2.0110438856708159e-68 
1 -0.121 -1.218180697837851e-18 -0.080000000000000002 1 0 0 0 1 0 0 0 1 0 0 0 0 0 0 
2 -0.0836097806910132 0.00075143545321106986 -0.033286712968750368 0.99979807233777329 -0.020095137457725523 -4.7727648858578227e-07 0.020095137463066275 0.99979807217502159 1.8040260735703885e-05 1.1465859392535054e-07 -1.8046208844673586e-05 0.99999999983716059 -0.00037752137915664816 0.018784849529399798 3.9769644528358729e-16 7.3552275381416621e-15 7.7299278089526524e-15 0.50240002243111748 
3 0.088982656629573775 0.00070347846476846254 -0.0050006533356610474 0.99998737215045463 0.0050254889709463787 -4.8084568396901737e-07 -0.0050254889614547047 0.99998737198789023 1.804027408509732e-05 5.7150081029140361e-07 -1.8037629790553465e-05 0.9999999998371587 -0.00079525065603564622 0.017580091173671396 1.5858027234842807e-06 2.9971713136301467e-07 -1.1328810753518124e-05 -0.12557365551786567 
4 0.27456172098529913 2.0299346248789122e-10 -1.2562251562987295e-08 1 -2.5361532851425191e-70 1.0842021724855018e-19 2.5361532851425256e-70 1 -5.906486689186912e-66 -1.0842021724855018e-19 5.906486689186912e-66 1 -0.00088364576060948454 1.9620971745091529e-19 -2.9226204286265997e-19 -1.9123232028462141e-64 -3.9909493445942197e-18 -8.2112176465775463e-69 
1 -0.121 -1.218180697837851e-18 -0.080000000000000002 1 0 0 0 1 0 0 0 1 0 0 0 0 0 0 
2 -0.083614324541418747 0.00095101293933541825 -0.033286712968750361 0.99967655873447425 -0.02543182880702954 -5.7356816134298304e-07 0.025431828813238969 0.99967655857175342 1.8037456023793882e-05 1.1465715192623168e-07 -1.8046208853482682e-05 0.99999999983716059 -0.00053750974387407283 0.021130351711213222 3.052859111728515e-16 1.1934897514720433e-15 -1.4849232954361469e-15 0.56519978532385429 
3 0.088973085501264093 0.00089025613012178257 -0.0050006364885697872 0.99997977744960909 0.0063596140997065438 -5.7713741915910206e-07 -0.0063596140882631602 0.99997977728716991 1.8037474132853615e-05 6.9183712269319882e-07 -1.8033438997862291e-05 0.99999999983715826 -0.0011321540155323133 0.019775164856016422 1.7835676501481127e-06 4.0519668825568008e-07 -1.2742611576016342e-05 -0.14125403188652688 
4 0.27455108611325973 2.0299346249025264e-10 -1.2562251562992427e-08 1 1.1251086065308363e-71 0 -1.1251086065308363e-71 1 2.6202828698465561e-67 2.9481028084096791e-138 -2.6202828698465561e-67 1 -0.0012579676832679765 2.7932734719061806e-19 -3.4048179676780625e-19 -9.3366708559576134e-65 -2.4237289609221898e-18 -4.0090208798711492e-69 
1 -0.121 -1.218180697837851e-18 -0.080000000000000002 1 0 0 0 1 0 0 0 1 0 0 0 0 0 0 
2 -0.0836206635548635 0.0011740372866140257 -0.033286712968750361 0.99950703984524847 -0.031395498074163752 -6.8116873620164268e-07 0.031395498081343849 0.99950703968256749 1.8033713134007272e-05 1.1465554107647259e-07 -1.8046208863740478e-05 0.99999999983716059 -0.00073729312980548968 0.023474197193766436 -1.49990669932897e-16 7.9936057773011271e-15 -6.6613381477509392e-16 0.62799982533671039 
3 0.088959734237171476 0.0010989768937821973 -0.0050006176651655578 0.99996918454094352 0.0078504756576505772 -6.8473776894296258e-07 -0.0078504756440278701 0.9999691843786721 1.8033736594578526e-05 8.2629007847538712e-07 -1.802780535952923e-05 0.9999999998371577 -0.0015528353300671358 0.021968687839500803 1.9810611509355838e-06 5.3466318669707721e-07 -1.415507689361214e-05 -0.15692402674762373 
4 0.27453625132802756 2.0299346249354665e-10 -1.2562251562996258e-08 1 4.8735347049004382e-71 -2.7105054312137635e-20 -4.873534704900435e-71 1 1.1350050500660988e-66 2.7105054312137635e-20 -1.1350050500660988e-66 1 -0.001725359957850789 3.8310781813158724e-19 -4.1312264999277606e-19 -5.3593183946524682e-65 -8.9797101146212474e-19 -2.3012077514041927e-69 
1 -0.121 -1.218180697837851e-18 -0.080000000000000002 1 0 0 0 1 0 0 0 1 0 0 0 0 0 0 
2 -0.083629217760922359 0.001420489529122325 -0.033286712968750368 0.99927828601259283 -0.037985617055597214 -8.0006739527794758e-07 0.037985617063849841 0.9992782858499627 1.8028829479682055e-05 1.1465376274192762e-07 -1.8046208874972287e-05 0.99999999983716059 -0.00098128351566503422 0.025815833812594891 -1.2864075998453258e-15 2.2898349882893854e-14 1.0880185641326534e-14 0.69080065303560623 
3 0.088941718594566552 0.0013296230035440037 -0.0050005968685318614 0.99995489348838962 0.0094979465137173535 -8.0363650223283197e-07 -0.0094979464976888191 0.99995489332633769 1.802885880313447e-05 9.7483738947891599e-07 -1.802041268770375e-05 0.99999999983715715 -0.0020665764735213151 0.024160143344584176 2.1781987345141795e-06 6.907715073216452e-07 -1.5565800909727635e-05 -0.17258018679534348 
4 0.27451623432632499 2.0299346249799128e-10 -1.2562251563000302e-08 1 2.2210709339354198e-71 -1.3552527156068811e-20 -2.221070933935419e-71 1 5.1726865185486113e-67 1.3552527156068811e-20 -5.1726865185486113e-67 1 -0.0022961283012598575 5.0983715411033833e-19 -3.6823080397565401e-19 2.3269218117767839e-64 6.6596942710806593e-18 9.991439425422412e-69 
1 -0.121 -1.218180697837851e-18 -0.080000000000000002 1 0 0 0 1 0 0 0 1 0 0 0 0 0 0 
2 -0.083640450983772291 0.0016903417579081171 -0.033286712968750382 0.99897789174260243 -0.04520145803666057 -9.3024958448684371e-07 0.04520145804608746 0.99897789158003603 1.8022581278721372e-05 1.1465181717144334e-07 -1.8046208887142341e-05 0.99999999983716059 -0.0012738334823300735 0.028154103865342266 -4.6602918907493432e-16 3.8302694349567901e-15 -4.7184478546569153e-16 0.75359964879090946 
3 0.088918062410519999 0.0015821683374536465 -0.0050005741030996129 0.9999361321622886 0.011301840356772242 -9.3381853862450635e-07 -0.011301840338112887 0.99993613200051779 1.8022617078954556e-05 1.1374476385401463e-06 -1.8010912145343515e-05 0.99999999983715671 -0.0026824951959863344 0.026348447890044691 2.3748069751255871e-06 8.7611501667611315e-07 -1.6973905623678738e-05 -0.18821520990269155 
4 0.2744899509360807 2.0299346250382737e-10 -1.256225156300571e-08 1 -1.9548578255394729e-72 2.7105054312137599e-20 1.9548578255394742e-72 1 -4.5526986848324152e-68 -2.7105054312137599e-20 4.5526986848324152e-68 1 -0.0029803613673507839 6.6177196642902155e-19 -6.4848597129035121e-19 5.5826436607916404e-66 6.712386770791987e-19 2.3971001383981524e-70 
1 -0.121 -1.218180697837851e-18 -0.080000000000000002 1 0 0 0 1 0 0 0 1 0 0 0 0 0 0 
2 -0.083654871075693998 0.0019835588519080396 -0.033286712968750368 0.99859227823335983 -0.053042076237259643 -1.0716966996000894e-06 0.053042076247962366 0.99859227807087259 1.8014723600958321e-05 1.1464970601949703e-07 -1.8046208900480125e-05 0.99999999983716059 -0.0016193814317484636 0.030488586834561408 3.4660111232462236e-16 -1.6958656701149266e-14 -8.3266726846886741e-17 0.81640015914771102 
3 0.088887696956730017 0.0018565800237133462 -0.0050005493743937191 0.99991205684088924 0.013261922299049806 -1.0752654246576047e-06 -0.013261922277536564 0.99991205667947269 1.8014766440075103e-05 1.314081295009518e-06 -1.799892207811419e-05 0.99999999983715604 -0.0034099463760049868 0.028533207900082694 2.5708205689581794e-06 1.0933767932863704e-06 -1.8379114810380558e-05 -0.20382651410072067 
4 0.27445621426315864 2.029934625113184e-10 -1.2562251563013149e-08 1 -2.9963311437285423e-72 1.3552527156068802e-20 2.9963311437285433e-72 1 -6.9782020355422969e-68 -1.3552527156068802e-20 6.9782020355422969e-68 1 -0.0037884614234519553 8.4120731515984416e-19 -8.4957752391415521e-19 -3.1463215825695585e-66 -1.165813170352701e-18 -1.3509814273105681e-70 
1 -0.121 -1.218180697837851e-18 -0.080000000000000002 1 0 0 0 1 0 0 0 1 0 0 0 0 0 0 
2 -0.083673029668975427 0.0023000962794750258 -0.033286712968750368 0.9981066974979208 -0.061506263163152497 -1.2243852428188154e-06 0.061506263175232369 0.99810669733553004 1.8004990447664333e-05 1.1464743025215962e-07 -1.8046208915172542e-05 0.9999999998371607 -0.0020222311401492553 0.032817818418289006 3.0725830558073361e-16 -1.4016565685892601e-14 1.3045120539345589e-15 0.87919963480648922 
3 0.088849461624813983 0.0021528163832079355 -0.0050005226893546353 0.99988175319061179 0.015377894360434428 -1.2279541525010649e-06 -0.015377894335846657 0.999881753029634 1.8005040777705951e-05 1.5046885656776597e-06 -1.7984028389874659e-05 0.99999999983715526 -0.0042579130012144863 0.030713052957772099 2.7660216387458949e-06 1.345102233142127e-06 -1.9780333873463114e-05 -0.219404869030912 
4 0.27441373559754423 2.0299346252075056e-10 -1.2562251563022761e-08 1 3.5334590046160158e-101 0 -3.5334590046160158e-101 1 -1.5172121997462698e-105 -5.3610071091067301e-206 1.5172121997462698e-105 1 -0.0047303389514988864 1.0503458829226965e-18 -1.0540525457029415e-18 4.6266990587812701e-103 -8.9955058200267341e-19 -1.077519113913869e-98 
1 -0.121 -1.218180697837851e-18 -0.080000000000000002 1 0 0 0 1 0 0 0 1 0 0 0 0 0 0 
2 -0.083695521469609985 0.0026398950787022567 -0.033286712968750361 0.99750523908691935 -0.070592478297766742 -1.3882855927147064e-06 0.070592478311324799 0.99750523892464527 1.7993094880109654e-05 1.1464499202272725e-07 -1.8046208930891044e-05 0.99999999983716059 -0.0024867721272310685 0.035140783090703814 1.2488048622087349e-16 2.6090241078691179e-15 -7.2164496600635175e-16 0.94199975876474107 
3 0.088802105877150192 0.0024708222317674027 -0.0050004940570702421 0.99984423786300003 0.01764936288423119 -1.3918540840051854e-06 -0.017649362856351325 0.99984423770255904 1.7993153448165743e-05 1.7092049802536912e-06 -1.7965785458361585e-05 0.9999999998371546 -0.0052356148702712834 0.032887032639779386 2.9602573621904003e-06 1.6339249423993055e-06 -2.1176840000791935e-05 -0.23494393333304558 
4 0.27436112699295634 2.0299346253243203e-10 -1.2562251563034474e-08 1 1.168610557058666e-100 -2.7105054312137629e-20 -1.168610557058666e-100 1 -5.0178315118569448e-105 2.7105054312137629e-20 5.0178315118569479e-105 1 -0.0058162175610628388 1.2914594407644259e-18 -1.2931384398360489e-18 1.3914528806944283e-103 -2.6969331639706588e-19 -3.2405761775517324e-99 
1 -0.121 -1.218180697837851e-18 -0.080000000000000002 1 0 0 0 1 0 0 0 1 0 0 0 0 0 0 
2 -0.083722985210970005 0.0030028864740590335 -0.033286712968750368 0.99677083415627898 -0.080298842911662893 -1.5633618914555583e-06 0.080298842926799827 0.99677083399414457 1.7978729094152012e-05 1.1464239309816421e-07 -1.8046208947207396e-05 0.99999999983716059 -0.0030173425899827971 0.037456103001241581 -7.1477245104550233e-16 4.6684878185487833e-14 -4.496403249731884e-15 1.0048010779407972 
3 0.08874428661312482 0.0028105332007113716 -0.0050004634881083638 0.99979845946076895 0.02007586753835907 -1.5669304529165918e-06 -0.020075867506973238 0.99979845930097588 1.7978796227345358e-05 1.9275545842171242e-06 -1.7943715282893582e-05 0.99999999983715371 -0.0063521300317832515 0.035053857435847526 3.1533221195093656e-06 1.9624274165756389e-06 -2.2567638155265098e-05 -0.25043507001973719 
4 0.2742968977844209 2.0299346254669378e-10 -1.2562251563048708e-08 1 3.9990858753681852e-101 0 -3.9990858753681852e-101 1 -1.7171451175789026e-105 -6.867010785667231e-206 1.7171451175789026e-105 1 -0.007056133428500564 1.5667759169036901e-18 -1.5574989890894406e-18 -9.6185528034772468e-103 1.8721833970314239e-18 2.2400796685200042e-98 
1 -0.121 -1.218180697837851e-18 -0.080000000000000002 1 0 0 0 1 0 0 0 1 0 0 0 0 0 0 
2 -0.083756101687017553 0.0033889826231180485 -0.033286712968750368 0.99588526700774205 -0.090623037655209029 -1.7495701995449788e-06 0.090623037672025147 0.99588526684577316 1.7961564641100663e-05 1.1463963622232786e-07 -1.8046208964582566e-05 0.9999999998371607 -0.0036180557359699822 0.03976152915336937 -1.0063104782259088e-16 1.0158540675320182e-14 -8.6042284408449632e-16 1.0675996095997775 
3 0.088674573597900069 0.003171867077042285 -0.005000430995846428 0.99974330127215927 0.022656821453399183 -1.7531384973146562e-06 -0.022656821418298063 0.99974330111314014 1.7961641079709534e-05 2.1596421635669033e-06 -1.7917309803439238e-05 0.99999999983715293 -0.0076159157418529272 0.03721142256163347 3.3448864710821974e-06 2.3329671332983958e-06 -2.3951063865269764e-05 -0.2658640668331238 
4 0.27421946176438911 2.0299346256388805e-10 -1.2562251563065851e-08 1 -4.3495976227199946e-101 0 4.3495976227199946e-101 1 1.8676493964008212e-105 -8.1235233746594445e-206 -1.8676493964008212e-105 1 -0.0084593022758715081 1.8783429894019527e-18 -1.8721546935823318e-18 -2.0459762668021197e-103 6.2770017197207277e-19 4.764905834774867e-99 
1 -0.121 -1.218180697837851e-18 -0.080000000000000002 1 0 0 0 1 0 0 0 1 0 0 0 0 0 0 
2 -0.083795594888443112 0.0037980798997321419 -0.033286712968750368 0.99482918271739684 -0.1015622824184548 -1.9468581325040614e-06 0.10156228243704987 0.99482918255562269 1.79412525663344e-05 1.1463672442790066e-07 -1.8046208983011092e-05 0.99999999983716059 -0.004293362412148922 0.04205589098256507 6.9127515915080442e-17 -2.095545958979983e-14 3.1641356201816961e-15 1.1304002195740406 
3 0.088591446327639767 0.0035547268760502708 -0.0050003965960114744 0.9996775830787632 0.025391531777317053 -1.9504260669233179e-06 -0.025391531738296714 0.99967758292065911 1.7941338868969333e-05 2.4053552922663985e-06 -1.7886029972346844e-05 0.99999999983715215 -0.00903636080660585 0.039358632498036158 3.5347727627432016e-06 2.7482428075209576e-06 -2.5326317926688009e-05 -0.28122367436894968 
4 0.27412713303977643 2.0299346258438913e-10 -1.2562251563086259e-08 1 -5.9469642806349097e-101 0 5.9469642806349097e-101 1 2.5535337317476822e-105 -1.518577389209983e-205 -2.5535337317476822e-105 1 -0.010036170941494692 2.2284791157215969e-18 -2.2155161154055566e-18 1.4977974339702723e-103 2.6310761822603754e-19 -3.4882436557246868e-99 
1 -0.121 -1.218180697837851e-18 -0.080000000000000002 1 0 0 0 1 0 0 0 1 0 0 0 0 0 0 
2 -0.083842231046892798 0.004230055171499528 -0.033286712968750368 0.99358209980974166 -0.11311326594621773 -2.1551635928416062e-06 0.11311326596669098 0.99358209964819444 1.7917423646771989e-05 1.1463366163253896e-07 -1.8046209002819252e-05 0.99999999983716059 -0.0050472725754672843 0.044336597969206602 1.110490469205346e-16 -1.7208456881689926e-14 5.5511151231257827e-15 1.1931996309918431 
3 0.088493296664450383 0.0039589973575270996 -0.0050003603072055012 0.99960006415007163 0.028279175138475408 -2.1587315603025698e-06 -0.028279175095338317 0.99960006399304002 1.7917520077776402e-05 2.6645608941488327e-06 -1.7849307071377858e-05 0.99999999983715127 -0.010621638427069729 0.041493062841667115 3.722604825172545e-06 3.2105133980724761e-06 -2.6691508669835547e-05 -0.29649751363791377 
4 0.2740181295128481 2.0299346260859279e-10 -1.2562251563110328e-08 1 5.9183199349357472e-102 0 -5.9183199349357472e-102 1 -2.5412342963525788e-106 -1.5039837595445884e-207 2.5412342963525788e-106 1 -0.011795580298966447 2.6191459429574957e-18 -2.6114676932444298e-18 7.5346484980159027e-104 3.0274642428016191e-19 -1.7547559653411159e-99 
1 -0.121 -1.218180697837851e-18 -0.080000000000000002 1 0 0 0 1 0 0 0 1 0 0 0 0 0 0 
2 -0.083896816857362513 0.0046847601592779091 -0.033286712968750368 0.99212242744721857 -0.12527205973640182 -2.3744132175697788e-06 0.12527205975885175 0.99212242728593414 1.7889688709653815e-05 1.1463045209374798e-07 -1.8046209023380452e-05 0.99999999983716059 -0.0058840407376903317 0.046601566236183521 2.7954149916306347e-16 -4.2466030691912238e-15 2.6090241078691179e-15 1.2559997758633552 
3 0.088378433734947318 0.0043845397470409341 -0.0050003221516888097 0.99950944729221269 0.031318760638961739 -2.3779806230094678e-06 -0.031318760591517864 0.9995094471364272 1.7889796261756205e-05 2.9371003448070646e-06 -1.7806544967934937e-05 0.99999999983715016 -0.012380595507230786 0.043612763336871231 3.9080739481371345e-06 3.7222843075110284e-06 -2.8045153892820775e-05 -0.31167252564950343 
4 0.27389057935108013 2.0299346263691463e-10 -1.2562251563138638e-08 1 2.0994327505078669e-101 1.3552527156068802e-20 -2.0994327505078669e-101 1 -9.014636868451654e-106 -1.3552527156068802e-20 9.0146368684516521e-106 1 -0.01374726088055353 3.0525044507452756e-18 -3.0598384037804912e-18 3.2216592308991502e-104 6.1126808098657543e-21 -7.502972109721135e-100 
1 -0.121 -1.218180697837851e-18 -0.080000000000000002 1 0 0 0 1 0 0 0 1 0 0 0 0 0 0 
2 -0.083960201746817703 0.0051620255551463263 -0.033286712968750361 0.99042747744806081 -0.13803409690756607 -2.604521998861802e-06 0.13803409693209043 0.99042747728707869 1.7857638853033404e-05 1.1462710089146425e-07 -1.8046209044441008e-05 0.99999999983716059 -0.0068077732898060702 0.048848245352051095 5.4047814668333973e-16 3.8108405320258498e-14 -3.8857805861880479e-15 1.3188011441177476 
3 0.088245077682753151 0.0048311955897806843 -0.0050002821548441852 0.99940438168647217 0.034509156162940181 -2.6080892641186918e-06 -0.034509156111008181 0.99940438153212363 1.7857757560561284e-05 3.222791982364448e-06 -1.7757118193552757e-05 0.99999999983714916 -0.01432167084968795 0.045715347096795929 4.0908067943302299e-06 4.285916056605663e-06 -2.9385428788511903e-05 -0.32673266236117893 
4 0.27374251273845446 2.0299346266979198e-10 -1.2562251563171735e-08 1 6.5862454710192024e-102 0 -6.5862454710192024e-102 1 -2.8280311066577296e-106 -1.8626107068125895e-207 2.8280311066577296e-106 1 -0.015900404263897275 3.5305946337015649e-18 -3.5707161418317378e-18 -1.9646710885935354e-103 -4.8504821557194444e-19 4.5755529452376777e-99 
1 -0.121 -1.218180697837851e-18 -0.080000000000000002 1 0 0 0 1 0 0 0 1 0 0 0 0 0 0 
2 -0.084033273297206904 0.0056616510003015151 -0.033286712968750361 0.98847349059863088 -0.15139405000085718 -2.8453910817712401e-06 0.1513940500275528 0.9884734904379946 1.782084593483659e-05 1.146236137433355e-07 -1.804620906640997e-05 0.99999999983716059 -0.0078220957458419831 0.05107317794067287 5.3811728258498539e-17 1.0935696792557792e-14 1.1657341758564144e-15 1.3815996146593756 
3 0.088091372255519287 0.0052987773712432828 -0.0050002403464911149 0.99928346903890797 0.037849022410746752 -2.8489578552143703e-06 -0.03784902235415534 0.99928346888620523 1.7820976754722919e-05 3.5214230368401237e-06 -1.7700377203573203e-05 0.99999999983714805 -0.016451982421927473 0.047797578459327972 4.2703156554819263e-06 4.9032971305678141e-06 -3.0709848713702474e-05 -0.34165593726574112 
4 0.27357187848248687 2.029934627076804e-10 -1.2562251563209793e-08 1 -2.2740085202149459e-102 0 2.2740085202149459e-102 1 9.764238002166969e-107 -2.220396041033425e-208 -9.764238002166969e-107 1 -0.018262460440263546 4.0550798387538348e-18 -4.0630188465326143e-18 -1.0906824009404042e-104 -2.3366869363309741e-19 2.5401071461352536e-100 
1 -0.121 -1.218180697837851e-18 -0.080000000000000002 1 0 0 0 1 0 0 0 1 0 0 0 0 0 0 
2 -0.084116959853773349 0.0061834080602326692 -0.033286712968750361 0.98623565486125708 -0.1653457984673232 -3.0969071798880186e-06 0.16534579849628581 0.98623565470101393 1.7778862903935682e-05 1.1461999741281352e-07 -1.8046209089278982e-05 0.99999999983716059 -0.0089313425059556195 0.053273896590837574 -6.5245917501938538e-16 3.8857805861880479e-16 2.2759572004815709e-15 1.4444002573339625 
3 0.087915377643040554 0.0057870713015808171 -0.0050001967605577116 0.99914526785856517 0.041336832319653308 -3.1004733792073603e-06 -0.041336832258242633 0.99914526770773471 1.7779006343986063e-05 3.832751108540247e-06 -1.7635646307823645e-05 0.99999999983714694 -0.018780594512900053 0.049857148231951122 4.4462288152556565e-06 5.5770199218729529e-06 -3.201667629509344e-05 -0.35642697846376448 
4 0.27337653457255257 2.0299346275105545e-10 -1.2562251563253103e-08 1 -3.1632544532174007e-102 0 3.1632544532174007e-102 1 1.35825213793437e-106 -4.2964971239129516e-208 -1.35825213793437e-106 1 -0.020843445187072887 4.6281770872887505e-18 -4.6013865253282873e-18 8.3039954972510524e-105 2.0357745155372921e-19 -1.9339303802697837e-100 
1 -0.121 -1.218180697837851e-18 -0.080000000000000002 1 0 0 0 1 0 0 0 1 0 0 0 0 0 0 
2 -0.084212228101135975 0.0067270353280464747 -0.033286712968750368 0.98368813383596954 -0.1798823374848828 -3.3589409329678219e-06 0.17988233751620705 0.98368813367617136 1.7731224324734976e-05 1.146162594774741e-07 -1.8046209113226619e-05 0.99999999983716059 -0.010138936829879762 0.055446484069217594 -5.4128813833191832e-16 1.1657341758564144e-15 8.3266726846886741e-16 1.5071996294435421 
3 0.087715077124759705 0.0062958327329863707 -0.005000151435696789 0.99898830007345829 0.044970838384842227 -3.3625068200826507e-06 -0.044970838318465434 0.99898829992474525 1.7731380411003713e-05 4.1565000144831334e-06 -1.7562226824193744e-05 0.99999999983714583 -0.02131407325717247 0.051890390389321361 4.6180020404280399e-06 6.308784509837038e-06 -3.3303131405698107e-05 -0.37102081062698933 
4 0.27315425693790818 2.0299346280041104e-10 -1.2562251563302107e-08 1 -2.1914233966832111e-105 0 2.1914233966832111e-105 1 9.4096303591287641e-110 -2.0620484123135419e-214 -9.4096303591287641e-110 1 -0.023650083401187405 5.2513751785186716e-18 -5.2337653149385724e-18 -2.6125588463785672e-107 1.2532512667227872e-19 6.0844287848261333e-103 
1 -0.121 -1.218180697837851e-18 -0.080000000000000002 1 0 0 0 1 0 0 0 1 0 0 0 0 0 0 
2 -0.08432007997569714 0.0072922329979602588 -0.033286712968750368 0.98080410100583304 -0.1949956805597321 -3.631345152959395e-06 0.19499568059351113 0.98080410084653569 1.7677447005158481e-05 1.1461240828228966e-07 -1.8046209137543983e-05 0.9999999998371607 -0.011448777216788886 0.057587448651862487 -1.0099359111551593e-16 -1.9428902930940239e-15 -5.440092820663267e-15 1.5699997952530469 
3 0.087488385525238313 0.006824781081232678 -0.0050001044159383055 0.99881105893545841 0.048749036247045345 -3.6349102707796213e-06 -0.048749036175570241 0.99881105878912591 1.7677617027147336e-05 4.492355369378654e-06 -1.7479401010055332e-05 0.9999999998371446 -0.024060284320692679 0.053894037122664308 4.7851284369919361e-06 7.1007607046473954e-06 -3.4566740595883862e-05 -0.38541543033929754 
4 0.27290275057942315 2.0299346285625667e-10 -1.2562251563357862e-08 1 -7.4331587356442685e-105 0 7.4331587356442685e-105 1 3.1916824566627729e-109 -2.3724282334145449e-213 -3.1916824566627729e-109 1 -0.02669080951641439 5.9265501766318903e-18 -5.931309547342224e-18 -1.0875510504172258e-107 4.6748087552973366e-20 2.5328144953744808e-103 
1 -0.121 -1.218180697837851e-18 -0.080000000000000002 1 0 0 0 1 0 0 0 1 0 0 0 0 0 0 
2 -0.084441556443136376 0.0078786655268295227 -0.033286712968750368 0.97755576670553135 -0.21067682113949246 -3.9139541352448835e-06 0.21067682117581801 0.97755576654679543 1.7617030489571674e-05 1.1460845344783457e-07 -1.8046209162749302e-05 0.99999999983716059 -0.012864454204942696 0.059692772065536935 1.2027682232448734e-15 -4.6629367034256575e-15 -1.5987211554602254e-14 1.6328012076894975 
3 0.087233138896857312 0.0073736023164802109 -0.0050000557505114323 0.99861201530808041 0.052669183276249962 -3.9175187159459727e-06 -0.052669183199560779 0.99861201516441056 1.7617214062658893e-05 4.8399655356582109e-06 -1.7386429128287788e-05 0.99999999983714338 -0.027026250418198689 0.055864327845809816 4.9470386055796183e-06 7.9548221453087399e-06 -3.5804668368569215e-05 -0.39958535849657933 
4 0.27261963600546651 2.0299346291912069e-10 -1.2562251563421047e-08 1 -1.8792416180764543e-105 0 1.8792416180764543e-105 1 8.0691704799511584e-110 -1.5163920989278173e-214 -8.0691704799511584e-110 1 -0.029972948490806995 6.6553259158599618e-18 -6.7228820091076112e-18 7.4033837496718401e-107 -3.3998595086819016e-19 -1.7241855146749171e-102 
1 -0.121 -1.218180697837851e-18 -0.080000000000000002 1 0 0 0 1 0 0 0 1 0 0 0 0 0 0 
2 -0.084577729195162571 0.0084859518714486461 -0.033286712968750368 0.97391442750813628 -0.22691559636526462 -4.2065812055850516e-06 0.22691559640422665 0.97391442735002687 1.7549457963448421e-05 1.1460440627570989e-07 -1.8046209188638115e-05 0.99999999983716059 -0.014388714835611945 0.061757561347491399 2.6344261827911307e-16 -2.2204460492503131e-15 -3.8857805861880479e-15 1.6955996232033683 
3 0.086947117144402258 0.0079419398267556156 -0.0050000054947905194 0.99838962885204063 0.056728731547244185 -4.2101449949007917e-06 -0.05672873146524339 0.9983896287113333 1.7549656366181314e-05 5.1989348430233643e-06 -1.7282558721067145e-05 0.99999999983714205 -0.030216702442172377 0.05779668338612845 5.1030891104146743e-06 8.8720355498934521e-06 -3.7013530667195753e-05 -0.4134990502667798 
4 0.27230247893950676 2.0299346298954372e-10 -1.2562251563491692e-08 1 1.3804254108407823e-134 0 -1.3804254108407823e-134 1 -1.7146074315875737e-139 -2.366887668179935e-273 1.7146074315875737e-139 1 -0.033500820448537492 7.4386756180066711e-18 -7.4491950541646024e-18 8.0117064975608698e-139 -2.1152368014337386e-20 -6.450201387025982e-134 
1 -0.121 -1.218180697837851e-18 -0.080000000000000002 1 0 0 0 1 0 0 0 1 0 0 0 0 0 0 
2 -0.084729705434429509 0.0091136676131776742 -0.033286712968750361 0.96985050177290755 -0.24370064462472849 -4.5090179564642069e-06 0.24370064466641514 0.96985050161549435 1.7474196900212222e-05 1.1460027798893106e-07 -1.804620921455218e-05 0.99999999983716059 -0.016025523808947367 0.063777715917608988 -2.5136887614614088e-16 1.5543122344752192e-15 1.2934098236883074e-14 1.7584002950867157 
3 0.086628031047706555 0.0085293964062865216 -0.0049999537103197975 0.99814235624209413 0.06092484431754356 -4.5125808562461984e-06 -0.060924844230153818 0.99814235610466728 1.7474410513518262e-05 5.5688238280433439e-06 -1.716702099816197e-05 0.99999999983714072 -0.03363967446937105 0.059687266126909715 5.2526687718124639e-06 9.8546441469389177e-06 -3.819040798864852e-05 -0.42713081480227438 
4 0.27194877332150069 2.0299346306808214e-10 -1.2562251563570161e-08 1 9.4484901594164367e-135 0 -9.4484901594164367e-135 1 -1.1735839776196397e-139 -1.1088596663787965e-273 1.1735839776196397e-139 1 -0.037283072742266582 8.2785073541451881e-18 -8.2472282060850155e-18 -1.3421851457703597e-137 1.8435992099384453e-20 1.0805893215795338e-132 
1 -0.121 -1.218180697837851e-18 -0.080000000000000002 1 0 0 0 1 0 0 0 1 0 0 0 0 0 0 
2 -0.084898622921437461 0.0097613393628130912 -0.033286712968750368 0.96533358290220994 -0.26101929755851361 -4.8210323068159453e-06 0.26101929760301074 0.96533358274556791 1.7390700035775608e-05 1.1459608188180048e-07 -1.8046209241159375e-05 0.99999999983716059 -0.017777274122012399 0.065747795707546422 -1.0819776816930433e-16 8.3266726846886741e-16 9.3813845580825728e-15 1.8211996319757882 
3 0.086273535686522115 0.009135529019244075 -0.0049999004653027684 0.99786866311458144 0.065254357330688531 -4.8245943587017782e-06 -0.065254357237854735 0.99786866298077026 1.739092861738345e-05 5.949145392453547e-06 -1.7039036885939074e-05 0.9999999998371395 -0.037298946296954467 0.061530984880478548 5.3950808239399201e-06 1.0903395520590198e-05 -3.9331593386805058e-05 -0.44044540390431236 
4 0.27155595888669593 2.0299346315530448e-10 -1.2562251563657004e-08 1 -3.645314837673032e-135 0 3.645314837673032e-135 1 4.5277954622291012e-140 -1.6505239980412366e-274 -4.5277954622291012e-140 1 -0.041322785987968853 9.1755028863622835e-18 -9.1608917656275665e-18 -1.0585296179813858e-137 0 8.5221908867858438e-133 
1 -0.121 -1.218180697837851e-18 -0.080000000000000002 1 0 0 0 1 0 0 0 1 0 0 0 0 0 0 
2 -0.085085645478949215 0.010428439865348362 -0.033286712968750375 0.96033249867265458 -0.27885747608176464 -5.1423666312992227e-06 0.27885747612915585 0.96033249851686386 1.7298406449072308e-05 1.1459183270050699e-07 -1.8046209268427663e-05 0.99999999983716059 -0.019647141428081744 0.067662627060654373 -3.5806046386058908e-17 1.4988010832439613e-15 7.2164496600635175e-16 1.88399981768763 
3 0.085881242588285195 0.0097598442184853688 -0.0049998458349998611 0.99756703722562723 0.069713744802609667 -5.145927659565933e-06 -0.069713744704300973 0.99756703709578343 1.729865158303642e-05 6.3393615903514878e-06 -1.6897822720562264e-05 0.99999999983713805 -0.041200401583866932 0.063322997779743331 5.5296023766412875e-06 1.201978276825185e-05 -4.0433465846313223e-05 -0.45340988110805158 
4 0.2711214370465756 2.0299346325178776e-10 -1.2562251563753459e-08 1 -9.4234749998243376e-135 0 9.4234749998243376e-135 1 1.1704768790250942e-139 -1.1029959607365391e-273 -1.1704768790250942e-139 1 -0.045625783599840833 1.0130958715039459e-17 -1.0146111859451554e-17 -1.5276352723208584e-138 0 1.2298946741738092e-133 
1 -0.121 -1.218180697837851e-18 -0.080000000000000002 1 0 0 0 1 0 0 0 1 0 0 0 0 0 0 
2 -0.085291968266971233 0.011114388745343836 -0.033286712968750368 0.95481536148022961 -0.29719963904996177 -5.4727368391901941e-06 0.29719963910032815 0.95481536132537526 1.7196742474372422e-05 1.145875463314466e-07 -1.8046209295448719e-05 0.99999999983716059 -0.021637758649771903 0.069516500237915807 3.0957021054102978e-16 -1.0547118733938987e-15 -2.7033930649622562e-14 1.9468012625140489 
3 0.085448705599357869 0.010401798843086098 -0.0049997899020909758 0.99723599986179634 0.074299128862009498 -5.4762966751708325e-06 -0.074299128758221519 0.99723599973628718 1.7197003266624575e-05 6.7388825514638292e-06 -1.6742586675432197e-05 0.99999999983713661 -0.04534845941382272 0.065057961260017047 5.6554719341443661e-06 1.3204791846613186e-05 -4.1492094653415926e-05 -0.46598752942650412 
4 0.27064255250469804 2.0299346335812144e-10 -1.256225156386028e-08 1 -1.4929647232840327e-135 0 1.4929647232840327e-135 1 1.8543909649430104e-140 -2.7685402938365518e-275 -1.8543909649430104e-140 1 -0.050195975694243666 1.1145740780201562e-17 -1.1237752480904987e-17 2.4764074600588047e-137 0 -1.993748377898741e-132 
1 -0.121 -1.218180697837851e-18 -0.080000000000000002 1 0 0 0 1 0 0 0 1 0 0 0 0 0 0 
2 -0.085518804684379959 0.011818544234647742 -0.033286712968750361 0.94874965031460345 -0.31602863951569354 -5.8118297906406778e-06 0.31602863956911315 0.94874965016077561 1.7085123199095348e-05 1.1458324009619913e-07 -1.804620932286705e-05 0.99999999983716059 -0.023750454722417012 0.071302988335072745 1.9710092376019117e-16 -4.6629367034256575e-15 -7.5495165674510645e-15 2.0095996372128333 
3 0.084973455888920843 0.01106079227668237 -0.0049997327567509109 0.99687412326023128 0.079006217099202872 -5.8153885051795959e-06 -0.079006216989959771 0.99687412313943846 1.7085401319778685e-05 7.1470632427135219e-06 -1.6572542615082437e-05 0.99999999983713517 -0.049744073860152831 0.066729860594607004 5.7719443778775305e-06 1.4458217681473395e-05 -4.250328772494906e-05 -0.47813595594424912 
