1 -0.077834160000000263 0.0040000000000000122 -0.17832060000000008 5.5495345766302431e-17 -0.90630777469782231 -0.42261828820139963 -1 -1.1298815334806543e-16 1.1099069153260486e-16 -1.483425866100842e-16 0.42261828820139963 -0.90630777469782231 0 0 0 0 -0 0 
2 -0.077834160000000235 0.0040000000000000122 -0.17832060000000008 2.567360975395647e-16 -0.90630777469782242 -0.42261828820139952 -1 -2.3152113149170122e-16 -1.1099069153260487e-16 2.7466623816136518e-18 0.42261828820139952 -0.90630777469782242 -0 -0 -0 -0 0 0 
3 -0.16235781764028018 0.0039999999999999758 -0.35958215493956464 -7.4946766132674656e-16 -0.90630777469782231 0.42261828820139974 1 -7.7465332029891712e-16 1.1214217597173687e-16 2.2574733421954254e-16 0.42261828820139974 0.90630777469782231 -0 0 -0 0 0 0 
4 -0.37742603720901841 0.0051113412974165134 -0.34756442420312211 0.99999897200246046 -2.0399977604434915e-06 -0.0014338723306962318 2.0873828500644998e-06 0.99999999945182083 3.3045441982865447e-05 0.0014338722624975852 -3.3048401052744677e-05 0.99999897145854011 0 -0 0 0 0 0 
5 -0.33536579472026845 0.0041460926166068 -1.0431915295298912 -0.022940796770444558 0.99791341064080485 -0.060353497883498121 -0.99973682529129482 -0.022898946564639016 0.0013850641548221999 1.4257167166818741e-07 0.060369388844563089 0.99817610514904309 0 0 0 0 0 0 
6 -0.32908842760633472 0.078999868057739175 -1.1681094160873 0.9999982745309729 -0.0014355529013867568 0.0011790347511287053 0.0011811265855497886 0.0014571881086361256 -0.999998240769855 0.0014338323004998044 0.99999790789315335 0.0014588811639999683 0 0 0 0 0 0 
7 -0.25400005212973953 0.0040884277004365572 -1.1680000000000001 6.123233995736766e-17 0 -1 -0.99999999939666639 3.473711597030993e-05 -6.1232339920424133e-17 3.473711597030993e-05 0.99999999939666639 2.127034894232523e-21 0 0 0 0 -0 0 
8 -0.32900000000000001 0.0039999999999999931 -1.2730000000000001 1 0 0 0 1 0 0 0 1 0 0 0 0 0 0 
9 -0.32900000000000001 0.0040000000000000001 -1.4730000000000001 1 0 0 0 1 -3.552713678800501e-17 0 3.552713678800501e-17 1 0 0 0 0 0 0 
10 -0.32900000000000001 0.0040000000000000001 -1.4730000000000001 1 0 0 0 1 -3.552713678800501e-17 0 3.552713678800501e-17 1 0 0 0 0 0 0 
1 -0.077834160000000208 0.0040000000000000105 -0.17832059999999997 6.5921760108608913e-16 -0.90630777469782231 -0.42261828820139963 -1 -6.7561034134176384e-16 -1.1099069153260486e-16 -1.8493355929393197e-16 0.42261828820139963 -0.90630777469782231 1.1099644305950942e-15 3.0363988072259497e-16 2.2199288611901883e-15 2.9490702080751107e-15 2.9490702080751119e-15 1.220891850862927e-14 
2 -0.077834160000000263 0.0039999999999999515 -0.17832060000000002 4.5797684931282718e-16 -0.90630777469782275 -0.42261828820139868 -1 -2.6588551474118744e-16 -5.1347219507912959e-16 3.5299576139390395e-16 0.42261828820139868 -0.90630777469782275 1.3258375286946517e-15 1.43102986618389e-15 3.7177159662457478e-15 6.810169856364951e-15 2.0197031538594461e-14 -2.000159438620165e-15 
3 -0.16235781764027982 0.0039999999999998787 -0.35958215493956525 -1.4574540600695983e-16 -0.90630777469782242 0.42261828820139941 1 8.6829842532258028e-17 5.3107017286193672e-16 -5.1800890599066968e-16 0.42261828820139941 0.90630777469782242 -2.2289604323587361e-15 3.7915264512206977e-15 9.3746716146768268e-15 1.0438218348511747e-14 9.7621494225597893e-15 1.023154042095878e-14 
4 -0.37742603720901846 0.0051113412974164441 -0.34756442420312256 0.99999897200246046 -2.0399977604433843e-06 -0.0014338723306965883 2.087382850064607e-06 0.99999999945182083 3.3045441983006827e-05 0.0014338722624979417 -3.3048401052886057e-05 0.99999897145854011 -2.5440918031084455e-16 -1.0437756391899497e-15 5.7764493357580057e-15 3.0377426312471219e-16 -4.410234002696007e-15 2.9065597074578034e-19 
5 -0.33536579472026828 0.0041460926166066994 -1.0431915295298901 -0.022940796770444114 0.99791341064080485 -0.060353497883498405 -0.99973682529129482 -0.022898946564638565 0.0013850641548223115 1.4257167180024323e-07 0.060369388844563381 0.99817610514904309 2.524455890260089e-15 -1.1650283275869323e-16 1.7493237978138967e-14 2.8583285585995338e-16 -5.3938568754508697e-15 -9.9759026192149384e-16 
6 -0.32908842760633444 0.078999868057739092 -1.1681094160872996 0.9999982745309729 -0.0014355529013870437 0.0011790347511292064 0.0011811265855502901 0.0014571881086361245 -0.999998240769855 0.0014338323005000906 0.99999790789315335 0.0014588811639999683 6.1018636603941601e-15 -1.2414018113340079e-16 1.9053314151231222e-14 7.1754578468160414e-19 -5.4616703125086907e-15 -9.9289892971369695e-16 
7 -0.25400005212973953 0.0040884277004364904 -1.1680000000000001 6.123233995736766e-17 0 -1 -0.99999999939666639 3.473711597030993e-05 -6.1232339920424133e-17 3.473711597030993e-05 0.99999999939666639 2.127034894232523e-21 -5.7235231843194929e-15 -2.2371443709368819e-15 -1.9261372718341977e-15 -1.1406048812338577e-14 9.8923443621854052e-15 -1.2281011117871694e-14 
8 -0.32900000000000001 0.0039999999999999957 -1.2730000000000001 1 0 0 0 1 0 0 0 1 0 -1.7639362498668149e-18 0 0 0 0 
9 -0.32900000000000001 0.0039999999999999992 -1.4730000000000001 1 7.0193535964836564e-31 0 -7.0193535964836564e-31 1 -3.5527136788005016e-17 -2.4937753538564983e-47 3.5527136788005016e-17 1 6.9770580985830014e-32 -1.6035755574358178e-17 -4.6449551891608618e-35 -9.2899103783223484e-33 -3.050023152170235e-47 -1.3954116197165997e-29 
10 -0.32900000000000001 0.0040000000000000001 -1.4730000000000001 1 7.0153685351057525e-31 1.1317410013670486e-45 -7.0153685351057525e-31 1 -3.552713678800501e-17 -1.1566645971235454e-45 3.552713678800501e-17 1 0 0 0 2.7505586902808509e-74 1.0141706305155378e-43 -1.3951004932616659e-29 
1 -0.077834160000000277 0.0040000000000000218 -0.17832060000000011 5.5495345766302431e-17 -0.90630777469782231 -0.42261828820139963 -1 -1.1298815334806543e-16 1.1099069153260486e-16 -1.483425866100842e-16 0.42261828820139963 -0.90630777469782231 -7.27270875426599e-14 7.505227165668504e-15 -1.4560771995438337e-13 4.8619032825035059e-14 4.861903282503516e-14 -8.5445882333485463e-13 
2 -0.077834160000000263 0.0040000000000000599 -0.1783206 2.5673609753956465e-16 -0.9063077746978222 -0.42261828820139985 -1 -3.3503275827309679e-16 1.1099069153260485e-16 -2.4218269744785706e-16 0.42261828820139985 -0.9063077746978222 1.0184940975167099e-13 2.047419231236728e-13 4.9557885110134715e-14 1.2539975828701267e-12 2.971828070079096e-12 -3.683014166197877e-13 
3 -0.16235781764028032 0.0040000000000000591 -0.35958215493956441 -1.1519491648732709e-15 -0.9063077746978222 0.42261828820139985 1 -1.2979772637399386e-15 -5.7777245606571336e-17 6.0091289621997093e-16 0.42261828820139985 0.9063077746978222 -6.2272613681666572e-13 4.182609261971738e-13 1.5365840687310322e-12 1.9109155874435396e-12 1.2470343918004307e-12 1.8730792752412628e-12 
4 -0.37742603720901841 0.005111341297416569 -0.347564424203122 0.99999897200246046 -2.0399977604435432e-06 -0.0014338723306961604 2.0873828500644482e-06 0.99999999945182083 3.3045441982795191e-05 0.0014338722624975138 -3.3048401052674421e-05 0.99999897145854011 4.529404102386664e-14 1.3547590512757549e-13 1.3950889687100731e-12 3.3978127476473176e-13 7.8477555274050659e-13 2.3063497529692508e-16 
5 -0.33536579472026845 0.0041460926166068278 -1.0431915295298917 -0.022940796770445224 0.99791341064080485 -0.060353497883498072 -0.99973682529129482 -0.022898946564639686 0.0013850641548221593 1.4257167158817328e-07 0.060369388844563041 0.99817610514904309 -2.7092217236780291e-13 2.512117476446238e-13 -1.864463730801968e-12 3.4163602258071337e-13 5.9089951924803983e-13 -9.8949895257020846e-13 
6 -0.32908842760633472 0.078999868057739189 -1.1681094160872998 0.9999982745309729 -0.0014355529013867117 0.0011790347511282111 0.0011811265855492944 0.0014571881086361265 -0.999998240769855 0.0014338323004997602 0.99999790789315335 0.0014588811639999683 -3.808415647374122e-13 1.9768068076374582e-13 -5.7378666895258081e-13 7.0975642287376799e-16 5.8011061496380288e-13 -9.9082956426946583e-13 
7 -0.25400005212973964 0.0040884277004364748 -1.1680000000000001 6.123233995736766e-17 0 -1 -0.99999999939666639 3.4737115970531975e-05 -6.1232339920424133e-17 3.4737115970531975e-05 0.99999999939666639 2.1270348942461192e-21 -4.1092339320114505e-14 1.6315346790728282e-13 -1.5077364746587934e-14 -8.9885107651886745e-14 7.7422098623981353e-14 -9.4873970428362112e-13 
8 -0.32900000000000001 0.0039999999999999931 -1.2730000000000001 1 0 0 0 1 0 0 0 1 0 -5.816893801628387e-15 0 0 0 0 
9 -0.32900000000000001 0.004000000000000001 -1.4730000000000001 1 -3.4507120223116308e-31 -6.1629758220391547e-33 3.4507120223116308e-31 1 -3.5527136788005004e-17 6.162975822039167e-33 3.5527136788005004e-17 1 -6.2190471045323808e-30 2.4190312984154833e-15 3.5510441729020856e-33 -9.1224459087218949e-30 -4.7731333705351128e-31 1.2397999888752262e-27 
10 -0.32900000000000001 0.0040000000000000001 -1.4730000000000001 1 -3.2851508587441284e-31 -1.18322874790327e-32 3.2851508587441284e-31 1 -3.552713678800501e-17 1.1832287479032712e-32 3.552713678800501e-17 1 0 0 0 -7.1186714217956301e-60 -1.2282510926579934e-30 1.2373636021534553e-27 
1 -0.077834160000000527 0.0040000000000000469 -0.17832060000000063 -3.164356682605893e-15 -0.9063077746978222 -0.42261828820139985 -1 2.6890046387502527e-15 1.7209167057187023e-15 -4.232576526059688e-16 0.42261828820139985 -0.9063077746978222 6.1298722568798113e-14 -6.6406813734733713e-15 1.1904481435186813e-13 -5.0302664675736457e-14 -5.0302664675736507e-14 7.0092128945515118e-13 
2 -0.077834159999999736 0.0040000000000007833 -0.17832060000000044 -9.5070841310000416e-16 -0.90630777469781787 -0.42261828820140923 -1 -1.0672475671539585e-15 4.5382872305443514e-15 -4.5641233407718987e-15 0.42261828820140923 -0.90630777469781787 -6.8565067297153796e-14 -1.6477686261995998e-13 -4.964200121847854e-14 -1.0122316529256005e-12 -2.3465642122408352e-12 2.9729431551933283e-13 
3 -0.16235781764028315 0.0040000000000011277 -0.3595821549395587 -7.5916532216176473e-15 -0.90630777469782042 0.42261828820140379 1 -9.9038712973167286e-15 -3.2755381709543717e-15 7.1542028448944374e-15 0.42261828820140379 0.90630777469782042 5.1752885017091555e-13 -3.3299011432086696e-13 -1.2270612116804412e-12 -1.5417187643144321e-12 -9.6807046005551832e-13 -1.511192587274391e-12 
4 -0.37742603720901824 0.0051113412974170408 -0.34756442420311717 0.99999897200246046 -2.0399977604444215e-06 -0.0014338723306934992 2.0873828500635702e-06 0.99999999945182083 3.3045441981631523e-05 0.0014338722624948526 -3.304840105151074e-05 0.99999897145854011 -3.7316974654699105e-14 -1.1279679963394865e-13 -1.0964085618901736e-12 -2.7687734973960301e-13 -6.4656611850527482e-13 -1.878204504060646e-16 
5 -0.33536579472026939 0.0041460926166077047 -1.0431915295298981 -0.02294079677044833 0.99791341064080485 -0.060353497883496088 -0.99973682529129471 -0.022898946564642853 0.0013850641548211896 1.4257167047469765e-07 0.060369388844561035 0.9981761051490432 2.260832726024822e-13 -1.9895186087505278e-13 1.5556807107683762e-12 -2.7829603688635262e-13 -4.9342117907367954e-13 8.5473349531929605e-13 
6 -0.32908842760633605 0.078999868057739883 -1.168109416087302 0.9999982745309729 -0.0014355529013847566 0.0011790347511249238 0.0011811265855460043 0.0014571881086361334 -0.999998240769855 0.0014338323004978099 0.99999790789315335 0.0014588811639999683 3.1820200840307207e-13 -1.5408594838687582e-13 4.3975551047418957e-13 -6.1305381516065535e-16 -4.8494891857580926e-13 8.5580794485972135e-13 
7 -0.25400005212973986 0.0040884277004370603 -1.1680000000000001 6.123233995736766e-17 0 -1 -0.99999999939666639 3.4737115970531975e-05 -6.1232339920424133e-17 3.4737115970531975e-05 0.99999999939666639 2.1270348942461192e-21 5.9566835075685714e-14 -1.0743603000140825e-13 1.921081542099652e-14 1.0039493602981234e-13 -9.895115617979631e-14 8.4251752142339858e-13 
8 -0.32900000000000001 0.0039999999999999732 -1.2730000000000001 1 0 0 0 1 0 0 0 1 0 4.4394707042909247e-15 0 0 0 0 
9 -0.32900000000000001 0.0040000000000000088 -1.4730000000000001 1 -4.8232506243615509e-30 -4.9303806576313238e-32 4.8232506243615509e-30 1 -3.5527136788004973e-17 4.9303806576313413e-32 3.5527136788004973e-17 1 4.4308362611630059e-30 -2.0949175401401177e-15 1.1769236262312067e-30 7.8825484592147759e-30 -1.1043794989661501e-29 -9.7893513014575641e-28 
10 -0.32900000000000001 0.0040000000000000001 -1.4730000000000001 1 -4.6367726097411272e-30 -1.3367374030989799e-31 4.6367726097411272e-30 1 -3.552713678800501e-17 1.3367374030989816e-31 3.552713678800501e-17 1 0 0 0 1.3388114373316288e-58 -2.8418550687911084e-29 -1.0173421474764402e-27 
1 -0.077834159999996766 0.0039999999999996635 -0.17832059999999317 4.0706127203965321e-14 -0.90630777469782331 -0.42261828820139752 -1 -3.5853836080996852e-14 -1.9430102861765801e-14 2.4571664567923798e-15 0.42261828820139752 -0.90630777469782331 -1.2856437197874352e-13 9.8217930183281308e-15 -2.60489717171608e-13 5.0010487343877419e-14 5.0010487343875955e-14 -1.5204165630057302e-12 
2 -0.077834160000006952 0.0039999999999901616 -0.17832059999999536 1.7764681501814542e-14 -0.9063077746978816 -0.42261828820127267 -1 8.7903117130294329e-15 -6.0885697727061786e-14 5.8896127706857328e-14 0.42261828820127267 -0.9063077746978816 2.7541336394663495e-13 4.1333049473188116e-13 6.2945668935141816e-14 2.5224994924876817e-12 6.3311427250448289e-12 -7.4086277368843155e-13 
3 -0.16235781764024126 0.0039999999999855845 -0.35958215493964274 8.7796463118911039e-14 -0.90630777469784707 0.42261828820134656 1 1.1767689549373753e-13 4.4614780514151091e-14 -9.0167130580825254e-14 0.42261828820134656 0.90630777469784707 -1.1517926318521501e-12 8.6187836838725104e-13 3.180610659427922e-12 3.8485176891969935e-12 2.7690114254217007e-12 3.7723166516559606e-12 
4 -0.37742603720902057 0.0051113412974101158 -0.34756442420318778 0.99999897200246046 -2.0399977604313162e-06 -0.0014338723307338653 2.0873828500766755e-06 0.99999999945182083 3.3045441998980818e-05 0.0014338722625352187 -3.3048401068860122e-05 0.99999897145854011 8.9620121045922343e-14 2.2751181493919457e-13 2.9982925538654041e-12 6.6445658246012204e-13 1.5527880585771474e-12 4.507169022090767e-16 
5 -0.33536579472025529 0.0041460926165949718 -1.0431915295298027 -0.022940796770397325 0.9979134106408043 -0.06035349788352664 -0.99973682529129582 -0.022898946564590884 0.0013850641548355149 1.4257168720632242e-07 0.060369388844591906 0.99817610514904132 -5.2612523342740703e-13 5.16487606021653e-13 -3.2359795143283553e-12 6.6826831143451137e-13 1.1448348418119864e-12 -1.6118646440026952e-12 
6 -0.32908842760631635 0.078999868057729905 -1.1681094160872731 0.99999827453097268 -0.0014355529014148311 0.001179034751176065 0.0011811265855971892 0.0014571881086362464 -0.99999824076985488 0.0014338323005278096 0.99999790789315324 0.0014588811640001904 -7.1200024550349419e-13 4.1932557033395783e-13 -1.1432126997771448e-12 1.1563382492658136e-15 1.1218548223687505e-12 -1.6145211194136219e-12 
7 -0.25400005212973475 0.0040884277004290944 -1.1680000000000006 6.123233995736766e-17 0 -1 -0.99999999939666639 3.4737115965869038e-05 -6.1232339920424133e-17 3.4737115965869038e-05 0.99999999939666639 2.1270348939605967e-21 -2.9524955385961287e-15 4.6420370694531377e-13 -4.7359758232932758e-15 -4.1379032445405149e-14 2.4036569001191594e-14 -1.4379188450372404e-12 
8 -0.32900000000000001 0.0040000000000002646 -1.2730000000000001 1 0 0 0 1 0 0 0 1 0 -1.2747555947065067e-14 0 0 0 0 
9 -0.32900000000000001 0.0039999999999998839 -1.4730000000000001 1 5.7449629008458881e-29 -3.0198581527991858e-31 -5.7449629008458881e-29 1 -3.5527136788005448e-17 3.0198581527991652e-31 3.5527136788005448e-17 1 -1.1502563862262406e-29 4.0688886870296421e-15 1.0042859790077176e-30 -1.4371677799675057e-29 -1.0448003572874706e-29 2.2127495424403337e-27 
10 -0.32900000000000001 0.0040000000000000001 -1.4730000000000001 1 5.849148064364912e-29 -7.843688581182502e-31 -5.849148064364912e-29 1 -3.552713678800501e-17 7.8436885811824809e-31 3.552713678800501e-17 1 0 0 0 1.8289592204681892e-30 -2.6885424747675907e-29 2.1742340042972491e-27 
1 -0.07783415999999406 0.0039999999999993686 -0.17832059999998787 7.1898443728821078e-14 -0.90630777469782431 -0.42261828820139541 -1 -6.3326581642381625e-14 -3.4321918492987264e-14 4.3432500413901549e-15 0.42261828820139541 -0.90630777469782431 4.9701326002854163e-13 -5.1460504485085224e-14 9.8514139771737105e-13 -3.5141358819929585e-13 -3.5141358819929524e-13 5.7860127517522019e-12 
2 -0.077834160000011421 0.0039999999999828601 -0.1783205999999922 3.064408961530561e-14 -0.90630777469792434 -0.42261828820118102 -1 1.5787322047146951e-14 -1.0636610762782704e-13 1.0307244132630184e-13 0.42261828820118102 -0.90630777469792434 -6.2557399773474531e-13 -1.3557666308005688e-12 -3.4931800207715293e-13 -8.3189323094926885e-12 -1.9506582066555208e-11 2.4432858576042385e-12 
3 -0.16235781764021201 0.0039999999999749264 -0.35958215493969969 1.5340094819699931e-13 -0.90630777469786461 0.42261828820130892 1 2.053845607208496e-13 7.7471034503875399e-14 -1.5701187235957206e-13 0.42261828820130892 0.90630777469786461 4.1918031548562992e-12 -2.7546707880768842e-12 -1.014057940516664e-11 -1.2675678893395761e-11 -8.1182955521334411e-12 -1.2424699244120611e-11 
4 -0.37742603720902218 0.0051113412974050504 -0.34756442420323508 0.99999897200246035 -2.0399977604222077e-06 -0.001433872330761846 2.0873828500857832e-06 0.99999999945182083 3.3045442011039857e-05 0.0014338722625631994 -3.3048401080919215e-05 0.99999897145854 -3.0428157077065803e-13 -9.2075953977924018e-13 -9.1503177805501465e-12 -2.2693797134564462e-12 -5.2720700190275801e-12 -1.5398922394342694e-15 
5 -0.33536579472024564 0.004146092616586286 -1.0431915295297334 -0.022940796770359626 0.99791341064080386 -0.060353497883548005 -0.9997368252912967 -0.022898946564552526 0.0013850641548453413 1.4257169883742649e-07 0.060369388844613493 0.99817610514903998 1.8332009052114346e-12 -1.6593266767516418e-12 1.2675888862300034e-11 -2.2815486212604789e-12 -3.9973420019502871e-12 6.7888270450642486e-12 
6 -0.32908842760630241 0.07899986805772316 -1.1681094160872529 0.99999827453097268 -0.0014355529014358737 0.0011790347512137594 0.0011811265856349143 0.0014571881086361674 -0.99999824076985488 0.0014338323005487973 0.99999790789315324 0.0014588811640001904 2.5896001288041106e-12 -1.2971347548837927e-12 3.8171773154338058e-12 -4.8694180101635053e-15 -3.9266279084482999e-12 6.7976957538444935e-12 
7 -0.25400005212973065 0.0040884277004244749 -1.1680000000000008 6.123233995736766e-17 0 -1 -0.99999999939666639 3.4737115961872235e-05 -6.1232339920424133e-17 3.4737115961872235e-05 0.99999999939666639 2.1270348937158633e-21 3.387531582568737e-13 -1.005226930856256e-12 1.1716712266764511e-13 6.5873353382815777e-13 -6.0250687874845602e-13 6.5545644783525461e-12 
8 -0.32900000000000001 0.0040000000000004589 -1.2730000000000001 1 0 0 0 1 0 0 0 1 0 3.7832898229440905e-14 0 0 0 0 
9 -0.32900000000000001 0.0039999999999997919 -1.4730000000000001 1 1.0228490425601511e-28 -5.4234187233944562e-31 -1.0228490425601511e-28 1 -3.5527136788005805e-17 5.4234187233944203e-31 3.5527136788005805e-17 1 4.0228993328011514e-29 -1.6652385104033212e-14 3.1645025233062154e-30 6.3918025135726638e-29 -2.7620508714830943e-29 -8.2778109388068768e-27 
10 -0.32900000000000001 0.0040000000000000001 -1.4730000000000001 1 1.041338832443805e-28 -1.3885850902585148e-30 -1.041338832443805e-28 1 -3.5527136788005047e-17 1.3885850902585111e-30 3.5527136788005047e-17 1 0 0 0 5.1262781644571258e-30 -7.1074737232372635e-29 -8.3712427545644241e-27 
1 -0.077834159999991243 0.0039999999999990841 -0.17832059999998226 1.0490192701963626e-13 -0.90630777469782509 -0.42261828820139385 -1 -9.2422368204740658e-14 -5.0018697131301795e-14 6.2729510481481823e-15 0.42261828820139385 -0.90630777469782509 -2.6075113691077323e-13 2.7706969880251289e-14 -5.1215021718285192e-13 1.9896219050865435e-13 1.9896219050865616e-13 -3.011609617431476e-12 
2 -0.077834160000016916 0.0039999999999749342 -0.17832059999998837 4.4529701487664608e-14 -0.90630777469797197 -0.42261828820107888 -1 2.3363231351706989e-14 -1.5546885106051672e-13 1.5077635728021153e-13 0.42261828820107888 -0.90630777469797197 2.9595459967942813e-13 6.9586907387268259e-13 1.9602251157410332e-13 4.2754362703763254e-12 9.9070745958304321e-12 -1.2557035693983705e-12 
3 -0.16235781764018078 0.0039999999999633523 -0.35958215493976259 2.244389335729691e-13 -0.90630777469788448 0.42261828820126629 1 3.0043442082295015e-13 1.1321591881262851e-13 -2.2957754808438376e-13 0.42261828820126629 0.90630777469788448 -2.182346093337765e-12 1.4066315187255046e-12 5.182195736593031e-12 6.5056909068026704e-12 4.0888140231196263e-12 6.3768776125858063e-12 
4 -0.3774260372090239 0.005111341297399874 -0.34756442420328798 0.99999897200246035 -2.0399977604124147e-06 -0.0014338723307919569 2.087382850095577e-06 0.99999999945182083 3.3045442024005939e-05 0.0014338722625933103 -3.3048401093885359e-05 0.99999897145854 1.5723805642942484e-13 4.8538715824404053e-13 4.6390298830206706e-12 1.1703548452152779e-12 2.7243542157458129e-12 7.9405637859655629e-16 
5 -0.33536579472023514 0.004146092616576739 -1.0431915295296617 -0.022940796770321705 0.99791341064080341 -0.060353497883570771 -0.99973682529129759 -0.022898946564513887 0.0013850641548560623 1.4257171134608379e-07 0.060369388844636503 0.99817610514903865 -9.4826861792211758e-13 8.4674148586400723e-13 -6.6509992049839475e-12 1.1765361163045808e-12 2.0763312985005197e-12 -3.610284372712375e-12 
6 -0.32908842760628765 0.078999868057715653 -1.1681094160872312 0.99999827453097268 -0.0014355529014582757 0.0011790347512517475 0.0011811265856729351 0.0014571881086360866 -0.99999824076985488 0.0014338323005711438 0.99999790789315324 0.0014588811640001904 -1.3490859366325375e-12 6.5742764628141038e-13 -1.9372091063240529e-12 2.5894851480797188e-15 2.040465576621526e-12 -3.614845619505847e-12 
7 -0.25400005212972698 0.004088427700418399 -1.1680000000000013 6.123233995736766e-17 0 -1 -0.99999999939666639 3.4737115958541566e-05 -6.1232339920424133e-17 3.4737115958541566e-05 0.99999999939666639 2.1270348935119186e-21 -2.1043483636954628e-13 4.6998711532313153e-13 -7.1000346379284829e-14 -3.9099271116979168e-13 3.6528004022425468e-13 -3.5176783098335282e-12 
8 -0.32900000000000001 0.0040000000000006784 -1.2730000000000001 1 0 0 0 1 0 0 0 1 0 -1.9020507347591837e-14 0 0 0 0 
9 -0.32900000000000001 0.0039999999999996982 -1.4730000000000001 1 1.4928173192000811e-28 -6.1629758220391547e-31 -1.4928173192000811e-28 1 -3.5527136788006175e-17 6.1629758220391013e-31 3.5527136788006175e-17 1 -2.0253872777647166e-29 8.8094371801337399e-15 -3.1396761801644322e-30 -2.9051374730577077e-29 2.9072032102053899e-29 4.2949796251866819e-27 
10 -0.32900000000000001 0.0040000000000000001 -1.4730000000000001 1 1.5139705373595111e-28 -1.5906714450969095e-30 -1.5139705373595111e-28 1 -3.5527136788005139e-17 1.5906714450969042e-30 3.5527136788005139e-17 1 0 0 0 1.6468470393302348e-29 7.4809883619326078e-29 4.3921601988159812e-27 
1 -0.077834160000000263 0.0040000000000000157 -0.17832060000000005 2.567360975395647e-16 -0.90630777469782231 -0.42261828820139968 -1 -3.3503275827309674e-16 1.1099069153260486e-16 -2.4218269744785701e-16 0.42261828820139968 -0.90630777469782231 -5.6246425187035325e-15 1.6593930804459847e-15 -4.7501620091239142e-15 2.469660174332823e-14 2.4696601743328237e-14 -3.2998493607769571e-14 
2 -0.077834160000000263 0.0040000000000000556 -0.1783206 2.5673609753956465e-16 -0.9063077746978222 -0.42261828820139985 -1 -3.3503275827309679e-16 1.1099069153260485e-16 -2.4218269744785706e-16 0.42261828820139985 -0.9063077746978222 -1.5142251538130823e-14 1.1320221221089471e-14 2.4945515108262397e-14 7.170910168777297e-14 8.755804507674747e-14 -2.1061097893004424e-14 
3 -0.16235781764028032 0.0040000000000000036 -0.35958215493956441 -9.507084131000087e-16 -0.9063077746978222 0.42261828820139991 1 -1.0126412083057981e-15 7.7951697673261962e-17 3.5731246436422217e-16 0.42261828820139991 0.9063077746978222 -5.4774145074290415e-14 1.8131725968731885e-14 6.7180089065690909e-14 1.0240488346739171e-13 1.3732107888931686e-14 1.0037726056379398e-13 
4 -0.37742603720901841 0.0051113412974165412 -0.34756442420312206 0.99999897200246046 -2.0399977604435072e-06 -0.0014338723306962099 2.0873828500644842e-06 0.99999999945182083 3.3045441982844088e-05 0.0014338722624975633 -3.3048401052723318e-05 0.99999897145854011 2.8986304601269094e-15 1.1059912749551902e-14 2.7608584476533055e-14 1.9709592371171589e-14 5.0224471345891938e-14 1.3300681488323351e-17 
5 -0.3353657947202684 0.0041460926166068113 -1.0431915295298915 -0.022940796770445002 0.99791341064080485 -0.060353497883498107 -0.99973682529129482 -0.02289894656463946 0.0013850641548222005 1.4257167164238339e-07 0.060369388844563075 0.99817610514904309 -1.7638295007672255e-14 5.4061011102504876e-15 -1.4024561734793116e-13 1.9653186089170856e-14 4.5290813373860243e-14 -1.4099995804720162e-13 
6 -0.32908842760633472 0.078999868057739175 -1.1681094160872998 0.9999982745309729 -0.0014355529013867446 0.0011790347511283412 0.0011811265855494245 0.0014571881086361262 -0.999998240769855 0.0014338323004997929 0.99999790789315335 0.0014588811639999683 -2.4721453745508604e-14 3.2665716397374736e-16 4.5851297380085486e-14 1.0108055041934582e-16 4.5062573618645399e-14 -1.4105514491172572e-13 
7 -0.25400005212973953 0.004088427700436415 -1.1680000000000004 6.123233995736766e-17 0 -1 -0.99999999939666639 3.4737115970531975e-05 -6.1232339920424133e-17 3.4737115970531975e-05 0.99999999939666639 2.1270348942461192e-21 -5.228379152529422e-14 -3.470771771765197e-14 -1.5021764780479248e-14 -6.9168212356382521e-14 7.7574871775707733e-14 -1.8466749644264634e-13 
8 -0.32900000000000001 0.0039999999999999931 -1.2730000000000001 1 0 0 0 1 0 0 0 1 0 1.2738418671172265e-16 0 0 0 0 
9 -0.32900000000000001 0.004000000000000001 -1.4730000000000001 1 -3.032162882200772e-31 5.5466782398352393e-32 3.032162882200772e-31 1 -3.5527136788005096e-17 -5.5466782398352382e-32 3.5527136788005096e-17 1 7.5499086581143267e-31 3.0040104147033212e-16 -1.9481001151801873e-30 2.6106711181564962e-30 1.9040324958941483e-29 8.9405564928201837e-30 
10 -0.32900000000000001 0.0040000000000000001 -1.4730000000000001 1 -4.3662409898698545e-31 1.4124453726574192e-31 4.3662409898698545e-31 1 -3.5527136788005361e-17 -1.412445372657419e-31 3.5527136788005361e-17 1 0 0 0 1.5194705342592004e-29 5.3139899016453116e-29 7.9257366228337123e-29 
1 -0.077834160000000319 0.0040000000000000356 -0.17832060000000011 -1.4574540600695981e-16 -0.9063077746978222 -0.42261828820140002 -1 -7.8623770098579924e-17 5.1347219507912929e-16 -4.9859168562237396e-16 0.42261828820140002 -0.9063077746978222 -6.5412045551897895e-15 2.1287458759878799e-15 -7.0189043900092807e-15 2.752528168161698e-14 2.7525281681616999e-14 -4.677114386740674e-14 
2 -0.077834160000000416 0.0040000000000001744 -0.17832059999999977 5.5495345766302407e-17 -0.90630777469782187 -0.42261828820140074 -1 -4.8834859669915777e-16 9.1595369862565338e-16 -1.0365210063102096e-15 0.42261828820140074 -0.90630777469782187 -1.6894005950788467e-14 1.2867468388764722e-14 2.7192473576369282e-14 8.0277720555393273e-14 9.7689631594229225e-14 -2.3577717359945827e-14 
3 -0.16235781764028098 0.0040000000000001978 -0.35958215493956369 -2.1581529237395821e-15 -0.9063077746978222 0.42261828820139996 1 -2.5985563201678294e-15 -4.6599704205141535e-16 1.5205341660216426e-15 0.42261828820139996 0.9063077746978222 -6.4325507979516428e-14 2.1097021508837422e-14 7.4511724793582681e-14 1.1792902627460328e-13 1.4041393560336292e-14 1.1559402452293074e-13 
4 -0.37742603720901835 0.00511134129741668 -0.34756442420312167 0.99999897200246046 -2.03999776044368e-06 -0.00143387233069565 2.0873828500643118e-06 0.99999999945182083 3.3045441982616514e-05 0.0014338722624970034 -3.3048401052495744e-05 0.99999897145854011 3.1878051385339171e-15 1.3124516982628774e-14 3.005312443228833e-14 2.315500031134263e-14 5.5233467566262939e-14 1.5688058025770894e-17 
5 -0.33536579472026856 0.0041460926166068763 -1.043191529529893 -0.022940796770446557 0.99791341064080497 -0.060353497883497607 -0.99973682529129482 -0.022898946564641021 0.0013850641548220713 1.4257167143031345e-07 0.060369388844562576 0.9981761051490432 -2.0759868806361721e-14 6.728912255713226e-15 -1.6856541228427955e-13 2.3097427525850344e-14 4.9423416771252567e-14 -1.614781913383705e-13 
6 -0.32908842760633494 0.078999868057739189 -1.1681094160872993 0.9999982745309729 -0.0014355529013862422 0.0011790347511267335 0.0011811265855478162 0.0014571881086361291 -0.999998240769855 0.0014338323004992929 0.99999790789315335 0.0014588811639999683 -2.8545653107432861e-14 8.216219538311564e-16 4.4654327669831041e-14 1.157615406227512e-16 4.9157176476450516e-14 -1.6153849833640052e-13 
7 -0.25400005212974008 0.0040884277004360689 -1.1680000000000004 6.123233995736766e-17 0 -1 -0.99999999939666639 3.4737115971198109e-05 -6.1232339920424133e-17 3.4737115971198109e-05 0.99999999939666639 2.1270348942869083e-21 -5.7570424499816641e-14 -3.9399856779695265e-14 -1.656628096582965e-14 -7.6405010017566659e-14 8.5548320269383515e-14 -2.1312621368992926e-13 
8 -0.32900000000000001 0.0039999999999999949 -1.2730000000000001 1 0 0 0 1 0 0 0 1 0 1.3038286482877511e-16 0 0 0 0 
9 -0.32900000000000001 0.0040000000000000036 -1.4730000000000001 1 -4.6574085468305745e-31 2.4035605705952703e-31 4.6574085468305745e-31 1 -3.5527136788005115e-17 -2.4035605705952703e-31 3.5527136788005115e-17 1 5.4253337807599828e-31 3.481063539178954e-16 -1.5830185115041096e-30 6.0424738047523496e-31 1.5398444159286297e-29 2.0840255322803821e-29 
10 -0.32900000000000001 0.0040000000000000001 -1.4730000000000001 1 -1.3426235494254719e-30 6.9837354768029425e-31 1.3426235494254719e-30 1 -3.5527136788005478e-17 -6.9837354768029416e-31 3.5527136788005478e-17 1 0 0 0 8.142608129410357e-30 5.1920289907310428e-29 9.0830451810799619e-29 
1 -0.07783416000000036 0.0040000000000000504 -0.17832060000000019 -7.4946766132674636e-16 -0.90630777469782209 -0.42261828820140013 -1 3.9982982300096805e-16 9.1595369862565358e-16 -6.6116056295911781e-16 0.42261828820140013 -0.90630777469782209 -3.1920112060677094e-16 4.8734782545281495e-16 -2.047408993808929e-15 6.3940170515243533e-16 6.3940170515244164e-16 -1.2004849028226195e-14 
2 -0.077834160000000513 0.0040000000000002646 -0.17832059999999963 -1.4574540600695971e-16 -0.90630777469782164 -0.42261828820140124 -1 -6.4166443512521949e-16 1.7209167057187014e-15 -1.8308593151725614e-15 0.42261828820140124 -0.90630777469782164 -5.4349131727197033e-16 4.8024081716078502e-16 1.3202549523068615e-16 8.2402336252583807e-16 3.1279102666410278e-15 -2.4201716632883768e-16 
3 -0.1623578176402814 0.0040000000000003505 -0.35958215493956319 -2.9631159308326307e-15 -0.9063077746978222 0.42261828820139996 1 -3.6716157843992306e-15 -8.6247569129789377e-16 2.3333604022472033e-15 0.42261828820139996 0.9063077746978222 -5.2412270864006863e-15 1.3895159349951486e-15 -3.7728353494837097e-16 6.3594358604452313e-15 1.1303397194014812e-15 6.2335186257452375e-15 
4 -0.37742603720901835 0.0051113412974167771 -0.34756442420312156 0.99999897200246046 -2.039997760443796e-06 -0.0014338723306952996 2.0873828500641953e-06 0.99999999945182083 3.3045441982462341e-05 0.001433872262496653 -3.3048401052341571e-05 0.99999897145854011 8.621353882822318e-17 3.7391353798593748e-16 7.0123862076105532e-17 1.9608810292032349e-15 1.492403069530934e-15 1.3811686765502268e-18 
5 -0.33536579472026873 0.0041460926166069232 -1.0431915295298941 -0.022940796770447663 0.99791341064080485 -0.060353497883497288 -0.99973682529129471 -0.022898946564642138 0.0013850641548219806 1.4257167127960935e-07 0.06036938884456225 0.9981761051490432 -3.0025611314205194e-15 9.6364989525629046e-16 -1.1556869408568279e-14 1.952630452518981e-15 1.1045484921404108e-15 -6.1265925155091904e-15 
6 -0.32908842760633511 0.078999868057739189 -1.1681094160872989 0.9999982745309729 -0.0014355529013859306 0.0011790347511256942 0.0011811265855467762 0.0014571881086361308 -0.999998240769855 0.0014338323004989828 0.99999790789315335 0.0014588811639999683 -3.0775652995450687e-15 5.3622984456026701e-16 -3.4513338305977015e-15 4.3865052404032805e-18 1.0883916337393163e-15 -6.1199857832788667e-15 
7 -0.25400005212974042 0.0040884277004358443 -1.1680000000000006 6.123233995736766e-17 0 -1 -0.99999999939666639 3.4737115971642198e-05 -6.1232339920424133e-17 3.4737115971642198e-05 0.99999999939666639 2.1270348943141008e-21 -2.274981117739603e-15 -1.0637999813640676e-15 -3.4926026882775489e-16 1.0750595213590912e-15 1.8613262050086425e-15 -1.083398696466576e-14 
8 -0.32900000000000001 0.0039999999999999957 -1.2730000000000001 1 0 0 0 1 0 0 0 1 0 -5.5239158995638314e-18 0 0 0 0 
9 -0.32900000000000001 0.0040000000000000062 -1.4730000000000001 1 -6.1102676447278045e-31 2.8041539990278154e-31 6.1102676447278045e-31 1 -3.5527136788005102e-17 -2.8041539990278154e-31 3.5527136788005102e-17 1 -5.0339725021373751e-31 2.1618186944506716e-17 1.2211244091843083e-30 -3.5860613968658942e-30 -1.2029657438530484e-29 -3.6967244090746016e-31 
10 -0.32900000000000001 0.0040000000000000001 -1.4730000000000001 1 -1.9056782007029107e-30 9.9922212612737248e-31 1.9056782007029107e-30 1 -3.5527136788005466e-17 -9.9922212612737248e-31 3.5527136788005466e-17 1 0 0 0 -1.3698491713116262e-29 -3.6973022494409968e-30 -2.6349238040252371e-30 
1 -0.077834160000000291 0.0040000000000000322 -0.17832060000000013 -1.4574540600695981e-16 -0.90630777469782231 -0.42261828820139974 -1 1.0905645157696587e-16 1.1099069153260486e-16 -5.4502475772311376e-17 0.42261828820139974 -0.90630777469782231 1.9088153750777706e-14 -5.1126324296262164e-15 1.7469058990325498e-14 -7.9459988050226609e-14 -7.9459988050226609e-14 1.1883507704939294e-13 
2 -0.077834160000000319 0.0040000000000001094 -0.17832059999999991 5.5495345766302419e-17 -0.90630777469782209 -0.42261828820140018 -1 -3.0066837502361136e-16 5.134721950791292e-16 -5.9243179646014684e-16 0.42261828820140018 -0.90630777469782209 4.8381169678937646e-14 -3.7233749074594015e-14 -7.9000200810587579e-14 -2.3803247259579103e-13 -2.7983281503226939e-13 6.9910584638817236e-14 
3 -0.16235781764028062 0.0040000000000001146 -0.35958215493956414 -1.3531899166465334e-15 -0.90630777469782231 0.42261828820139979 1 -1.5887883079884195e-15 -2.0524733939349257e-16 8.574682544648292e-16 0.42261828820139979 0.90630777469782231 1.7981028858766575e-13 -5.9779776868356326e-14 -2.2361383583838995e-13 -3.3690144415633171e-13 -3.4265625320795109e-14 -3.3023077587395392e-13 
4 -0.37742603720901841 0.0051113412974166106 -0.34756442420312195 0.99999897200246046 -2.0399977604435944e-06 -0.0014338723306959705 2.0873828500643969e-06 0.99999999945182083 3.3045441982728079e-05 0.0014338722624973239 -3.3048401052607308e-05 0.99999897145854011 -9.1024280774307607e-15 -4.0137362732438697e-14 -8.8095481841818335e-14 -6.4521779083463857e-14 -1.5771475382836106e-13 -4.3652142452819906e-17 
5 -0.33536579472026851 0.0041460926166068512 -1.0431915295298921 -0.022940796770445665 0.99791341064080485 -0.060353497883497892 -0.99973682529129482 -0.02289894656464013 0.001385064154822125 1.4257167153136109e-07 0.06036938884456286 0.99817610514904309 5.2799235297017098e-14 -1.8268443629631547e-14 4.9233920792491891e-13 -6.4401427764480658e-14 -1.4108848349602603e-13 4.7036858793752204e-13 
6 -0.32908842760633483 0.078999868057739189 -1.1681094160872996 0.9999982745309729 -0.0014355529013865319 0.0011790347511276781 0.001181126585548761 0.0014571881086361273 -0.999998240769855 0.0014338323004995811 0.99999790789315335 0.0014588811639999683 7.6125105390672273e-14 -1.6636983313065155e-15 -1.2891301013224351e-13 -3.3722468777984074e-16 -1.4032561876115436e-13 4.7057325804484071e-13 
7 -0.25400005212973981 0.004088427700436317 -1.1680000000000001 6.123233995736766e-17 0 -1 -0.99999999939666639 3.4737115970754019e-05 -6.1232339920424133e-17 3.4737115970754019e-05 0.99999999939666639 2.1270348942597158e-21 1.6036176680356664e-13 1.1505901392271847e-13 4.7467642110768264e-14 2.3026647439056375e-13 -2.4487918722674509e-13 6.1200851614611711e-13 
8 -0.32900000000000001 0.003999999999999994 -1.2730000000000001 1 0 0 0 1 0 0 0 1 0 -3.7595951955457273e-16 0 0 0 0 
9 -0.32900000000000001 0.0040000000000000018 -1.4730000000000001 1 -2.1154094704586656e-31 -1.355854680848614e-31 2.1154094704586656e-31 1 -3.5527136788005035e-17 1.355854680848614e-31 3.5527136788005035e-17 1 -2.8343208497766372e-30 -9.8891746834009995e-16 8.0752285517560148e-30 -1.0630131788077363e-29 -7.8916303016470052e-29 -9.6032775383013842e-29 
10 -0.32900000000000001 0.0040000000000000001 -1.4730000000000001 1 -6.3770449247849587e-31 3.1890098284714831e-31 6.3770449247849587e-31 1 -3.5527136788005133e-17 -3.1890098284714827e-31 3.5527136788005133e-17 1 0 0 0 -5.8145800653143032e-29 -1.5124237062172535e-28 -2.9253845452605733e-28 
1 -0.077834160000000249 0.0040000000000000252 -0.17832060000000011 5.5495345766302431e-17 -0.90630777469782231 -0.42261828820139963 -1 -1.1298815334806543e-16 1.1099069153260486e-16 -1.483425866100842e-16 0.42261828820139963 -0.90630777469782231 -3.8460645314820861e-17 6.035434355437783e-16 -2.564249034737837e-15 -3.3921830871421582e-16 -3.3921830871421463e-16 -1.4782568714566284e-14 
2 -0.077834160000000208 0.0040000000000000235 -0.17832060000000005 2.567360975395647e-16 -0.90630777469782231 -0.42261828820139963 -1 -2.3152113149170122e-16 -1.1099069153260486e-16 2.7466623816136271e-18 0.42261828820139963 -0.90630777469782231 3.2791743951083744e-16 -3.5435791571643153e-17 -1.4370367387128742e-15 -3.4604576482240657e-15 -1.9122246753956406e-15 1.0163429601408248e-15 
3 -0.16235781764028023 0.0040000000000000036 -0.35958215493956469 -7.4946766132674646e-16 -0.9063077746978222 0.42261828820139985 1 -7.7465332184179977e-16 1.1214217266301445e-16 2.2574733787031395e-16 0.42261828820139985 0.9063077746978222 -4.4218307623558496e-15 1.0024174713686779e-15 -4.6346131796161521e-15 2.8587560713335708e-15 -4.7407646924726286e-16 2.8021525862985308e-15 
4 -0.37742603720901841 0.0051113412974164996 -0.34756442420312211 0.99999897200246046 -2.0399977604434957e-06 -0.0014338723306963333 2.087382850064496e-06 0.99999999945182083 3.3045441982857641e-05 0.0014338722624976867 -3.3048401052736871e-05 0.99999897145854011 -4.7062048482648132e-16 -1.8850322857777359e-16 -2.3209651920608435e-15 1.466141425610271e-15 -2.8258262011633382e-15 1.097820714004273e-18 
5 -0.33536579472026845 0.0041460926166068165 -1.0431915295298912 -0.022940796770444558 0.99791341064080485 -0.060353497883498225 -0.99973682529129482 -0.022898946564639016 0.001385064154822192 1.425716716579959e-07 0.060369388844563193 0.99817610514904309 -2.7622778525388715e-15 8.5855299913335314e-16 -7.9647328138361705e-15 1.4577298974848842e-15 -3.1052185000946971e-15 4.5649918919787733e-16 
6 -0.32908842760633467 0.078999868057739189 -1.1681094160873 0.9999982745309729 -0.0014355529013868604 0.0011790347511287079 0.0011811265855497914 0.0014571881086361254 -0.999998240769855 0.0014338323004999081 0.99999790789315335 0.0014588811639999683 -1.5401020546827485e-15 5.9059740129444447e-16 -7.5396217045277008e-15 -3.3272143850606286e-19 -3.1157158228915397e-15 4.6862349201201979e-16 
7 -0.25400005212973953 0.0040884277004365815 -1.1680000000000001 6.123233995736766e-17 0 -1 -0.99999999939666639 3.473711597030993e-05 -6.1232339920424133e-17 3.473711597030993e-05 0.99999999939666639 2.127034894232523e-21 -7.7695107573153713e-17 -7.7700801596817287e-17 3.1740735079718842e-16 4.1034517667289848e-15 -1.5823433276248406e-15 -6.0944722340339461e-15 
8 -0.32900000000000001 0.0039999999999999931 -1.2730000000000001 1 0 0 0 1 0 0 0 1 0 -1.3163797199643862e-17 0 0 0 0 
