1 0.015036506082326075 0.020006856008321663 0.021903827363685954 1 0 0 0 1 0 0 0 1 0 -0 -0 0 -0 0 
2 0.020036506082326072 0.022006856008321661 0.031903827363685952 6.123233995736766e-17 0 1 1 6.2115141380790625e-10 -6.123233995736766e-17 -6.2115141380790625e-10 1 3.8034554535285271e-26 -0 -0 0 0 0 0 
3 0.020036506082326072 0.022006856008321661 0.011903827363685952 6.123233995736766e-17 0 1 1 -3.2370966445906128e-10 -6.123233995736766e-17 3.2370966445906128e-10 1 -1.9821500221642657e-26 -0 0 0 0 0 0 
4 0.028842220349012959 0.023937265318136274 0.03371719910013276 0.19346704446384744 0.054007508751481963 0.97961915646075559 0.97216013305350446 -0.14508784454382076 -0.18399508979051787 0.13219371546263586 0.98794367570428154 -0.080573663365252152 0 -0 0 0 0 0 
5 0.030448742735585704 0.024211480002396986 0.034006792314676876 -0.973912717814722 -0.11459961188178108 0.19585950841173638 0.22579063398541721 -0.57550220700533317 0.78601259489683373 0.022640841044565138 0.80973090510893553 0.58636443755420486 0 -0 0 0 0 0 
6 0.028842220351632138 0.024083049908249683 0.010259370344790315 0.19599080519992132 -0.043977418898809746 0.97961910501178218 0.97537667186217569 0.11177253917272456 -0.19012429480197268 -0.10113333903393171 0.99276023596530105 0.064800938434311839 -0 -0 0 0 0 0 
7 0.030446390147531914 0.024355352367421226 0.0099552621901646994 -0.97837206530784004 0.075731753592683193 0.19249104738415421 0.20084574200079508 0.57042683110022052 0.79641334637304417 -0.049488278869057836 0.81784957777010403 -0.5733000770938731 -0 0 0 0 0 0 
8 0.05529193465318813 0.01894969412335527 0.012008995410455966 0.18318261096686522 -0.082404753991288673 0.97961910330444113 0.97796940320758885 -0.086189306402162325 -0.19012430105514327 0.10009983730833272 0.99286497570492904 0.064800945898157519 0 -0 0 0 0 0 
9 0.055291934642700998 0.018969398087510386 0.031541710910444852 0.17553161267244358 0.097647128758096516 0.97961915620199613 0.97918504536366424 0.085688093811852217 -0.18399510187787638 -0.10190829156045228 0.99152538486122022 -0.08057363890900622 0 0 0 0 0 0 
10 0.056880585865461616 0.019374902596622858 0.031314392012363718 -0.95710052718331584 -0.23439111769011456 0.17035076992311465 0.12676505325664303 0.18994953589633529 0.97357577778291482 -0.26055556439703897 0.95340441459054814 -0.15208819842773721 -0 -0 -0 -0 0 0 
11 0.056887104779862446 0.019346024693333883 0.012204787261843937 -0.95488077347335809 0.23650064727029452 0.17963894981783071 0.1381533256153987 -0.18171676260112773 0.97359780033192922 0.26289991835739884 0.95448753896030358 0.14084449189505388 0 -0 -0 0 0 0 
12 0.052099721798442133 0.011760765060380495 0.04289139188711457 -0.81327725270272555 0.066595011192565584 0.57805295148504288 0.56259524927958571 0.34360922734908728 0.75194367100774528 -0.14854863083969538 0.93674852728190905 -0.3169156053444302 -0 0 -0 0 0 0 
13 0.052279844857713191 0.012255843978528478 0.0010334798862587427 -0.8255473005701166 -0.0019137307537480501 0.56432968392243521 0.52529218399223254 -0.36808258388848075 0.76719184880618341 0.20625172958805438 0.92979113196060414 0.30487485132321818 -0 -0 -0 0 0 0 
14 0.042403042275236245 0.023403593240402375 0.042116336549485128 -0.72404170090295727 -0.45302198691942636 0.5201294980301806 0.65173187711100489 -0.20241175682393914 0.73094120218852943 -0.22585211026447924 0.86821688538464958 0.44180342260111555 -0 -0 -0 0 0 0 
15 0.042352275309424731 0.023390772898902335 0.0014863678131687545 -0.72548641566422634 0.45108091982291276 0.5198032940049423 0.65254609930957419 0.2107777517470921 0.72784361482690818 0.21875339760226112 0.86723626719606017 -0.44726749032017837 -0 0 -0 0 0 0 
16 0.040952898188771999 0.023869527447990278 0.041468305716737014 0.64034767289928218 -0.25635163905118585 0.72404329633540876 0.75681868819571441 0.049718836768190888 -0.65173116426033828 0.13107376171527224 0.96530403211951243 0.22584905260731006 0 0 0 0 0 0 
17 0.040900192004178534 0.023860096898610253 0.0021275758674646375 0.64966851188870578 0.22715358604265012 0.72548747267494496 0.75422460950720738 -0.072998930483940516 -0.65254608615936194 -0.095268373944427165 0.97111915051458286 -0.21874993126814832 -0 -0 0 0 0 0 
18 0.051798997821229882 0.05103203174156612 0.14810030017149761 -0.74439512960170762 0.66435175779930999 0.067176133665341517 -0.42448695813613285 -0.54847477522955979 0.72040699837606847 0.51544807051495489 0.50775206828318364 0.6902906081908976 -0 0 0 -0 0 0 
19 0.051027046740366427 0.046987560840379208 -0.10503838060005191 -0.73484887659375597 0.67634107138829247 -0.050595293479053796 -0.47561408938972344 -0.56706419540902442 -0.67248006383765757 -0.48351666625141171 -0.47010738500735394 0.73838382973807626 0 0 0 0 0 0 
1 0.015036506082326075 0.020006856008321663 0.021903827363685954 1 0 0 0 1 0 0 0 1 0 0 0 0 0 0 
2 0.020036506082326072 0.022006856008321661 0.031903827363685952 6.123233995736766e-17 0 1 1 6.2115141380790625e-10 -6.123233995736766e-17 -6.2115141380790625e-10 1 3.8034554535285271e-26 3.2708208042734562e-20 9.4129793591122502e-18 1.4180488349303531e-18 -3.1356845237341383e-16 4.7927264765354226e-17 -3.1090755193968546e-16 
3 0.020036506082326072 0.022006856008321661 0.01190382736368595 6.123233995736766e-17 0 1 1 -3.2370966445906128e-10 -6.123233995736766e-17 3.2370966445906128e-10 1 -1.9821500221642657e-26 3.1887910793394772e-20 9.6221638738373308e-18 -2.8845052320430588e-17 -3.1261840640386e-16 -2.9993380293124901e-17 -3.1544134804194543e-16 
4 0.028842220349012959 0.023937265318136274 0.03371719910013276 0.19346704446384735 0.05400750875148224 0.97961915646075559 0.97216013305350457 -0.14508784454381932 -0.18399508979051787 0.13219371546263436 0.98794367570428177 -0.080573663365252152 -1.4193526485450499e-19 -6.2185972059436827e-19 -3.0560071706459359e-19 -3.502966372643874e-14 6.3714060540380581e-15 3.3043895312768914e-15 
5 0.030448742735585704 0.024211480002396986 0.034006792314676876 -0.97391271781472211 -0.11459961188177936 0.19585950841173641 0.22579063398541621 -0.57550220700533239 0.78601259489683462 0.022640841044566248 0.80973090510893619 0.58636443755420364 -7.0000933925878691e-17 3.0325038363499668e-17 3.9718964730831337e-17 -2.8210326071770292e-14 3.2413612075934316e-14 2.2510839656314338e-14 
6 0.028842220351632138 0.024083049908249679 0.010259370344790313 0.19599080519992132 -0.043977418898809767 0.97961910501178218 0.9753766718621758 0.11177253917272448 -0.19012429480197268 -0.10113333903393162 0.99276023596530116 0.064800938434311839 -2.3229533838902269e-19 -5.6784119577506824e-17 -2.7282809688812069e-17 3.367602717851914e-15 -2.3455814856552172e-16 8.9448475685131832e-16 
7 0.030446390147531914 0.024355352367421226 0.0099552621901646994 -0.97837206530784004 0.075731753592683193 0.19249104738415407 0.20084574200079497 0.57042683110022052 0.79641334637304417 -0.049488278869057753 0.81784957777010403 -0.5733000770938731 -4.7716015032526502e-17 -6.3094015173964449e-17 -2.1074545549060306e-17 1.695825858942026e-15 -3.028765782206986e-15 5.2280577906952661e-15 
8 0.05529193465318813 0.01894969412335527 0.012008995410455964 0.18318261096686522 -0.082404753991288729 0.97961910330444113 0.97796940320758874 -0.086189306402162547 -0.19012430105514327 0.100099837308333 0.99286497570492904 0.064800945898157519 8.9280478909082404e-20 4.2602825899623487e-19 -2.7998266383057998e-17 8.3333051612948053e-15 -1.6851958574677965e-15 2.6131217187086203e-16 
9 0.055291934642701004 0.018969398087510386 0.031541710910444845 0.17553161267244352 0.097647128758096571 0.97961915620199613 0.97918504536366413 0.085688093811852661 -0.18399510187787638 -0.10190829156045267 0.99152538486122022 -0.08057363890900622 1.1176479610665524e-16 5.1359142132246209e-19 -1.1069223393892677e-16 -7.4087534133619663e-15 2.0053298236983746e-15 2.5984712971112308e-16 
10 0.056880585865461623 0.019374902596622858 0.031314392012363725 -0.95710052718331584 -0.23439111769011456 0.17035076992311446 0.12676505325664272 0.18994953589633565 0.97357577778291471 -0.26055556439703897 0.95340441459054803 -0.15208819842773763 8.4256618759948453e-17 -1.2164365109969977e-17 7.62610042159631e-17 -6.2348763625271616e-15 5.9050982094239225e-15 2.7909871034576501e-15 
11 0.056887104779862439 0.019346024693333876 0.012204787261843937 -0.95488077347335798 0.23650064727029491 0.1796389498178308 0.13815332561539864 -0.18171676260112801 0.97359780033192922 0.26289991835739929 0.95448753896030347 0.1408444918950541 -5.0314094105419753e-17 -9.4982978369157847e-17 -2.8552622807416345e-17 1.0504787222336275e-14 1.1089931885537912e-14 2.1278447326961923e-15 
12 0.052099721798442147 0.011760765060380528 0.042891391887114563 -0.81327725270272599 0.066595011192567069 0.57805295148504188 0.56259524927958515 0.34360922734908805 0.75194367100774517 -0.14854863083969433 0.93674852728190872 -0.31691560534443169 4.2898497223320016e-16 8.104678253977293e-16 -2.515646182868317e-16 -2.2946298330017183e-14 4.0279392547173319e-14 1.6065407870111027e-14 
13 0.052279844857713191 0.012255843978528481 0.0010334798862587449 -0.82554730057011672 -0.0019137307537480503 0.5643296839224351 0.52529218399223243 -0.36808258388848092 0.76719184880618352 0.20625172958805443 0.92979113196060414 0.3048748513232184 -3.5504277817919187e-18 8.4550359303093748e-17 5.8474411568841343e-17 1.0702225914675775e-14 3.3574695363857917e-15 7.94565204130078e-15 
14 0.042403042275236245 0.023403593240402379 0.042116336549485128 -0.72404170090295772 -0.45302198691942569 0.5201294980301806 0.65173187711100466 -0.20241175682393933 0.73094120218852954 -0.22585211026447871 0.86821688538464992 0.44180342260111521 1.4494730939792321e-18 1.9087247054115605e-18 -4.8643382422316797e-18 -1.8619935438154964e-15 1.074369431460734e-14 3.660897810960448e-15 
15 0.042352275309424731 0.023390772898902335 0.0014863678131687606 -0.72548641566422645 0.45108091982291282 0.51980329400494207 0.65254609930957386 0.21077775174709179 0.72784361482690851 0.21875339760226148 0.86723626719606028 -0.44726749032017815 -4.2616130552344616e-18 4.3307797034472507e-18 1.6251139846414777e-16 6.6588688296082717e-15 3.5667712289094423e-15 6.1726976608369656e-15 
16 0.040952898188772006 0.023869527447990278 0.041468305716737007 0.64034767289928218 -0.25635163905118458 0.72404329633540909 0.75681868819571463 0.049718836768191943 -0.65173116426033784 0.13107376171527063 0.96530403211951266 0.22584905260730978 5.2438301380195113e-19 -7.8623656456526586e-17 2.8253698077087537e-18 -2.4492928507000126e-14 3.246504663429636e-14 -1.4674346844242966e-15 
17 0.040900192004178541 0.023860096898610249 0.0021275758674646436 0.64966851188870567 0.22715358604265024 0.72548747267494496 0.75422460950720738 -0.072998930483940822 -0.65254608615936183 -0.095268373944427026 0.97111915051458286 -0.21874993126814862 -1.4463608446083453e-17 -4.8625366229703099e-17 1.4328897857934061e-16 5.3984559227570291e-15 2.7797260167716615e-15 2.7683562236112038e-15 
18 0.051798997821230049 0.051032031741566189 0.14810030017149758 -0.74439512960169862 0.66435175779932043 0.067176133665336452 -0.42448695813614246 -0.5484747752295509 0.7204069983760697 0.51544807051495978 0.50775206828317954 0.69029060819089694 4.2799997819251521e-15 1.8859007339595264e-15 -1.0361448896234868e-15 -9.4703849760493812e-15 1.6961849152326084e-13 3.5103696472087463e-13 
19 0.051027046740366414 0.046987560840379236 -0.10503838060005191 -0.73484887659375508 0.67634107138829336 -0.050595293479052936 -0.47561408938972449 -0.56706419540902331 -0.67248006383765768 -0.48351666625141188 -0.47010738500735383 0.73838382973807615 -3.8588843836430207e-16 6.5811441322701969e-16 1.9243427240791313e-16 5.5967507540337416e-15 -1.0295413814444436e-14 4.3968513940158366e-14 
1 0.015036506082326075 0.020006856008321663 0.021903827363685954 1 0 0 0 1 0 0 0 1 0 0 0 0 0 0 
2 0.020036506082326072 0.022006856008321661 0.031903827363685952 6.123233995736766e-17 0 1 1 6.2115141380790625e-10 -6.123233995736766e-17 -6.2115141380790625e-10 1 3.8034554535285271e-26 -1.2055750586937724e-19 -3.4591797557128649e-17 -5.1115131510593314e-18 1.4350729885507384e-17 -1.6827769555723277e-16 1.1384687308664179e-15 
3 0.020036506082326072 0.022006856008321658 0.011903827363685957 6.123233995736766e-17 0 1 1 -3.2370966445906128e-10 -6.123233995736766e-17 3.2370966445906128e-10 1 -1.9821500221642657e-26 -1.872030990008608e-16 6.5027032394632106e-17 -1.2196935126406517e-16 -8.8015789957714854e-16 -4.1633552680989225e-15 9.3395503183021923e-16 
4 0.028842220349012959 0.02393726531813627 0.03371719910013276 0.19346704446384727 0.054007508751482497 0.97961915646075559 0.9721601330535049 -0.14508784454381804 -0.18399508979051787 0.13219371546263309 0.98794367570428199 -0.080573663365252152 -5.059360545389095e-19 9.1236411800078771e-17 -1.4358388193460971e-18 1.6376696380459263e-14 -4.0530666868762189e-15 5.8271886346524837e-17 
5 0.030448742735585697 0.024211480002396982 0.034006792314676876 -0.97391271781472222 -0.11459961188177806 0.19585950841173663 0.22579063398541571 -0.57550220700533128 0.7860125948968355 0.022640841044567095 0.80973090510893719 0.58636443755420231 1.5457758641315804e-16 4.7452519626557231e-17 1.7857724501812034e-16 2.4857740030636269e-14 2.1040933396796906e-15 4.6185873611488383e-15 
6 0.028842220351632142 0.024083049908249679 0.010259370344790315 0.19599080519992135 -0.043977418898809684 0.97961910501178218 0.97537667186217569 0.11177253917272464 -0.19012429480197271 -0.10113333903393176 0.99276023596530116 0.064800938434311797 -9.3157191925460333e-17 2.1475726210657039e-18 3.778147501996754e-18 4.4365607448874553e-14 -9.1947865774176081e-15 2.628502136054909e-15 
7 0.030446390147531914 0.024355352367421226 0.0099552621901646994 -0.97837206530784004 0.075731753592683193 0.19249104738415412 0.20084574200079502 0.57042683110022052 0.79641334637304417 -0.049488278869057795 0.81784957777010403 -0.5733000770938731 -6.2345845978187425e-17 1.2935934992537397e-16 5.0775469019169656e-17 3.553938292109409e-14 -3.1449421096447155e-14 1.9215145387099321e-14 
8 0.055291934653188136 0.018949694123355267 0.012008995410455966 0.18318261096686519 -0.082404753991288729 0.97961910330444113 0.97796940320758874 -0.086189306402162602 -0.19012430105514327 0.10009983730833311 0.99286497570492893 0.064800945898157519 -1.8662153520281095e-16 9.3135625576994517e-17 4.4361022734921921e-18 -8.7786339429497904e-15 1.5672004569703324e-15 -4.6793421755912919e-16 
9 0.055291934642701004 0.018969398087510386 0.031541710910444845 0.17553161267244358 0.097647128758096474 0.97961915620199613 0.97918504536366424 0.085688093811852051 -0.18399510187787638 -0.10190829156045206 0.99152538486122033 -0.08057363890900622 -2.0527783172432054e-16 -1.9437539220591816e-16 2.0404111386657866e-16 -2.1174936517747806e-14 3.2227056369427667e-15 1.8755641767466371e-15 
10 0.056880585865461623 0.019374902596622862 0.031314392012363718 -0.95710052718331584 -0.23439111769011456 0.17035076992311454 0.12676505325664297 0.18994953589633506 0.97357577778291482 -0.26055556439703892 0.95340441459054814 -0.15208819842773699 -1.2405791721995102e-16 -1.9678990915440117e-16 3.8548825796932451e-17 -1.6830606400219048e-14 2.2528156810777998e-14 -8.9802527186474568e-16 
11 0.056887104779862446 0.019346024693333876 0.012204787261843937 -0.95488077347335798 0.23650064727029491 0.1796389498178308 0.13815332561539864 -0.18171676260112801 0.97359780033192922 0.26289991835739929 0.95448753896030347 0.1408444918950541 -2.5589469530174831e-16 1.443994029522263e-16 3.4005700025213974e-17 -8.4398319871230165e-15 -1.663455077649242e-14 -3.3293969541757376e-16 
12 0.052099721798442168 0.011760765060380551 0.042891391887114549 -0.81327725270272633 0.066595011192568568 0.57805295148504121 0.56259524927958482 0.34360922734908872 0.75194367100774517 -0.14854863083969339 0.93674852728190827 -0.31691560534443325 2.0328754056085567e-16 -1.5605810778139947e-16 -1.8383346026688384e-16 1.4719477434740395e-14 -8.3609495776833186e-15 3.5966613028900441e-15 
13 0.052279844857713191 0.012255843978528476 0.001033479886258746 -0.82554730057011683 -0.001913730753747684 0.56432968392243499 0.52529218399223243 -0.36808258388848053 0.76719184880618385 0.20625172958805446 0.92979113196060426 0.3048748513232179 3.8522171676103278e-16 8.7479052206986399e-16 2.8637310499132642e-16 1.9521797903092306e-14 -6.0776787488873358e-14 9.9015297037083245e-15 
14 0.042403042275236245 0.023403593240402372 0.042116336549485128 -0.72404170090295794 -0.45302198691942541 0.52012949803018049 0.65173187711100455 -0.20241175682394019 0.73094120218852932 -0.22585211026447802 0.86821688538464981 0.44180342260111566 2.1040812100824992e-16 9.7579644350554497e-17 3.7109119772008658e-16 -1.8691638698224036e-14 2.1155170229524644e-14 -4.1260772144076001e-15 
15 0.042352275309424731 0.023390772898902335 0.0014863678131687606 -0.72548641566422645 0.45108091982291282 0.51980329400494207 0.65254609930957386 0.21077775174709179 0.72784361482690851 0.21875339760226148 0.86723626719606028 -0.44726749032017815 2.0403720496753405e-16 9.9927948927442554e-17 -2.4572353523241818e-16 -1.1834615118014687e-14 -1.9616340697635372e-14 7.5741213970424901e-15 
16 0.040952898188771999 0.023869527447990278 0.041468305716737014 0.64034767289928263 -0.25635163905118274 0.72404329633540931 0.75681868819571452 0.049718836768192998 -0.65173116426033784 0.13107376171526863 0.96530403211951299 0.22584905260730911 -1.2505801399875437e-18 3.9045031139740177e-18 1.8451037752681468e-16 1.4866593927185792e-14 -1.3480524593363506e-14 5.5238128797642256e-15 
17 0.040900192004178534 0.023860096898610249 0.0021275758674646431 0.64966851188870567 0.2271535860426506 0.72548747267494484 0.75422460950720738 -0.072998930483940766 -0.65254608615936194 -0.095268373944427331 0.97111915051458275 -0.21874993126814882 3.3619677928756552e-17 2.243382825701174e-17 -3.0670017415061394e-16 1.7672505760278798e-14 -4.9876358809160168e-14 -3.6832550305708891e-15 
18 0.051798997821230264 0.051032031741566251 0.14810030017149756 -0.74439512960169174 0.66435175779932854 0.067176133665333315 -0.42448695813614939 -0.54847477522954424 0.72040699837607058 0.51544807051496411 0.50775206828317609 0.69029060819089616 -1.1738700727793937e-15 -1.660843392941627e-15 4.9303537846964708e-16 1.3998260700774631e-14 -1.188946620943557e-14 -1.7952073201474159e-15 
19 0.051027046740366379 0.046987560840379194 -0.10503838060005191 -0.73484887659375475 0.6763410713882938 -0.050595293479052374 -0.47561408938972521 -0.56706419540902286 -0.67248006383765746 -0.4835166662514116 -0.47010738500735361 0.73838382973807648 7.4969192432249585e-15 1.946904838628537e-15 7.80864243782092e-16 1.4058424931815439e-14 -1.728152656180439e-13 3.175467695003398e-13 
1 0.015036506082326075 0.020006856008321663 0.021903827363685954 1 0 0 0 1 0 0 0 1 0 0 0 0 0 0 
2 0.020036506022635129 0.022006856008081801 0.031903827363900163 6.123233995736766e-17 0 1 0.99999980163158997 0.00062987044763501514 -6.1232327810805735e-17 -0.00062987044763501514 0.99999980163158997 3.8568441378686595e-20 1.4494788508013341e-16 -7.4136887067530904e-11 6.6290803725120654e-11 -0.025589499581560388 -2.8644621397067027e-15 -4.0901526957015655e-16 
3 0.020036506022635112 0.022006856008100689 0.011903827363452335 6.123233995736766e-17 0 1 0.99999980163177726 -0.00062987015019354687 -6.123232781081721e-17 0.00062987015019354687 0.99999980163177726 -3.856842316564949e-20 -1.8858997527339444e-16 -6.8293669270670708e-11 -7.2296196587126285e-11 0.025589499581553155 8.2496943304422032e-15 -1.4449433403257439e-15 
4 0.028842220348738398 0.023938407130617036 0.033715982840828274 0.19348943405752816 0.053927241739750567 0.97961915635947017 0.97218318774469392 -0.14486887606374518 -0.18404580466447099 0.13199124355298286 0.98798019279050819 -0.080457754622953667 2.3945086658204715e-11 4.6373263764540873e-05 -4.9426351404884396e-05 -0.009016030591760902 -0.0031137063918928202 -0.0013612791415027947 
5 0.030448729784614183 0.024212632873220775 0.034005637428047263 -0.97393911037951608 -0.11440677149611757 0.19584100670950405 0.22566641336849974 -0.57538090322236413 0.78613706571081732 0.022743771687085676 0.80984437198936665 0.58620373080235011 -5.2805620240051383e-07 4.6797717376007399e-05 -4.689562209437969e-05 -0.0067905904876078439 0.0058194647078189847 0.0053000901570026413 
6 0.028842220351678004 0.024084085298266507 0.010260678396478517 0.19601460157823813 -0.043871235784441874 0.97961910487641601 0.97537982264215661 0.11167562967422257 -0.19016507386852405 -0.10105680358432023 0.99277583995966179 0.064681172235112758 3.1589944455392154e-11 4.2048593593057101e-05 5.3154268177396427e-05 0.0040213053453975181 0.0041868152487021387 -0.0014241792139914058 
7 0.030446368364741079 0.024356361658220992 0.0099564320003001951 -0.97838171634196891 0.075686146934031501 0.19245992905023948 0.20079759508480391 0.57037382969733752 0.79646344561728111 -0.049492857423088399 0.81789076383015413 -0.57324092274141158 -8.8596696695273619e-07 4.098740955698901e-05 4.7532787891189064e-05 0.0028249943460224164 -0.00076387700008887806 0.0021390193085791824 
8 0.055291934653307222 0.018949628475663945 0.012007069775962382 0.18323702198637784 -0.082283695450897767 0.97961910313984157 0.97796330991722957 -0.086168478607904275 -0.19016508025958864 0.10005977328227533 0.99287682355735496 0.064681179746171977 3.8563687035850185e-11 -2.6437742124877356e-06 -7.8232860148048333e-05 -0.00070954992059821687 0.005105168240759927 -0.0017365646009869246 
9 0.055291934642821956 0.018969170591919458 0.031543624183963358 0.17559509788143382 0.097532921232902803 0.97961915603758287 0.9791766031513125 0.085675650444252627 -0.18404581701851144 -0.1018800345556814 0.99153770084486981 -0.08045773028244424 3.7964395673036631e-11 -9.2192625024277784e-06 7.7732630290131902e-05 0.0003020717679877493 -0.0048643249440348335 -0.0021266328710808488 
10 0.056880634303346396 0.019374593569167906 0.031316498459877752 -0.95709009788694399 -0.23438340180406433 0.17041996797768327 0.12683931651393998 0.18993994160759983 0.97356797727142708 -0.26055773316682929 0.95340822292492111 -0.15206060681881844 1.9669999819978326e-06 -1.2529223854984032e-05 8.5583023202847559e-05 0.0011115424388140605 -0.00023994284347264217 -0.002848915162842709 
11 0.056887146319979209 0.019345894214762873 0.01220265430012674 -0.95486974828401716 0.23650007888130026 0.17969829298342424 0.13822020581528482 -0.18169393299003872 0.97359256849001863 0.26290480884989176 0.95449202584607806 0.14080495048062691 1.6866543477443886e-06 -5.2751807314042266e-06 -8.6657831596808349e-05 -0.0015713716681163841 0.00043582011269690255 -0.0024118718589125395 
12 0.052102631151141339 0.011766260561263168 0.042889199716102583 -0.81335859006926736 0.066857323971732885 0.5779082126011641 0.56253596814308759 0.34365680871704452 0.75196627741391164 -0.14832763904900748 0.9367123870504519 -0.31712586687369404 0.00011713696487094459 0.00022188983976436229 -8.8390544693328377e-05 -0.0018381041585531649 0.012263501019735012 0.0025825211728711969 
13 0.052280630480490142 0.012258626437626062 0.0010342210763472537 -0.82557856513552019 -0.0020581119983586163 0.56428343672641845 0.52529943458279071 -0.36805449437194332 0.76720036053146734 0.20610807071964951 0.92980194307584429 0.30493902642431414 3.1806852166142596e-05 0.00011289646647014842 3.0035327592969373e-05 -0.0012322511770098139 -0.0062800876883817407 -5.3491687200989059e-05 
14 0.042403309818239053 0.023404004901358702 0.042118467843980288 -0.72406828986123217 -0.4529235865566632 0.52017817751043682 0.65175592590609854 -0.20250964680054201 0.73089264327875403 -0.22569741838070492 0.86824539601046458 0.44182644516021957 1.0854562142167191e-05 1.6708612895504141e-05 8.6588127110524368e-05 0.0045380528796414351 0.0045746121151692964 6.1481759789014178e-05 
15 0.042352442306383645 0.02339109170404912 0.0014842342776755575 -0.72550109705817367 0.45101300054517018 0.51984173698023584 0.6525715697043617 0.21086517807842592 0.72779545415421432 0.21862869112029135 0.86725033872186863 -0.44730117975010103 6.7718334870058574e-06 1.2938047842083506e-05 -8.6679801560225178e-05 -0.004182075934009378 -0.0032192709093576337 -0.00016547403439688677 
16 0.04095309177593115 0.023870009177416468 0.041470652930941404 0.64041874708560542 -0.25609886901867474 0.7240698845198984 0.75679393209405765 0.049780383584680898 -0.65175521306375195 0.13086929634913608 0.965367951973504 0.2256943609742261 7.8632900302442557e-06 1.9559535301904013e-05 9.5337252863251468e-05 -0.0020213178480579762 0.010478882253574443 -0.0019831478579753763 
17 0.040900310071153564 0.023860487621645613 0.0021252788562828376 0.64970216785354484 0.22701039246535079 0.72550215354548164 0.75420475525106845 -0.072976372667056283 -0.65257155637449826 -0.095196009596412695 0.97115432900496623 -0.2186252250126535 4.786196482558435e-06 1.5859198650912799e-05 -9.3317734937042174e-05 -0.0011980727838501446 -0.0059033025960766048 -0.0010647050440196696 
18 0.051833859523099969 0.051034023684124595 0.14809954277795859 -0.74292845351246939 0.66606761034408124 0.066417252367857976 -0.42607477114589842 -0.54708898592676547 0.72052337288292978 0.516253428419164 0.50699859953272897 0.69024257889332685 0.0014085757942209681 7.7814050297941265e-05 -2.9740822329504129e-05 0.0014752406129423302 0.044537494838110966 0.085150503152084098 
19 0.051048340577021588 0.046982865412922611 -0.10504033778705896 -0.73413961690582541 0.677130948622647 -0.050325950629491044 -0.47635429463234624 -0.56643973725058283 -0.67248242359842425 -0.48386527967471249 -0.46972300612263473 0.73840008711025185 0.00086402976276418254 -0.00019110901241132394 -7.9542879131187991e-05 -0.0025591101750468428 -0.020907441132871581 0.039203305785074818 
1 0.015036506082326075 0.020006856008321663 0.021903827363685954 1 0 0 0 1 0 0 0 1 0 0 0 0 0 0 
2 0.020036506082326051 0.022006856008321647 0.031903827363685938 6.123233995736766e-17 0 1 0.99998417972572007 0.0056249709580401749 -6.1231371244954727e-17 -0.0056249709580401749 0.99998417972572007 3.4443013395303606e-19 -4.7182112555679335e-16 -4.2346446580418876e-15 -3.9292825042931342e-15 -0.074999999988092161 -4.4391573750246494e-15 4.1795993749316196e-16 
3 0.020036506082326055 0.022006856008321647 0.011903827363685967 6.123233995736766e-17 0 1 0.99998417972739306 -0.0056249706606124571 -6.1231371245057168e-17 0.0056249706606124571 0.99998417972739306 -3.4443011574084094e-19 7.006853159898231e-19 -4.5376673067903245e-15 4.0060270774461629e-15 0.074999999988097199 4.795209368468889e-15 -1.1366233475251786e-15 
4 0.028842220349013448 0.023947434940765427 0.033706311916995316 0.1936715024320092 0.053269666870695405 0.97961915647725739 0.97234942271407454 -0.14323579627662494 -0.18444540333824291 0.13049118473419632 0.98825393966150543 -0.079537421696830882 9.425505868581761e-15 0.00013518634145745438 -0.00014554341982174986 -0.023793922649409965 -0.0096412224925032045 -0.0041575325001006538 
5 0.030448622854240985 0.024221707587470664 0.033996514618556808 -0.97413423212005557 -0.11299826258863099 0.19568824814950039 0.22474671831500961 -0.57447794443891365 0.78706035598286495 0.023482129769323859 0.81068272709191924 0.58501461996800164 -1.6576131266659623e-06 0.00013541273181355616 -0.00013658176078702668 -0.017783654536573913 0.014532108906468699 0.013810285676981235 
6 0.028842220351632111 0.024092267084251363 0.010271074889646181 0.19620187541456888 -0.043025959204825 0.97961910501904292 0.97540341150469012 0.1109204603073449 -0.19048579031050755 -0.10046396821158268 0.99289748630949382 0.063730469725796254 -2.5450317274260754e-15 0.0001224564354655317 0.00015640583059977259 0.011424144156322385 0.012362251171919719 -0.0041360144190025847 
7 0.030446193643950903 0.024364335061158759 0.0099657229180999743 -0.97845757209008388 0.075339031166150441 0.19221032751266021 0.20042131723912426 0.56996191537277974 0.79685300439963624 -0.049518433090240302 0.81820990302460783 -0.57278309976530328 -2.6495606931546263e-06 0.00011931076372245707 0.00013968525359750347 0.0079873744647322997 -0.0018856837287138789 0.0061054934871471178 
8 0.055291934653188143 0.018949150921340641 0.011991797301751289 0.18366591419070599 -0.081321856695552655 0.97961910331928514 0.97791564167603995 -0.086000924855569538 -0.19048579655534859 0.099738807541654484 0.99297059198526849 0.063730477187873974 -4.4972131293809854e-16 -6.597745358685502e-06 -0.00022932788137791508 -0.0021541807918285948 0.015002540651157394 -0.005019370962031644 
9 0.055291934642701004 0.018967409246609227 0.031558802249928998 0.17609624692549886 0.096625155284864636 0.97961915619537043 0.97911028691034652 0.085574148007075246 -0.18444541539220252 -0.10165214156668173 0.99163533849850227 -0.079537397215827491 -5.5524888882959696e-16 -2.5876883522332052e-05 0.000227958506982225 0.00097207290840269057 -0.014304232956307316 -0.0061683373600772045 
10 0.056881016890643371 0.019372190076205241 0.031333212832668475 -0.95700711670362582 -0.23432418674952829 0.1709665291300754 0.12742679801816448 0.18985979440881195 0.9735068924326532 -0.26057588093576628 0.95343874159340503 -0.15183799360941752 5.723708262896678e-06 -3.5459589553471174e-05 0.00025108258611945052 0.0033536154592121534 -0.00074340244959961329 -0.0082834217880919381 
11 0.056887473976002259 0.01934490707049679 0.01218573399905833 -0.95478226518411058 0.23649715325243967 0.18016637475786396 0.1387487876941568 -0.18150925431387038 0.97355182939164808 0.26294410052956274 0.95452788702159708 0.14048812367878072 4.895990083907899e-06 -1.4188574388970417e-05 -0.00025411755521319274 -0.0046888143665516496 0.0013063268853481069 -0.0069957992259455978 
12 0.052123930320292319 0.01180754406156917 0.042872938262884713 -0.81394908770008378 0.068841949993374923 0.5768428456289556 0.56212465134752188 0.34396950314019203 0.75213087774463594 -0.1466381907267969 0.93645382525279874 -0.31867142041571977 0.00029877868485980632 0.00059261017197614137 -0.00023080049677522423 -0.0037482277986692195 0.0328325465385347 0.0060565465846549654 
13 0.052286661105269958 0.012280429259356946 0.0010399597038435804 -0.82581951179555424 -0.0031903693422498029 0.56392548752580129 0.52536320135726289 -0.36782348406411425 0.76726748349619533 0.20497717091764298 0.92989015809094167 0.30543191268792302 8.7959813941795083e-05 0.00032395100872517618 8.4350787000072035e-05 -0.0038448084309205292 -0.017984336724011635 -0.0003030182220911564 
14 0.042405405009696688 0.023407241084214735 0.04213537217828825 -0.72426641024019001 -0.45216566435019384 0.52056159960232995 0.65195104241149116 -0.20327128849348836 0.73050709892017263 -0.22449500060437574 0.86846243169002124 0.44201244263787015 3.1117385952249002e-05 4.8221720729450226e-05 0.00025385339022596668 0.013014461714193494 0.012813718172974688 -8.033270850085918e-05 
15 0.042353743134581165 0.023393594154913315 0.0014673119146049363 -0.72561645805728781 0.45047858666153201 0.52014401732195759 0.6527728193653306 0.21155936374276568 0.72741341884144095 0.21764283147908589 0.86735902518633234 -0.44757113326663667 1.9218029097767505e-05 3.7229797133592931e-05 -0.00025411529402658429 -0.012274176423307947 -0.0093016859845877538 -0.00046878013091278942 
16 0.040954621400114306 0.023873807903549329 0.041489230677721027 0.64095675152905918 -0.25418557257192614 0.7242680010642456 0.75659817419736253 0.050199338644597524 -0.65195032724960156 0.12935859256552476 0.96585181114699337 0.22449194514177892 2.2875390549674869e-05 5.6747449295484217e-05 0.00027851543810354748 -0.004233460298871684 0.028339446727479109 -0.0054264469894761396 
17 0.040901226267275451 0.023863559363750033 0.0021070666829698151 0.64996480620629282 0.22588709153143668 0.72561751120868401 0.75404881175278826 -0.072787747372353967 -0.65277280375844893 -0.094636885977003343 0.97143037100552232 -0.2176393670746378 1.3487541633465971e-05 4.5763171150659985e-05 -0.00027339458570880865 -0.0037494588140337889 -0.016970594114993857 -0.0030256604509184739 
18 0.052097454569905013 0.051044662801779786 0.1480953376366913 -0.731829729877712 0.67877289511341621 0.060766794604178651 -0.43786218501935587 -0.53666186758535639 0.72129795979877331 0.52220872589146816 0.50125980961887295 0.6899540925769343 0.003804898162835052 9.8480634352463752e-05 -4.1612062839291612e-05 0.0054988230180165023 0.11845732501746425 0.22488738166628361 
19 0.051215276702188665 0.046944999846016661 -0.10505593297017078 -0.72855992308723039 0.68328266861697051 -0.048220672318002013 -0.48212989738199646 -0.56153613353892329 -0.67247894597569513 -0.48657085868509869 -0.46669258136146496 0.73854372516501543 0.0024813315395897807 -0.00057671721859111204 -0.00023515816984235425 -0.0077829963357058133 -0.059854549320335043 0.11214920406291862 
1 0.015036506082326075 0.020006856008321663 0.021903827363685954 1 0 0 0 1 0 0 0 1 0 0 0 0 0 0 
2 0.020036506082324664 0.02200685600832113 0.031903827363685459 6.123233995736766e-17 0 1 0.99987793216132703 0.015624364844329355 -6.1224865457972174e-17 -0.015624364844329355 0.99987793216132703 9.5671641976591887e-19 -9.9265536214620522e-19 -1.1768838230070532e-13 -1.0778557950688605e-13 -0.12499999967582644 7.9450335199737765e-15 9.1962028270220486e-16 
3 0.020036506082324664 0.022006856008321089 0.011903827363686404 6.123233995736766e-17 0 1 0.9998779321659732 -0.015624364546996736 -6.1224865458256669e-17 0.015624364546996736 0.9998779321659732 -9.5671640155954689e-19 3.208542385286866e-16 -1.2645396204767276e-13 9.7589871025840352e-14 0.12499999967582487 -1.2117043479697998e-15 -6.7545795345846926e-17 
4 0.02884222034902937 0.023965362457743868 0.03368681632763678 0.19405168061882086 0.051867653242309769 0.97961915650733711 0.97261588315982372 -0.14038382983610218 -0.18523154198403743 0.12791516358214552 0.9887376430922834 -0.077689021477098816 4.1445270690071312e-13 0.00022287362017353249 -0.00024481330269750159 -0.033681875606156118 -0.017266911639003783 -0.0072420135784307879 
5 0.030448389936614216 0.024239569903503226 0.033978366724508477 -0.97446867076193688 -0.11066632630150867 0.19535550651668818 0.22316696690170709 -0.57290911444074699 0.78865179355315707 0.024643753515975655 0.81211336081463847 0.58297905159533547 -3.0484012553457244e-06 0.00022106169130742438 -0.00022631560262667959 -0.024833632621536247 0.01845346974688555 0.019162842090271467 
6 0.028842220351632288 0.024108490067173867 0.010292010289769671 0.1965687304535455 -0.041317590249682512 0.9796191050320735 0.97544385471488326 0.10947553807470695 -0.19111356012126099 -0.099347976863400744 0.99313038585032354 0.061822457035744321 -1.8272831676666011e-14 0.00020147713221705407 0.00026270425455222549 0.017937332738175195 0.020886819846067883 -0.0067565815137252145 
7 0.030445833410601482 0.024380135285522016 0.0099843982524613177 -0.97860622998252156 0.0747168142600486 0.19169570758424795 0.19969490644116081 0.56917949983315508 0.79759428364998652 -0.049515563016612446 0.81881139136953185 -0.57192317174830321 -4.5896458387474648e-06 0.00019615992928484195 0.0002340824695954752 0.012422125456692015 -0.0020604743528267926 0.0096980114442130651 
8 0.055291934653188247 0.018948424120600504 0.011961216362053736 0.18451055540096256 -0.079386820729019897 0.97961910334587021 0.9778237049637184 -0.085652826967075879 -0.19111356635146298 0.099079043983353099 0.99315725135906163 0.061822464495183041 -1.7949910554699794e-14 -7.1736250917646512e-06 -0.00038230398200544865 -0.0038372803358060681 0.02513482181001761 -0.008130748192605685 
9 0.055291934642701081 0.018964111024047423 0.031589213462068534 0.17708700965407689 0.094797151064815954 0.97961915618355044 0.9789808334009994 0.085356893355247765 -0.18523155398102534 -0.10117667144782699 0.99183047992423345 -0.077688996955831188 -1.3975288854354306e-14 -3.9326737642878605e-05 0.00038034311906239162 0.0018881659632406672 -0.023992683182214571 -0.010062905536852868 
10 0.056881774443897068 0.019367629873624115 0.031366722022961993 -0.95683982937937262 -0.23421520828190384 0.17204876379305215 0.12859488723071016 0.18967854048859759 0.97338862036508123 -0.26061637686717615 0.95350159280809799 -0.15137310402130941 9.3987379882836515e-06 -5.4905044471894487e-05 0.00041924955207015474 0.0058900004114172478 -0.001351775224440225 -0.013583826499942515 
11 0.056888120422759786 0.019343184335645278 0.0121518349981609 -0.95460689905481866 0.23649973788543358 0.18108987342495017 0.1397972756071573 -0.18112024632758431 0.97347428219909937 0.26302545506045566 0.9546011367845505 0.13983661766462979 8.0008607965219049e-06 -1.9420352326159594e-05 -0.00042393863209065001 -0.0080900345044487738 0.0022735383531303035 -0.011414701862629186 
12 0.052159434327312786 0.01188094097913607 0.042844941545596801 -0.81491142840209363 0.072428193405763466 0.57504219033009818 0.56153704386430614 0.34433396252914311 0.75240299748015027 -0.14351136619723193 0.9360492930657851 -0.32127279486948157 0.00039739708079762333 0.0008572962758788159 -0.00032005012115304089 -0.0025201485377885596 0.047649122536510109 0.0066964226474427752 
13 0.052297741744973883 0.012322770364653474 0.0010507483475733954 -0.82626724791017925 -0.0053927648322430761 0.56325247724124783 0.52552139743576809 -0.36731959462606451 0.76740053182213841 0.20275526101212671 0.93007915442246514 0.30633816386584384 0.00013075037190667536 0.00051905490626472214 0.00012932966800353947 -0.0071190665179239271 -0.028684249279300654 -0.00092991805467066433 
14 0.042409468466879728 0.02341357707709334 0.042169235315137825 -0.72461232128335284 -0.45074049668470045 0.52131563231192346 0.65235765557148362 -0.20474095359813471 0.72973326026501228 -0.22218567249403964 0.86885795534607158 0.44240183133686889 4.9755612293996321e-05 7.8057441394431559e-05 0.00042351687801250171 0.021110820511668776 0.019954200068535377 -0.00066705096683272172 
15 0.042356221383184685 0.023398466049580256 0.0014334222526494636 -0.7258423124823421 0.4494303617721398 0.52073533328136046 0.65317146080286625 0.21295429276983685 0.72664813492057378 0.21568490953920666 0.86756142094278377 -0.44812632224496934 2.9921969573654393e-05 5.9744613982733256e-05 -0.00042370717084945297 -0.020523859451866574 -0.01507695749369025 -0.0007145912319902999 
16 0.040957638187612284 0.023881295487929582 0.041526285203803678 0.64192852998522498 -0.25072385575288197 0.72461390446734886 0.75621036139524278 0.050757431123675201 -0.6523569364268319 0.12678190608081416 0.96672707179541295 0.22218262071634273 3.7238020025726532e-05 9.2599071286836662e-05 0.00046236089973819431 -0.0032030700503625337 0.04184356046591093 -0.0081222240804188148 
17 0.040902951826727936 0.0238695649048495 0.0020706287935712215 0.65046879672413127 0.22370016267222273 0.72584335893406216 0.75374460918711639 -0.072361129463868273 -0.65317144079029843 -0.093591712291323181 0.9719681600562512 -0.21568144850043039 2.0651478069928408e-05 7.3861045422653191e-05 -0.00045528682075009859 -0.006976627573669297 -0.027267810067411469 -0.004740103486178442 
18 0.052573101784708837 0.051045041671375274 0.1480942192500326 -0.71175704861722966 0.70057664429416056 0.05093396914853475 -0.45822892042570357 -0.51805160456475297 0.72225258150689853 0.53237971432914766 0.49072894807359602 0.68975136048680397 0.0056051141745396167 -0.00013278648112713528 3.3462794034150225e-05 0.011888826365238641 0.17014099053412945 0.319355861040934 
19 0.051539757870045819 0.046866022687548248 -0.10508754102644433 -0.71761373565490605 0.69504001713253105 -0.044157683179959654 -0.49322413141555349 -0.55196007370995737 -0.67236153460729098 -0.49169145059557784 -0.4607162376284446 0.73890463917660387 0.0039791696917265973 -0.001012439743750931 -0.00039817487449707881 -0.013833913989009922 -0.095457958938104159 0.17868966885001172 
1 0.015036506082326075 0.020006856008321663 0.021903827363685954 1 0 0 0 1 0 0 0 1 0 0 0 0 0 0 
