1 -0.13221311939246777 0.04215394533365132 0.2000000152587891 1 0 0 0 1 0 0 0 1 -0 -0 -0 0 0 0 
2 0.070999977111816409 0.16000001418590637 0.20000001525878908 -1 1.8663993281694103e-13 -1.1568699904293297e-10 -1.8663994032283703e-13 -1 6.4881067532454896e-11 -1.1568699904292086e-10 6.4881067532476493e-11 1 0 0 0 0 0 0 
1 -0.13221311939246777 0.04215394533365132 0.2000000152587891 1 0 3.8022731536445427e-34 0 1 0 -3.8022731536445427e-34 0 1 0 0 0 0 4.8360025470845322e-32 0 
2 0.070999977111816409 0.16000001418590637 0.20000001525878908 -1 1.8663993281694103e-13 -1.1568699947661385e-10 -1.8663994032283693e-13 -1 6.4881066448252723e-11 -1.1568699947660174e-10 6.488106644827432e-11 1 2.566615081240113e-16 9.7176708191129097e-17 3.7915201982119789e-19 4.5375863538419188e-17 -2.380232859164746e-17 -2.4615998703584654e-14 
1 -0.13221311939246777 0.04215394533365132 0.2000000152587891 1 0 4.910129306852571e-33 0 1 0 -4.910129306852571e-33 0 1 0 0 0 0 -2.0920159228042568e-31 0 
2 0.070999977111816409 0.16000001418590637 0.20000001525878908 -1 1.870840220267911e-13 -1.1568699774189036e-10 -1.8708402953268687e-13 -1 6.4881066231412289e-11 -1.1568699774187823e-10 6.4881066231433937e-11 1 6.6482603169149786e-16 2.5171520946699819e-16 -3.3791479595877771e-19 -9.1642172389145173e-19 -8.3177338973184122e-17 -6.3762411644211103e-14 
1 -0.13221311939246777 0.04215394533365132 0.2000000152587891 1 0 4.6915836275265152e-33 0 1 0 -4.6915836275265152e-33 0 1 0 0 0 0 -9.7956749448869552e-32 0 
2 0.070999977111816409 0.16000001418590637 0.20000001525878908 -1 1.870840220267911e-13 -1.1568699817557123e-10 -1.8708402953268694e-13 -1 6.4881066665093158e-11 -1.156869981755591e-10 6.4881066665114806e-11 1 5.9867774562478236e-17 2.2667026704679436e-17 -7.6440583476360533e-19 -6.5946037466029384e-17 -1.9457374528481934e-17 -5.7418234303540826e-15 
1 -0.13221311939246777 0.04215394533365132 0.2000000152587891 1 0 3.743581560862287e-32 0 1 0 -3.743581560862287e-32 0 1 0 0 0 0 -5.7063577099087272e-30 0 
2 0.07099997711181634 0.16000001418590634 0.20000001525878908 -1 1.9285718175484191e-13 -1.1568699080299634e-10 -1.9285718926073695e-13 -1 6.4881063846167444e-11 -1.1568699080298383e-10 6.4881063846189752e-11 1 9.3510151708488801e-15 3.5404641669500456e-15 -1.3330944638929518e-17 -7.839523288119897e-16 -1.3063225880172173e-15 -8.9684105343758172e-13 
1 -0.13221311939246777 0.04215394533365132 0.2000000152587891 1 0 -5.0718620292377285e-33 0 1 0 5.0718620292377285e-33 0 1 0 0 0 0 -3.1955275679453442e-30 0 
2 0.070999977111816409 0.16000001418590637 0.20000001525878908 -1 1.8619584360709097e-13 -1.1568700034397559e-10 -1.8619585111298725e-13 -1 6.4881069267178371e-11 -1.1568700034396351e-10 6.4881069267199917e-11 1 4.916994818529539e-15 1.8616635355647918e-15 -7.8608320686038606e-18 -4.8739041114666853e-16 -7.0395339905131884e-16 -4.7158118474069822e-13 
1 -0.13221311939246777 0.04215394533365132 0.2000000152587891 1 0 -3.0282633489376218e-32 0 1 0 3.0282633489376218e-32 0 1 0 0 0 0 -1.8270667477096303e-30 0 
2 0.070999977111816451 0.16000001418590637 0.20000001525878908 -1 1.8264312992829047e-13 -1.1568700598182697e-10 -1.8264313743418761e-13 -1 6.4881073387146679e-11 -1.1568700598181511e-10 6.4881073387167811e-11 1 2.763055729511092e-15 1.0461430788943619e-15 -4.2358020708861527e-18 -2.5516481241019278e-16 -3.9904122535130732e-16 -2.6500029845813145e-13 
1 -0.13221311939246777 0.04215394533365132 0.2000000152587891 1 0 -3.7022900189429619e-32 0 1 0 3.7022900189429619e-32 0 1 0 0 0 0 9.1848311072631307e-31 0 
2 0.070999977111816465 0.16000001418590637 0.20000001525878908 -1 1.8175495150859035e-13 -1.1568700684918873e-10 -1.8175495901448761e-13 -1 6.4881074037667995e-11 -1.1568700684917694e-10 6.4881074037689024e-11 1 -1.2517795353267498e-15 -4.7394646557324144e-16 3.2922491065525854e-18 2.4635621707248858e-16 1.8329332059892828e-16 1.2005619246922181e-13 
1 -0.13221311939246777 0.04215394533365132 0.2000000152587891 1 0 9.5585779137045874e-31 0 1 0 -9.5585779137045874e-31 0 1 0 0 0 0 -6.318050566540727e-29 0 
2 0.070999977111814772 0.16000001418590606 0.20000001525878908 -1 3.3318937206746172e-13 -1.1568678523826148e-10 -3.3318937957332793e-13 -1 6.4880929838777271e-11 -1.1568678523823986e-10 6.4880929838815812e-11 1 1.0185050124785408e-13 3.8562449473744822e-14 -1.478676629073272e-16 -8.7907549180435912e-15 -1.4238615501291723e-14 -9.7683202479481771e-12 
1 -0.13221311939246777 0.04215394533365132 0.2000000152587891 1 0 5.1794885568330692e-31 0 1 0 -5.1794885568330692e-31 0 1 0 0 0 0 -2.6746299120688146e-29 0 
2 0.070999977111815535 0.1600000141859062 0.20000001525878908 -1 2.6479963375055208e-13 -1.156868845511819e-10 -2.6479964125643152e-13 -1 6.4880988819376242e-11 -1.1568688455116472e-10 6.4880988819406874e-11 1 4.4308972489690183e-14 1.6776181677386439e-14 -5.9666444147990104e-17 -3.3989880845606479e-15 -6.1368584614175156e-15 -4.2496033680141838e-12 
1 -0.13221311939246777 0.04215394533365132 0.2000000152587891 1 0 3.8170233646902682e-31 0 1 0 -3.8170233646902682e-31 0 1 0 0 0 0 -2.151751871262187e-30 0 
2 0.070999977111815785 0.16000001418590626 0.20000001525878908 -1 2.4215108404819889e-13 -1.156869166435667e-10 -2.4215109155408206e-13 -1 6.4881002914004769e-11 -1.1568691664355098e-10 6.4881002914032777e-11 1 5.6735858225929786e-15 2.1481226301107306e-15 1.8830471366347125e-19 2.781455709083225e-16 -6.869336733306607e-16 -5.4414462953341039e-13 
1 -0.13221311939246777 0.04215394533365132 0.2000000152587891 1 0 4.4606887831216809e-31 0 1 0 -4.4606887831216809e-31 0 1 0 0 0 0 1.3718495845405421e-29 0 
2 0.070999977111815701 0.16000001418590623 0.20000001525878908 -1 2.4970060061564995e-13 -1.1568690406682133e-10 -2.497006081215306e-13 -1 6.4880987952014685e-11 -1.1568690406680514e-10 6.4880987952043572e-11 1 -1.9227095660829443e-14 -7.2797275994066726e-15 3.8720200110584646e-17 2.6433228041462695e-15 2.8267800326555328e-15 1.8440402899526318e-12 
1 -0.13221311939246777 0.04215394533365132 0.2000000152587891 1 0 6.3053009107387441e-31 0 1 0 -6.3053009107387441e-31 0 1 0 0 0 0 2.1855277322103468e-29 0 
2 0.070999977111815424 0.16000001418590618 0.20000001525878908 -1 2.7545777478695358e-13 -1.1568686503554259e-10 -2.7545778229282782e-13 -1 6.4880954558587476e-11 -1.1568686503552472e-10 6.4880954558619348e-11 1 -3.221850056754351e-14 -1.2198509433272676e-14 5.7803111353696128e-17 3.783825327516123e-15 4.6484286977397675e-15 3.09002535673915e-12 
1 -0.13221311939246777 0.04215394533365132 0.2000000152587891 1 0 8.5385328519444671e-31 0 1 0 -8.5385328519444671e-31 0 1 0 0 0 0 2.1124899381872811e-29 0 
2 0.070999977111815063 0.16000001418590612 0.20000001525878908 -1 3.0743219789615809e-13 -1.156868177643272e-10 -3.0743220540202491e-13 -1 6.4880916828351498e-11 -1.1568681776430726e-10 6.4880916828387067e-11 1 -3.1780049204089198e-14 -1.2032503784379154e-14 5.4161160631894523e-17 3.4715398099607175e-15 4.550683234632694e-15 3.0479741809580248e-12 
1 -0.13221311939246777 0.04215394533365132 0.2000000152587891 1 0 1.0128462069958523e-30 0 1 0 -1.0128462069958523e-30 0 1 0 0 0 0 8.2691423780068703e-30 0 
2 0.070999977111814799 0.16000001418590606 0.20000001525878908 -1 3.3052483680836135e-13 -1.1568678350353806e-10 -3.3052484431422301e-13 -1 6.4880891674860825e-11 -1.1568678350351661e-10 6.4880891674899056e-11 1 -1.30451535765804e-14 -4.9391320564042693e-15 1.9368723012049949e-17 1.1629578770026089e-15 1.8347394275569372e-15 1.2511400165778634e-12 
1 -0.13221311939246777 0.04215394533365132 0.2000000152587891 1 0 9.6111177398425854e-31 0 1 0 -9.6111177398425854e-31 0 1 0 0 0 0 -2.2094739805948239e-29 0 
2 0.070999977111814883 0.16000001418590609 0.20000001525878908 -1 3.2386349866061041e-13 -1.1568679434555992e-10 -3.2386350616647415e-13 -1 6.4880903384244366e-11 -1.1568679434553891e-10 6.4880903384281834e-11 1 3.2198782609296223e-14 1.2191043856185295e-14 -6.0149573560988093e-17 -4.0008238892556572e-15 -4.6696820677529283e-15 -3.0881342385960645e-12 
1 -0.13221311939246777 0.04215394533365132 0.2000000152587891 1 0 4.8780281015255762e-31 0 1 0 -4.8780281015255762e-31 0 1 0 0 0 0 -7.7474019756193765e-29 0 
2 0.070999977111815632 0.16000001418590623 0.20000001525878908 -1 2.5680602797325095e-13 -1.1568689452584207e-10 -2.5680603547913064e-13 -1 6.4880985133088959e-11 -1.1568689452582541e-10 6.4880985133118673e-11 1 1.1551036394828199e-13 4.3734321568126017e-14 -2.031188482643822e-16 -1.3194103950131736e-14 -1.6604335724050332e-14 -1.1078416042921758e-11 
1 -0.13221311939246777 0.04215394533365132 0.2000000152587891 1 0 -9.9518272355437884e-34 0 1 0 9.9518272355437884e-34 0 1 0 0 0 0 -2.1409768234171626e-31 0 
2 0.070999977111816368 0.16000001418590648 0.20000001525878908 -0.99999999999999978 1.9732546386104639e-08 -1.156870020787004e-10 -1.9732546386112147e-08 -0.99999999999999978 6.4881066665093907e-11 -1.1568700079843171e-10 6.4881068947893027e-11 1 -2.0670887555338968e-14 5.46255760217373e-14 -3.2004000087566896e-18 -2.9716765488929647e-16 -2.5824546670656788e-17 4.591144046010747e-06 
1 -0.13221311939246777 0.04215394533365132 0.2000000152587891 1 0 -3.3719108047946339e-33 0 1 0 3.3719108047946339e-33 0 1 0 0 0 0 -2.5801399623118122e-31 0 
2 0.070999977111816215 0.16000001418590681 0.20000001525878908 -0.99999999999999678 8.0277049130723975e-08 -1.1568700554815125e-10 -8.0277049130731479e-08 -0.99999999999999678 6.4881063412489587e-11 -1.1568700033969056e-10 6.4881072699500811e-11 1 -3.2756056708775753e-14 8.6496985438968798e-14 -3.6923014217454558e-18 -3.4284961266864516e-16 -2.9774526001499607e-17 7.677940299991178e-06 
1 -0.13221311939246777 0.04215394533365132 0.2000000152587891 1 0 -6.0708044797378623e-33 0 1 0 6.0708044797378623e-33 0 1 0 0 0 0 -2.76472540356842e-31 0 
2 0.070999977111816034 0.16000001418590734 0.20000001525878908 -0.99999999999998435 1.7680237108830882e-07 -1.1568701205336997e-10 -1.7680237108831633e-07 -0.99999999999998435 6.4881055606237137e-11 -1.156870005822437e-10 6.4881076059974149e-11 1 -4.5942067083739457e-14 1.2123995245193981e-13 -3.8176301786921201e-18 -3.5466421722771811e-16 -3.031725843334489e-17 1.1818566172511669e-05 
1 -0.13221311939246777 0.04215394533365132 0.2000000152587891 1 0 -8.7725222673943189e-33 0 1 0 8.7725222673943189e-33 0 1 0 0 0 0 -2.5621896188959366e-31 0 
2 0.070999977111815771 0.16000001418590806 0.20000001525878908 -0.99999999999994849 3.208107536404341e-07 -1.1568702159435672e-10 -3.2081075364044162e-07 -0.99999999999994849 6.4881041728453595e-11 -1.1568700077981487e-10 6.4881078842090829e-11 1 -5.7138383579250103e-14 1.5068232115852118e-13 -3.4142051846908023e-18 -3.1766153991352215e-16 -2.585586931211718e-17 1.7208430426137256e-05 
1 -0.13221311939246777 0.04215394533365132 0.2000000152587891 1 0 -1.1016131273720187e-32 0 1 0 1.1016131273720187e-32 0 1 0 0 0 0 -1.8218933104772949e-31 0 
2 0.070999977111815493 0.16000001418590878 0.20000001525878908 -0.99999999999986178 5.258371219677255e-07 -1.1568703460479154e-10 -5.2583712196773301e-07 -0.99999999999986178 6.4881021562298098e-11 -1.156870004879259e-10 6.4881082394826455e-11 1 -6.0441874912798649e-14 1.5922243318896083e-13 -2.2996446947846857e-18 -2.1503337738527877e-16 -1.4584450686660346e-17 2.4058661411503738e-05 
1 -0.13221311939246777 0.04215394533365132 0.2000000152587891 1 0 -1.2181011422091689e-32 0 1 0 1.2181011422091689e-32 0 1 0 0 0 0 -3.7510141096948446e-32 0 
2 0.070999977111815202 0.16000001418590956 0.20000001525878908 -0.99999999999967393 8.076062841924384e-07 -1.1568705281939609e-10 -8.0760628419244592e-07 -0.99999999999967393 6.4880990337280054e-11 -1.1568700042106284e-10 6.4881083766849753e-11 1 -4.5666910336648029e-14 1.1994686849373771e-13 -2.713656254525915e-19 -2.811320549910499e-17 5.512004865711418e-18 3.2596107067317676e-05 
1 -0.13221311939246777 0.04215394533365132 0.2000000152587891 1 0 -1.1468759683778943e-32 0 1 0 1.1468759683778943e-32 0 1 0 0 0 0 1.9650169164965122e-31 0 
2 0.070999977111815077 0.16000001418590989 0.20000001525878908 -0.99999999999929889 1.1841901243037712e-06 -1.1568707797289012e-10 -1.1841901243037786e-06 -0.99999999999929889 6.4880945234471708e-11 -1.1568700114143441e-10 6.4881082229921473e-11 1 3.6495865605769295e-15 -1.0638523779812873e-14 2.8934156161159392e-18 2.6362379959888103e-16 3.6657470029159208e-17 4.3063334920356332e-05 
1 -0.13221311939246777 0.04215394533365132 0.2000000152587891 1 0 -7.8850943084201139e-33 0 1 0 7.8850943084201139e-33 0 1 0 0 0 0 5.4033882783156838e-31 0 
2 0.070999977111815313 0.1600000141859092 0.20000001525878908 -0.99999999999859523 1.6761648004122159e-06 -1.1568710963158591e-10 -1.6761648004122233e-06 -0.99999999999859523 6.488088365178402e-11 -1.1568700088037e-10 6.48810775623539e-11 1 1.1289416713715827e-13 -2.9959719478193957e-13 7.4376845905611602e-18 6.8256084253626003e-16 8.1285066797005703e-17 5.5718632085467731e-05 
1 -0.13221311939246777 0.04215394533365132 0.2000000152587891 1 0 -2.2175905449539032e-34 0 1 0 2.2175905449539032e-34 0 1 0 0 0 0 1.0163035050408988e-30 0 
2 0.070999977111816368 0.16000001418590645 0.20000001525878908 -0.99999999999733946 2.3067679394511305e-06 -1.1568714866283382e-10 -2.3067679394511382e-06 -0.99999999999733946 6.4880801469242362e-11 -1.1568699899757332e-10 6.4881068332475278e-11 1 3.1981837590932475e-13 -8.4665142159200037e-13 1.3624626947539586e-17 1.2529394189652152e-15 1.4203686712120754e-16 7.0836005265570556e-05 
1 -0.13221311939246777 0.04215394533365132 0.2000000152587891 1 0 1.0525929697473647e-37 0 1 0 -1.0525929697473647e-37 0 1 0 0 0 0 2.8796198105106432e-35 0 
2 0.070999955040591048 0.16000007064570901 0.20000001525878908 -0.99998902982789628 0.0046840392678400939 -1.1598963423074142e-10 -0.0046840392678400939 -0.99998902982789628 6.4338472765733621e-11 -1.156869978716241e-10 6.4881066963013693e-11 1 -1.3639613841117879e-05 3.5345869907838032e-05 9.7330358819541002e-19 2.6915318931952648e-17 1.7344524254336857e-16 0.92084791655390297 
1 -0.13221311939246777 0.04215394533365132 0.2000000152587891 1 0 0 0 1 0 0 0 1 0 0 0 0 0 0 
2 0.070999974654662484 0.16000001784910334 0.20000001525878908 -0.99980494833909472 0.01975007029506818 -1.1694583597802943e-10 -0.01975007029506818 -0.99980494833909472 6.2583586464677699e-11 -1.1568699526649109e-10 6.4881067913473944e-11 1 -2.5132463153214324e-06 4.5723398704924229e-06 1.8009995810215872e-18 -4.0711791576830691e-17 5.3510798223022071e-16 1.9849221830653434 
1 -0.13221311939246777 0.04215394533365132 0.2000000152587891 1 0 0 0 1 0 0 0 1 0 0 0 0 0 0 
2 0.070999976959128741 0.1600000128300848 0.20000001525878908 -0.99901541263896199 0.044364459985493113 -1.1845149779289392e-10 -0.044364459985493113 -0.99901541263896199 5.9684795494084353e-11 -1.1568698822383136e-10 6.4881067332849312e-11 1 -8.7708109334366791e-08 4.8338829696653596e-07 3.930960987054257e-18 4.0874421902703517e-17 7.9710543721134286e-16 2.9567929626660954 
1 -0.13221311939246777 0.04215394533365132 0.2000000152587891 1 0 0 0 1 0 0 0 1 0 0 0 0 0 0 
2 0.070999977111512735 0.16000001418556037 0.20000001525878908 -0.99689268476079151 0.078771664133882563 -1.2043829345237085e-10 -0.078771664133882563 -0.99689268476079151 5.5566606220571795e-11 -1.1568697966547545e-10 6.4881068058959659e-11 1 2.8593365106188706e-09 3.9828737460889663e-09 4.6378487239801562e-18 -1.0842021724855044e-18 9.772998382784337e-16 3.937478153013318 
1 -0.13221311939246777 0.04215394533365132 0.2000000152587891 1 0 0 0 1 0 0 0 1 0 0 0 0 0 0 
2 0.070999977109908408 0.16000001418107312 0.20000001525878908 -0.99243064990363705 0.12280637252131703 -1.2277910111399501e-10 -0.12280637252131703 -0.99243064990363705 5.0182861118456689e-11 -1.1568696797644772e-10 6.4881065503051648e-11 1 -9.3666269879166819e-10 -3.3475906630053842e-09 1.311979129289123e-17 1.704365815147213e-16 2.2004967292765798e-15 4.9145564780399438 
1 -0.13221311939246777 0.04215394533365132 0.2000000152587891 1 0 0 0 1 0 0 0 1 0 0 0 0 0 0 
2 0.070999977107512297 0.16000001415711382 0.20000001525878908 -0.98435375141187009 0.17620355297603443 -1.2530916230153709e-10 -0.17620355297603443 -0.98435375141187009 4.3481465806181845e-11 -1.1568695523414172e-10 6.4881063601183443e-11 1 -8.9156900612286094e-10 -1.5930471566893978e-08 7.4547033010650168e-18 -1.1427490897997217e-16 1.4935969128160309e-15 5.8867847010404573 
1 -0.13221311939246777 0.04215394533365132 0.2000000152587891 1 0 0 0 1 0 0 0 1 0 0 0 0 0 0 
2 0.070999977129150557 0.16000001406281619 0.20000001525878908 -0.97113951220913108 0.23851215446222224 -1.2782308174576905e-10 -0.23851215446222224 -0.97113951220913108 3.5415819951302084e-11 -1.1568694173702283e-10 6.4881060729178041e-11 1 2.1318426732253037e-08 -1.0171382461288125e-07 1.6537814203474808e-17 5.2236860670351604e-16 1.8574551619021662e-15 6.8532024701532475 
1 -0.13221311939246777 0.04215394533365132 0.2000000152587891 1 0 0 0 1 0 0 0 1 0 0 0 0 0 0 
2 0.070999977277115323 0.16000001371847716 0.20000001525878908 -0.95105324718605533 0.3090270554771215 -1.3007442379546563e-10 -0.3090270554771215 -0.95105324718605533 2.5954951321115003e-11 -1.1568692094471649e-10 6.4881056912898395e-11 1 1.4776658308068846e-07 -3.597864933133077e-07 1.2131610290261566e-17 -2.9620403352303981e-16 2.1081227041808148e-15 7.8128553415316855 
1 -0.13221311939246777 0.04215394533365132 0.2000000152587891 1 0 0 0 1 0 0 0 1 0 0 0 0 0 0 
2 0.070999977620218785 0.16000001335414646 0.20000001525878908 -0.92219997624145589 0.38671333545697401 -1.3177682756040403e-10 -0.38671333545697401 -0.92219997624145589 1.5095632641780021e-11 -1.156869047956431e-10 6.4881048585421618e-11 1 4.4505705924791084e-07 -6.7884549129204608e-07 1.4752921833154097e-17 4.5102810375396984e-17 1.8752360775309285e-15 8.7647982463753014 
1 -0.13221311939246777 0.04215394533365132 0.2000000152587891 1 0 0 0 1 0 0 0 1 0 0 0 0 0 0 
2 0.070999978077856365 0.16000001318024326 0.20000001525878908 -0.88259763490109489 0.47012914700855729 -1.3260743621654098e-10 -0.47012914700855729 -0.88259763490109489 2.876075309387128e-12 -1.1568688274308231e-10 6.4881038141336595e-11 1 8.9754774768024959e-07 -9.0939026922698396e-07 2.2509985523420875e-17 -8.2399365108898337e-18 2.6914234729780162e-15 9.7080930219348218 
1 -0.13221311939246777 0.04215394533365132 0.2000000152587891 1 0 0 0 1 0 0 0 1 0 0 0 0 0 0 
2 0.070999978481830303 0.16000001328967375 0.20000001525878908 -0.83027521137421245 0.55735363403992155 -1.3221360893685793e-10 -0.55735363403992155 -0.83027521137421245 -1.0609386168836677e-11 -1.1568686204273118e-10 6.4881025066609291e-11 1 1.4070290700468613e-06 -9.2870422978286182e-07 2.3006521349855817e-17 5.2909066017292616e-17 2.4936649967166602e-15 10.641809018268264 
1 -0.13221311939246777 0.04215394533365132 0.2000000152587891 1 0 0 0 1 0 0 0 1 0 0 0 0 0 0 
2 0.070999978680401532 0.16000001362992536 0.20000001525878908 -0.76339826600343408 0.64592808226841325 -1.3022359845592423e-10 -0.64592808226841325 -0.76339826600343408 -2.5195328536890445e-11 -1.1568683949793631e-10 6.488100910027804e-11 1 1.8370138147455473e-06 -6.9498229486597562e-07 2.6627452135299512e-17 -2.9490299091605721e-17 2.7478019859472624e-15 11.565024210624388 
1 -0.13221311939246777 0.04215394533365132 0.2000000152587891 1 0 0 0 1 0 0 0 1 0 0 0 0 0 0 
2 0.070999978733553404 0.16000001402161218 0.20000001525878908 -0.68042233141419373 0.73282020367404799 -1.2626199338069948e-10 -0.73282020367404799 -0.68042233141419373 -4.0631163578621969e-11 -1.1568681747429834e-10 6.4880988655298053e-11 1 2.2359981996095124e-06 -3.0670056266890455e-07 3.3017555918674107e-17 1.708702623837155e-16 3.1277064271861832e-15 12.476826374158781 
1 -0.13221311939246777 0.04215394533365132 0.2000000152587891 1 0 0 0 1 0 0 0 1 0 0 0 0 0 0 
2 0.070999978618305981 0.1600000144022046 0.20000001525878908 -0.58027186952363652 0.81442283700762208 -1.1997033347596531e-10 -0.81442283700762208 -0.58027186952363652 -5.6569372245775462e-11 -1.156867983256172e-10 6.4880963955411515e-11 1 2.5507048346737338e-06 2.441390577756497e-07 3.6772616715583088e-17 -1.9949319973733282e-17 3.4156705241983332e-15 13.376315651863226 
1 -0.13221311939246777 0.04215394533365132 0.2000000152587891 1 0 0 0 1 0 0 0 1 0 0 0 0 0 0 
2 0.070999978338386685 0.16000001469241762 0.20000001525878908 -0.46253877207335553 0.88659905500111624 -1.1103299704493507e-10 -0.88659905500111624 -0.46253877207335553 -7.2557842288448285e-11 -1.1568678051864706e-10 6.4880934977590116e-11 1 2.7193818580989459e-06 9.4686704887880779e-07 3.8968870782320603e-17 2.5023386140965442e-16 3.4902636336653359e-15 14.262604327920975 
1 -0.13221311939246777 0.04215394533365132 0.2000000152587891 1 0 0 0 1 0 0 0 1 0 0 0 0 0 0 
2 0.070999977934735892 0.16000001480724163 0.20000001525878908 -0.32768992933986218 0.94478532493325496 -9.9207912473673406e-11 -0.94478532493325496 -0.32768992933986218 -8.8038339953591043e-11 -1.1568676544809115e-10 6.4880902423798429e-11 1 2.6779378083834418e-06 1.7670769894284621e-06 4.3013653164755684e-17 6.6786853825107073e-17 3.8614944575243726e-15 15.134817703053601 
1 -0.13221311939246777 0.04215394533365132 0.2000000152587891 1 0 0 0 1 0 0 0 1 0 0 0 0 0 0 
2 0.070999977492121544 0.16000001467305752 0.20000001525878908 -0.17726844003330688 0.98416253747445492 -8.4360925709433679e-11 -0.98416253747445492 -0.17726844003330688 -1.0235324070132239e-10 -1.156867547876241e-10 6.4880863398413236e-11 1 2.3688020030637746e-06 2.6435081450504327e-06 4.3114554916712009e-17 -5.0605136400760919e-17 3.9239445026595376e-15 15.992094957570595 
1 -0.13221311939246777 0.04215394533365132 0.2000000152587891 1 0 0 0 1 0 0 0 1 0 0 0 0 0 0 
2 0.070999977138466563 0.16000001424969731 0.20000001525878908 -0.014068031821582828 0.99990104034382665 -6.6501887938976451e-11 -0.99990104034382665 -0.014068031821582828 -1.1476255789152051e-10 -1.1568675170397085e-10 6.4880823618666982e-11 1 1.7519405940830124e-06 3.4882395411606204e-06 4.1828516323003742e-17 1.8865117801247777e-16 4.0592529337857286e-15 16.833590001287511 
1 -0.13221311939246777 0.04215394533365132 0.2000000152587891 1 0 0 0 1 0 0 0 1 0 0 0 0 0 0 
2 0.070999978092401161 0.16000001676258493 0.20000001525878908 0.15774415715148021 0.98748001543553732 -4.5819565054394794e-11 -0.98748001543553732 0.15774415715148021 -1.2447292396996974e-10 -1.1568675621261926e-10 6.4880781286986531e-11 1 -7.675297857404062e-06 -1.6950707998591996e-05 4.5298747990893056e-17 -3.6168984474116428e-16 4.4755865680201623e-15 17.658361949128967 
1 -0.13221311939246777 0.04215394533365132 0.2000000152587891 1 0 0 0 1 0 0 0 1 0 0 0 0 0 0 
2 0.070999977695960059 0.16000002063311444 0.20000001525878908 0.33258415911676975 0.9430735798995703 -2.271172393390439e-11 -0.9430735798995703 0.33258415911676975 -1.3067943921960381e-10 -1.1568676695745027e-10 6.4880738202740921e-11 1 -2.9770765944681088e-06 -1.9251821415267045e-05 3.5437018979877522e-17 2.5153490401663703e-16 4.3715031594615539e-15 18.465798183191175 
1 -0.13221311939246777 0.04215394533365132 0.2000000152587891 1 0 0 0 1 0 0 0 1 0 0 0 0 0 0 
2 0.070999975073375798 0.16000002490256632 0.20000001525878908 0.50351564335220911 0.86398610920524122 2.194086796994662e-12 -0.86398610920524122 0.50351564335220911 -1.3262022186150576e-10 -1.1568678651321759e-10 6.4880695817114775e-11 1 2.5318645026362052e-06 -2.011381884467478e-05 3.6398986714517035e-17 -2.203098814490545e-16 4.9127368839663177e-15 19.255012270458881 
1 -0.13221311939246777 0.04215394533365132 0.2000000152587891 1 0 0 0 1 0 0 0 1 0 0 0 0 0 0 
2 0.070999969795673384 0.16000002855398265 0.20000001525878908 0.66244777845815428 0.74910809688312407 2.8033848643447446e-11 -0.74910809688312407 0.66244777845815428 -1.2964197651140977e-10 -1.1568681505611275e-10 6.4880656329305155e-11 1 8.3602420621886608e-06 -1.9228822556588421e-05 2.4379515913457472e-17 1.1969591984239969e-16 4.9196757778702249e-15 20.025225627517273 
1 -0.13221311939246777 0.04215394533365132 0.2000000152587891 1 0 0 0 1 0 0 0 1 0 0 0 0 0 0 
2 0.070999961862988695 0.16000003028151119 0.20000001525878908 0.80048518531649271 0.59935254073777011 5.3719243739253154e-11 -0.59935254073777011 0.80048518531649271 -1.2127318466226881e-10 -1.1568685013036949e-10 6.4880622476664557e-11 1 1.3891648894426289e-05 -1.6469516341391377e-05 1.5717884690296541e-17 -4.8572257327350599e-17 4.9196757778702249e-15 20.775678399666393 
1 -0.13221311939246777 0.04215394533365132 0.2000000152587891 1 0 0 0 1 0 0 0 1 0 0 0 0 0 0 
2 0.070999951871610192 0.16000002866406138 0.20000001525878908 0.90843698607731127 0.41802182039550401 7.7972749595403009e-11 -0.41802182039550401 0.90843698607731127 -1.0729958021596928e-10 -1.1568689548816169e-10 6.4880596531642675e-11 1 1.8455190120253429e-05 -1.1944083157706259e-05 5.2550873401538349e-18 -7.9797279894933126e-17 5.6551985316843911e-15 21.505630199814568 
1 -0.13221311939246777 0.04215394533365132 0.2000000152587891 1 0 0 0 1 0 0 0 1 0 0 0 0 0 0 
2 0.070999941112486364 0.16000002242979167 0.20000001525878908 0.97747564782651808 0.21104823597018929 9.9388241981340936e-11 -0.21104823597018929 0.97747564782651808 -8.7834712279177129e-11 -1.1568694730051943e-10 6.4880579140404181e-11 1 2.1421645134550582e-05 -6.0219600132790929e-06 -8.8919066959336312e-18 2.4286128663675299e-17 5.2007009809784677e-15 22.214360829155662 
1 -0.13221311939246777 0.04215394533365132 0.2000000152587891 1 0 0 0 1 0 0 0 1 0 0 0 0 0 0 
2 0.07099993155315773 0.16000001078487408 0.20000001525878908 0.99991614313611155 -0.012950161999117108 1.1651751451940379e-10 0.012950161999117108 0.99991614313611155 -6.337696716799536e-11 -1.1568700173420986e-10 6.4880573263046654e-11 1 2.2312607096564019e-05 6.819854422024374e-07 -2.3851628030616174e-17 0 5.8425486670898863e-15 22.901170979378215 
1 -0.13221311939246777 0.04215394533365132 0.2000000152587891 1 0 0 0 1 0 0 0 1 0 0 0 0 0 0 
2 0.070999925665102603 0.15999999375479704 0.20000001525878908 0.97006355515582332 -0.24285118685821747 1.2798012598298977e-10 0.24285118685821747 0.97006355515582332 -3.4843547375321033e-11 -1.1568705916590197e-10 6.4880580930377532e-11 1 2.0903797989690887e-05 7.3716626131925533e-06 -3.689754476819669e-17 1.0061396160665481e-16 5.6551985316843911e-15 23.565382916015544 
1 -0.13221311939246777 0.04215394533365132 0.2000000152587891 1 0 0 0 1 0 0 0 1 0 0 0 0 0 0 
2 0.070999926081770928 0.15999997246491743 0.20000001525878908 0.88505519952861667 -0.46548608334445463 1.325904991829446e-10 0.46548608334445463 0.88505519952861667 -3.5721717606281379e-12 -1.1568711446807146e-10 6.4880601343708231e-11 1 1.7300078294701926e-05 1.3180318140515457e-05 -4.9468143375452985e-17 -2.1510571102112408e-16 6.1166349762942218e-15 24.206341142553217 
1 -0.13221311939246777 0.04215394533365132 0.2000000152587891 1 0 0 0 1 0 0 0 1 0 0 0 0 0 0 
2 0.070999935107891474 0.15999994927612066 0.20000001525878908 0.74560493852057819 -0.66638823192919971 1.2949261405572874e-10 0.66638823192919971 0.74560493852057819 2.8717242590491455e-11 -1.156871650576501e-10 6.4880636232323412e-11 1 1.196029898808959e-05 1.731455237041768e-05 -6.1810796261378941e-17 2.7755575615628914e-16 6.1044919119623842e-15 24.823413044791511 
1 -0.13221311939246777 0.04215394533365132 0.2000000152587891 1 0 0 0 1 0 0 0 1 0 0 0 0 0 0 
2 0.070999954142935237 0.15999992769798321 0.20000001525878908 0.55654638236568399 -0.83081654068492761 1.1828923968341075e-10 0.83081654068492761 0.55654638236568399 6.0005733018563866e-11 -1.1568720394633613e-10 6.4880683281338783e-11 1 5.656207276827363e-06 1.9208176937568489e-05 -6.6207784800624515e-17 -1.457167719820518e-16 6.1305127641020363e-15 25.415989514917769 
1 -0.13221311939246777 0.04215394533365132 0.2000000152587891 1 0 0 0 1 0 0 0 1 0 0 0 0 0 0 
2 0.070999983122107868 0.15999991202999833 0.20000001525878908 0.32707179033689587 -0.94499949416167284 9.9150296386912288e-11 0.94499949416167284 0.32707179033689587 8.8103717190272574e-11 -1.1568723313027191e-10 6.4880739414854051e-11 1 -6.3888206399374814e-07 1.8654530189288199e-05 -7.2017418864681498e-17 3.1225022567582528e-17 6.463145990620589e-15 25.983485554666231 
1 -0.13221311939246777 0.04215394533365132 0.2000000152587891 1 0 0 0 1 0 0 0 1 0 0 0 0 0 0 
2 0.07100002010562298 0.15999990673090397 0.20000001525878908 0.070577638774484863 -0.99750628915562145 7.2883942855991144e-11 0.99750628915562145 0.070577638774484863 1.1081962143899621e-10 -1.156872459385942e-10 6.488080416626347e-11 1 -5.9204921489808271e-06 1.5883884723955077e-05 -6.9231134721066116e-17 -5.8980598183211441e-17 6.4650975545310629e-15 26.525340856897955 
1 -0.13221311939246777 0.04215394533365132 0.2000000152587891 1 0 0 0 1 0 0 0 1 0 0 0 0 0 0 
2 0.071000061149918275 0.15999991558054533 0.20000001525878908 -0.19594251695296652 -0.98061538334361065 4.0955129041269727e-11 0.98061538334361065 -0.19594251695296652 1.2615760879306763e-10 -1.1568724084184734e-10 6.4880868964373128e-11 1 -9.3549260800906975e-06 1.1558439488024153e-05 -6.1828149348366576e-17 1.1449174941446927e-16 6.613633252161577e-15 27.041020364840225 
1 -0.13221311939246777 0.04215394533365132 0.2000000152587891 1 0 0 0 1 0 0 0 1 0 0 0 0 0 0 
2 0.071000100564816884 0.15999994076549429 0.20000001525878908 -0.45297276366549977 -0.89152435489852955 5.4397717707064198e-12 0.89152435489852955 -0.45297276366549977 1.3252726802458751e-10 -1.1568721867939844e-10 6.4880931876810093e-11 1 -1.0471980664034097e-05 6.6715215820689622e-06 -5.2662867222314278e-17 -1.1102230246251565e-16 6.892923731793843e-15 27.530014808240622 
1 -0.13221311939246777 0.04215394533365132 0.2000000152587891 1 0 0 0 1 0 0 0 1 0 0 0 0 0 0 
2 0.07100013159696765 0.15999998207189611 0.20000001525878908 -0.67997593221757047 -0.7332344315461774 -3.1091524190415982e-11 0.7332344315461774 -0.67997593221757047 1.2894333546678726e-10 -1.1568718142810107e-10 6.4880988671607703e-11 1 -9.3018868294603152e-06 2.3582709175185013e-06 -3.3958134231889728e-17 -5.2041704279304213e-18 6.83481049534862e-15 27.991841215582159 
1 -0.13221311939246777 0.04215394533365132 0.2000000152587891 1 0 0 0 1 0 0 0 1 0 0 0 0 0 0 
2 0.071000147489819088 0.16000003638906177 0.20000001525878908 -0.85721812621797766 -0.51495347759126686 -6.5758389152673432e-11 0.51495347759126686 -0.85721812621797766 1.1519068611716973e-10 -1.1568712753472793e-10 6.4881032936154421e-11 1 -6.41486405333902e-06 -3.517882331827149e-07 -1.3632234383733267e-17 4.5102810375396984e-17 7.1162693793258569e-15 28.426043401559969 
1 -0.13221311939246777 0.04215394533365132 0.2000000152587891 1 0 0 0 1 0 0 0 1 0 0 0 0 0 0 
2 0.071000142770844404 0.16000009770172813 0.20000001525878908 -0.96775446369164309 -0.25189541084525585 -9.5613429322568413e-11 0.25189541084525585 -0.96775446369164309 9.1929974377417644e-11 -1.1568706168057447e-10 6.4881058989272098e-11 1 -2.8383437319368099e-06 -7.8996092003208451e-07 8.6617198798924376e-18 2.2985086056692694e-17 7.0410257485553629e-15 28.832192428945572 
1 -0.13221311939246777 0.04215394533365132 0.2000000152587891 1 0 0 0 1 0 0 0 1 0 0 0 0 0 0 
2 0.071000114531566363 0.1600001576734992 0.20000001525878908 -0.99936652629802625 0.0355885671953294 -1.1792272988051806e-10 -0.0355885671953294 -0.99936652629802625 6.0722832948497601e-11 -1.1568699031159542e-10 6.488106762692488e-11 1 1.4674823073379528e-07 1.149599318434058e-06 3.1206130823227076e-17 1.474514954580286e-17 7.1947656166138074e-15 29.209887044000226 
1 -0.13221311939246777 0.04215394533365132 0.2000000152587891 1 0 0 0 1 0 0 0 1 0 0 0 0 0 0 
2 0.071000063420580961 0.16000020680736263 0.20000001525878908 -0.94621608352148123 0.32353535090507385 -1.3045613791576387e-10 -0.32353535090507385 -0.94621608352148123 2.3962688459735635e-11 -1.1568691907054275e-10 6.4881053583313816e-11 1 1.29851001490211e-06 4.9186977276460819e-06 5.1861102877663823e-17 -2.0816681711721685e-17 7.3205330686221259e-15 29.558754084628635 
1 -0.13221311939246777 0.04215394533365132 0.2000000152587891 1 0 0 0 1 0 0 0 1 0 0 0 0 0 0 
2 0.070999994084322671 0.16000023603318853 0.20000001525878908 -0.80998272978142682 0.58645373002124224 -1.317540696414408e-10 -0.58645373002124224 -0.80998272978142682 -1.5292481188762232e-11 -1.1568685362241573e-10 6.4881019928296722e-11 1 -2.6435625535836671e-07 9.3733237715998285e-06 6.8104632699617583e-17 -1.1622647289044608e-16 7.3899220076611982e-15 29.878448860443889 
1 -0.13221311939246777 0.04215394533365132 0.2000000152587891 1 0 0 0 1 0 0 0 1 0 0 0 0 0 0 
2 0.070999914872435455 0.16000023844838254 0.20000001525878908 -0.60028933093488479 0.79978292002627083 -1.213362427126152e-10 -0.79978292002627083 -0.60028933093488479 -5.3576975815935431e-11 -1.1568680212035431e-10 6.4880967535649319e-11 1 -4.7879993683164201e-06 1.2987608673908912e-05 8.0531254477753689e-17 -4.163336342344337e-17 7.5321693326912964e-15 30.16865550403589 
1 -0.13221311939246777 0.04215394533365132 0.2000000152587891 1 0 0 0 1 0 0 0 1 0 0 0 0 0 0 
2 0.070999871945178275 0.16000016320928018 0.20000001525878908 -0.33428824012093178 0.94247088682720082 -9.9821088184574489e-11 -0.94247088682720082 -0.33428824012093178 -8.7342487112610766e-11 -1.1568676718289337e-10 6.4880903200712323e-11 1 -9.4484564788430148e-08 -8.7815602811680549e-07 8.469096585950181e-17 3.0357660829594124e-18 7.5980888247784151e-15 30.429019581848415 
1 -0.13221311939246777 0.04215394533365132 0.2000000152587891 1 0 0 0 1 0 0 0 1 0 0 0 0 0 0 
2 0.070999850795334996 0.1600001035745631 0.20000001525878908 -0.035375282614635246 0.99937409881381989 -6.8932672491672892e-11 -0.99937409881381989 -0.035375282614635246 -1.1331916552848941e-10 -1.1568675169914321e-10 6.4880829943968841e-11 1 1.8165033264017083e-05 -1.2701935807046816e-05 7.9643056593156728e-17 -1.6263032587282567e-16 7.4870665223158994e-15 30.659335346443562 
1 -0.13221311939246777 0.04215394533365132 0.2000000152587891 1 0 0 0 1 0 0 0 1 0 0 0 0 0 0 
2 0.070999863336916769 0.16000004678400301 0.20000001525878908 0.26888707779608478 0.96317170815710851 -3.13846319627249e-11 -0.96317170815710851 0.26888707779608478 -1.2887181161950168e-10 -1.1568676095469383e-10 6.4880754414075262e-11 1 4.8373360566789092e-05 -1.2744646564977202e-05 6.9460184035554363e-17 1.9255430583342559e-16 7.8756445809347042e-15 30.859383836290718 
1 -0.13221311939246777 0.04215394533365132 0.2000000152587891 1 0 0 0 1 0 0 0 1 0 0 0 0 0 0 
2 0.07099991624809518 0.16000001089604335 0.20000001525878908 0.54945061042167753 0.83552619749906454 9.3546681864663626e-12 -0.83552619749906454 0.54945061042167753 -1.3230807781424516e-10 -1.1568679329989279e-10 6.4880683780052113e-11 1 8.67491113810126e-05 7.0763393230921512e-06 4.8260521421908654e-17 -5.5511151231257827e-17 7.2997163869104043e-15 31.028963097381268 
1 -0.13221311939246777 0.04215394533365132 0.2000000152587891 1 0 0 0 1 0 0 0 1 0 0 0 0 0 0 
2 0.070999972426337252 0.16000001051752821 0.20000001525878908 0.77878060235047419 0.62729639995988551 4.9395285273172059e-11 -0.62729639995988551 0.77878060235047419 -1.2309771466762539e-10 -1.1568684327260504e-10 6.4880627749967716e-11 1 -2.048205436044892e-05 -1.6872303672532674e-05 2.7422784795150598e-17 -2.0816681711721685e-17 7.8478890053190753e-15 31.168345869796664 
1 -0.13221311939246777 0.04215394533365132 0.2000000152587891 1 0 0 0 1 0 0 0 1 0 0 0 0 0 0 
2 0.070999962448850984 0.15999999207489821 0.20000001525878908 0.93382836474567399 0.35772137928340314 8.4822544941211382e-11 -0.35772137928340314 0.93382836474567399 -1.0197101564950526e-10 -1.1568691080108838e-10 6.4880589024734442e-11 1 -1.4534179333003383e-05 -2.3262181897697664e-05 1.2666778042230092e-18 -8.3266726846886741e-17 7.8062556418956319e-15 31.276637226779599 
1 -0.13221311939246777 0.04215394533365132 0.2000000152587891 1 0 0 0 1 0 0 0 1 0 0 0 0 0 0 
2 0.070999960254847519 0.15999995295369177 0.20000001525878908 0.99861442238739628 0.052623525156405233 1.1211244789311399e-10 -0.052623525156405233 0.99861442238739628 -7.0878532049395217e-11 -1.1568698560956951e-10 6.4880572120123899e-11 1 -5.6702805485420171e-06 -2.3541544292030037e-05 -2.8279983093310691e-17 1.5959455978986625e-16 7.8340112175112608e-15 31.35405349543181 
1 -0.13221311939246777 0.04215394533365132 0.2000000152587891 1 0 0 0 1 0 0 0 1 0 0 0 0 0 0 
2 0.070999981038113238 0.1599999251681859 0.20000001525878908 0.96609354646003198 -0.25819229169027891 1.2851619160171322e-10 0.25819229169027891 0.96609354646003198 -3.2811203551427106e-11 -1.1568706348397691e-10 6.4880582031573522e-11 1 1.0763971798333216e-06 -1.1714381228877802e-05 -5.0462983865643271e-17 -2.0816681711721685e-17 7.7854389601839102e-15 31.400513953109588 
1 -0.13221311939246777 0.04215394533365132 0.2000000152587891 1 0 0 0 1 0 0 0 1 0 0 0 0 0 0 
2 0.071000005783937947 0.1599999362337434 0.20000001525878908 0.83905147462310758 -0.54405204064757329 1.3236589021881907e-10 0.54405204064757329 0.83905147462310758 8.5016482676357989e-12 -1.1568713446677567e-10 6.488061216999437e-11 1 -6.2820976995947575e-06 1.6520198261482655e-05 -7.1522403065467848e-17 1.3877787807814457e-16 7.8582973461749361e-15 31.415966615705536 
1 -0.13221311939246777 0.04215394533365132 0.2000000152587891 1 0 0 0 1 0 0 0 1 0 0 0 0 0 0 
2 0.070999982580911267 0.16000000708599599 0.20000001525878908 0.62990371615159868 -0.7766732314032756 1.2326286819069072e-10 0.7766732314032756 0.62990371615159868 4.898257356870509e-11 -1.1568719243287563e-10 6.4880665032103373e-11 1 -4.6695131054236283e-05 5.753754869314287e-05 -8.3681029558685126e-17 -2.7061686225238191e-16 7.9953405007771039e-15 31.400391715603128 
1 -0.13221311939246777 0.04215394533365132 0.2000000152587891 1 0 0 0 1 0 0 0 1 0 0 0 0 0 0 
2 0.071000004800682512 0.16000000377306556 0.20000001525878908 0.35940568716291948 -0.93318141432143287 1.0212414166932595e-10 0.93318141432143287 0.35940568716291948 8.4638668386606639e-11 -1.1568722958388376e-10 6.4880732187301139e-11 1 1.9938738218288309e-05 -7.0342297760483952e-06 -8.1618277434649749e-17 -1.7347234759768071e-16 7.3218341112291085e-15 31.354010281956619 
1 -0.13221311939246777 0.04215394533365132 0.2000000152587891 1 0 0 0 1 0 0 0 1 0 0 0 0 0 0 
2 0.071000041885505211 0.16000001026357091 0.20000001525878908 0.054425454038117251 -0.99851783657215898 7.1080973264307872e-11 0.99851783657215898 0.054425454038117251 1.1198461224741289e-10 -1.1568724699404004e-10 6.4880806278472214e-11 1 1.9521621088314234e-05 -6.5751773814515246e-07 -8.3194233731707022e-17 3.1225022567582528e-17 7.8392153879391913e-15 31.276566907854757 
1 -0.13221311939246777 0.04215394533365132 0.2000000152587891 1 0 0 0 1 0 0 0 1 0 0 0 0 0 0 
2 0.071000061487325128 0.16000003470023094 0.20000001525878908 -0.25495139553534568 -0.96695386958974405 3.3242198627938305e-11 0.96695386958974405 -0.25495139553534568 1.2840569325758235e-10 -1.1568723704191694e-10 6.488088328765998e-11 1 4.3829286502927722e-06 1.4084155992022396e-06 -7.2388984914220672e-17 -2.4286128663675299e-17 7.9589113077815909e-15 31.168254077324992 
1 -0.13221311939246777 0.04215394533365132 0.2000000152587891 1 0 0 0 1 0 0 0 1 0 0 0 0 0 0 
2 0.071000034700561973 0.16000004848206925 0.20000001525878908 -0.53863004557543137 -0.84254238706631768 -7.6476521759512449e-12 0.84254238706631768 -0.53863004557543137 1.3241820659472663e-10 -1.1568720711543945e-10 6.4880953533355616e-11 1 -2.6585000134526915e-05 -1.6280269305474215e-05 -4.6491464082309752e-17 4.1980308118638732e-16 7.5460471204991109e-15 31.029184604764037 
1 -0.13221311939246777 0.04215394533365132 0.2000000152587891 1 0 0 0 1 0 0 0 1 0 0 0 0 0 0 
2 0.070999980180755304 0.16000002006215655 0.20000001525878908 -0.7696413703603634 -0.63847643733329895 -4.761262621659413e-11 0.63847643733329895 -0.7696413703603634 1.2379863523689191e-10 -1.1568715846057061e-10 6.4881011313611204e-11 1 7.6790904073309463e-06 1.5007877909700706e-05 -2.7438573234371158e-17 4.6837533851373792e-17 7.7186521063588032e-15 30.859501591359475 
1 -0.13221311939246777 0.04215394533365132 0.2000000152587891 1 0 0 0 1 0 0 0 1 0 0 0 0 0 0 
