OndselSolver
Assembly
	Notes
		(Text string: '' runs: (Core.RunArray runs: #() values: #()))
	Name
		Assembly
	Position3D
		0	0	0	
	RotationMatrix
		1	0	0	
		0	1	0	
		0	0	1	
	Velocity3D
		0	0	0	
	Omega3D
		0	0	0	
	RefPoints
		RefPoint
			Position3D
				0	0	0	
			RotationMatrix
				1	0	0	
				0	1	0	
				0	0	1	
			Markers
				Marker
					Name
						Marker0
					Position3D
						0	0	0	
					RotationMatrix
						1	0	0	
						0	1	0	
						0	0	1	
	RefCurves
	RefSurfaces
	Parts
		Part
			Name
				structural_node_1
			Position3D
				0.015036506082326075	0.020006856008321663	0.021903827363685954	
			RotationMatrix
				1	0	0	
				0	1	0	
				0	0	1	
			Velocity3D
				0	0	0	
			Omega3D
				0	0	0	
			FeatureOrder
			PrincipalMassMarker
				Name
					MassMarker
				Position3D
					0	0	0	
				RotationMatrix
					1	0	0	
					0	1	0	
					0	0	1	
				Mass
					0
				MomentOfInertias
					0	0	0	
				Density
					0
			RefPoints
				RefPoint
					Position3D
						0	0	0	
					RotationMatrix
						1	0	0	
						0	1	0	
						0	0	1	
					Markers
						Marker
							Name
								Marker0
							Position3D
								-0.015036506082326075	-0.020006856008321663	-0.021903827363685954	
							RotationMatrix
								1	0	0	
								0	1	0	
								0	0	1	
				RefPoint
					Position3D
						0	0	0	
					RotationMatrix
						1	0	0	
						0	1	0	
						0	0	1	
					Markers
						Marker
							Name
								Marker1
							Position3D
								0.0050000000000000001	0.002	0.01	
							RotationMatrix
								2.2204460492503131e-16	-2.2204460492503131e-16	1	
								1	0	-2.2204460492503131e-16	
								4.9303806576313238e-32	1	2.2204460492503131e-16	
				RefPoint
					Position3D
						0	0	0	
					RotationMatrix
						1	0	0	
						0	1	0	
						0	0	1	
					Markers
						Marker
							Name
								Marker2
							Position3D
								0.0050000000000000001	0.002	-0.01	
							RotationMatrix
								2.2204460492503131e-16	-2.2204460492503131e-16	1	
								1	0	-2.2204460492503131e-16	
								4.9303806576313238e-32	1	2.2204460492503131e-16	
				RefPoint
					Position3D
						0	0	0	
					RotationMatrix
						1	0	0	
						0	1	0	
						0	0	1	
					Markers
						Marker
							Name
								Marker3
							Position3D
								0.038259440840897808	-0.012958739982866315	0.021999999999999995	
							RotationMatrix
								1	0	0	
								0	1	0	
								0	0	1	
				RefPoint
					Position3D
						0	0	0	
					RotationMatrix
						1	0	0	
						0	1	0	
						0	0	1	
					Markers
						Marker
							Name
								Marker4
							Position3D
								0.038259440840897808	-0.012958739982866306	-0.021999999999999999	
							RotationMatrix
								1	0	0	
								0	1	0	
								0	0	1	
			RefCurves
			RefSurfaces
		Part
			Name
				structural_node_10
			Position3D
				0.05688760064276744	0.019381009329232011	0.051385443235087834	
			RotationMatrix
				-0.98356207469931756	0.0091336176209158397	0.18033918665206691	
				0.1805703331479184	0.049751440927332878	0.9823029822374072	
				-1.5456396180307808e-07	0.9987198662061394	-0.050582890834422536	
			Velocity3D
				0	0	0	
			Omega3D
				0	0	0	
			FeatureOrder
			PrincipalMassMarker
				Name
					MassMarker
				Position3D
					0.0059584239933412634	0.0070752868150750882	-0.00069999999999835439	
				RotationMatrix
					-0.71138502734615972	-0.2727877670662987	0.64770194217844768	
					0.60253446504121622	0.23768049700284349	0.76187921061548158	
					-0.36177744816471191	0.93225220631481265	-0.0047183185773793674	
				Mass
					0.00078490312799469936
				MomentOfInertias
					3.5329590000000008e-08	3.3955384999999996e-08	2.8082920000000003e-09	
				Density
					10
			RefPoints
				RefPoint
					Position3D
						0	0	0	
					RotationMatrix
						1	0	0	
						0	1	0	
						0	0	1	
					Markers
						Marker
							Name
								Marker0
							Position3D
								0	0	0	
							RotationMatrix
								1	0	0	
								0	1	0	
								0	0	1	
				RefPoint
					Position3D
						0	0	0	
					RotationMatrix
						1	0	0	
						0	1	0	
						0	0	1	
					Markers
						Marker
							Name
								Marker1
							Position3D
								0.011552657092899963	0.01445727550901202	-0.00018687335832996509	
							RotationMatrix
								0.82316596135672826	0.22740737031976846	-0.52027270540352322	
								0.028720975577455371	0.89844509585237242	0.43814554123110799	
								0.56707398602433945	-0.37560923532718027	0.73303805952446854	
			RefCurves
			RefSurfaces
		Part
			Name
				structural_node_11
			Position3D
				0.056892786536874025	0.019351454872388606	-0.0058650776180882488	
			RotationMatrix
				-0.98218702794809576	-0.0077110072278478324	0.1877476564381528	
				0.18790593958262072	-0.040306837233799971	0.98135962661084664	
				2.4305516573182306e-07	0.9991575947966066	0.04103779672693076	
			Velocity3D
				0	0	0	
			Omega3D
				0	0	0	
			FeatureOrder
			PrincipalMassMarker
				Name
					MassMarker
				Position3D
					0.0059896620528081075	-0.0070488615033316151	-0.00070000000000059262	
				RotationMatrix
					-0.70917349544560393	-0.27794036955198609	-0.64793635648661885	
					-0.60216955194265287	-0.23920301156764945	0.76169109790479039	
					-0.36669303301188472	0.93033868382384211	0.0022692103120552139	
				Mass
					0.00078490312799469892
				MomentOfInertias
					3.5335199000000006e-08	3.3949775999999998e-08	2.8082920000000003e-09	
				Density
					10
			RefPoints
				RefPoint
					Position3D
						0	0	0	
					RotationMatrix
						1	0	0	
						0	1	0	
						0	0	1	
					Markers
						Marker
							Name
								Marker0
							Position3D
								0	0	0	
							RotationMatrix
								1	0	0	
								0	1	0	
								0	0	1	
				RefPoint
					Position3D
						0	0	0	
					RotationMatrix
						1	0	0	
						0	1	0	
						0	0	1	
					Markers
						Marker
							Name
								Marker1
							Position3D
								0.011619956269554109	-0.014403090318766616	-0.00018269393672451173	
							RotationMatrix
								0.82738073760377717	-0.22777049303894434	-0.51338262294610815	
								-0.023048475713432298	0.89953559549387196	-0.43623901729071912	
								0.56116831949916501	0.37276844681421362	0.7390086618235282	
			RefCurves
			RefSurfaces
		Part
			Name
				structural_node_12
			Position3D
				0.05566324793510679	0.010800127344538691	0.065004667874245678	
			RotationMatrix
				-0.75399112555383163	0.25844672395581486	0.60390617935451951	
				0.65688460370204649	0.29665582967439241	0.69317958433540383	
				-2.2959973687841639e-06	0.91934792630249884	-0.39344553676210853	
			Velocity3D
				0	0	0	
			Omega3D
				0	0	0	
			FeatureOrder
			PrincipalMassMarker
				Name
					MassMarker
				Position3D
					-4.0001580714488226e-11	-1.1038727905088309e-09	-0.00070000000000000639	
				RotationMatrix
					-0.031164694419848288	-0.0033591289864235659	-0.99950860954407794	
					-0.99950456430267509	0.0013523153152038506	0.031160579134816738	
					0.0012469783957590539	0.99998452722580822	-0.003399669873218335	
				Mass
					0.00020169322932362475
				MomentOfInertias
					4.1972700000000003e-10	4.1388100000000008e-10	3.5068100000000003e-10	
				Density
					10
			RefPoints
				RefPoint
					Position3D
						0	0	0	
					RotationMatrix
						1	0	0	
						0	1	0	
						0	0	1	
					Markers
						Marker
							Name
								Marker0
							Position3D
								0	0	0	
							RotationMatrix
								1	0	0	
								0	1	0	
								0	0	1	
				RefPoint
					Position3D
						0	0	0	
					RotationMatrix
						1	0	0	
						0	1	0	
						0	0	1	
					Markers
						Marker
							Name
								Marker1
							Position3D
								-5.4320585586232542e-05	-0.0014990161019754139	-0.00070000000000001355	
							RotationMatrix
								0.99578529272053196	-0.084262785472086613	0.036213723724154205	
								-0.036084762630269746	0.0030534721034352493	0.9993440679836102	
								-0.084318092408458514	-0.99643888889013077	7.6605388699135786e-15	
			RefCurves
			RefSurfaces
		Part
			Name
				structural_node_13
			Position3D
				0.053630926565370649	0.011865166881884942	-0.017953374791840605	
			RotationMatrix
				-0.77182351665283722	-0.23617412913224142	0.59034755853672738	
				0.63583681793502411	-0.2866993890893309	0.71659961014088436	
				9.9955213306301971e-06	0.92845314422669267	0.37144953745516729	
			Velocity3D
				0	0	0	
			Omega3D
				0	0	0	
			FeatureOrder
			PrincipalMassMarker
				Name
					MassMarker
				Position3D
					-3.9609204804946785e-11	-1.1038869658364093e-09	-0.00070000000000000997	
				RotationMatrix
					-0.03467403636832133	-0.0060494337507538756	-0.99938032121401577	
					-0.99936038755744194	-0.0019346585807674824	0.034687550793523377	
					-0.0021432997543881878	0.99994386252346223	-0.0059789121182415783	
				Mass
					0.00020169322932362462
				MomentOfInertias
					4.1972700000000003e-10	4.1388100000000008e-10	3.5068100000000003e-10	
				Density
					10
			RefPoints
				RefPoint
					Position3D
						0	0	0	
					RotationMatrix
						1	0	0	
						0	1	0	
						0	0	1	
					Markers
						Marker
							Name
								Marker0
							Position3D
								0	0	0	
							RotationMatrix
								1	0	0	
								0	1	0	
								0	0	1	
				RefPoint
					Position3D
						0	0	0	
					RotationMatrix
						1	0	0	
						0	1	0	
						0	0	1	
					Markers
						Marker
							Name
								Marker1
							Position3D
								5.3787774083822627e-05	0.001499035314913936	-0.00070000000000000281	
							RotationMatrix
								0.99536659645210857	-0.089216060738051647	-0.035858516055879454	
								-0.035715338449928413	0.0032012143222268285	-0.99935687660928729	
								0.08927347459773563	0.99600715194884404	-2.2204460492503126e-16	
			RefCurves
			RefSurfaces
		Part
			Name
				structural_node_14
			Position3D
				0.042515784658854944	0.024552228262156407	0.064214204468605193	
			RotationMatrix
				-0.70710816029665413	-0.28320206843495388	0.64791561030433964	
				0.70710540206383821	-0.28319832126145345	0.6479202583704512	
				-3.7441941425631065e-06	0.9162943300429498	0.40050555641229585	
			Velocity3D
				0	0	0	
			Omega3D
				0	0	0	
			FeatureOrder
			PrincipalMassMarker
				Name
					MassMarker
				Position3D
					-1.1045973558054812e-09	-7.105427357601002e-18	-0.00070000000000003122	
				RotationMatrix
					-0.99999206516089867	2.3279576122374427e-16	-5.7639447824671852e-17	
					-5.8946865682667715e-17	-0.0056219913074559893	0.99998419623119217	
					2.324680336987176e-16	0.99997626151749119	0.0056220359174064156	
				Mass
					0.00020169322932362451
				MomentOfInertias
					4.1972700000000003e-10	4.1388100000000008e-10	3.5068100000000003e-10	
				Density
					10
			RefPoints
				RefPoint
					Position3D
						0	0	0	
					RotationMatrix
						1	0	0	
						0	1	0	
						0	0	1	
					Markers
						Marker
							Name
								Marker0
							Position3D
								0	0	0	
							RotationMatrix
								1	0	0	
								0	1	0	
								0	0	1	
				RefPoint
					Position3D
						0	0	0	
					RotationMatrix
						1	0	0	
						0	1	0	
						0	0	1	
					Markers
						Marker
							Name
								Marker1
							Position3D
								0.0014999999999999963	0	-0.00070000000000000281	
							RotationMatrix
								1.1490034576926194e-15	-1.3389241789831056e-16	-1	
								-0.4005055155389079	0.91629434791605779	-5.8286708792820709e-16	
								0.91629434791605779	0.4005055155389079	9.9920072216264069e-16	
			RefCurves
			RefSurfaces
		Part
			Name
				structural_node_15
			Position3D
				0.044705342350262772	0.021084931539941315	-0.024703467574496683	
			RotationMatrix
				-0.70710802083300739	0.28676502034479129	0.64634671035000923	
				0.70710554152800231	0.28676118587179777	0.64635112393945049	
				3.744062071153742e-06	0.9140754046489008	-0.40554426959572526	
			Velocity3D
				0	0	0	
			Omega3D
				0	0	0	
			FeatureOrder
			PrincipalMassMarker
				Name
					MassMarker
				Position3D
					-1.1045973771217632e-09	7.105427357601002e-18	-0.00070000000000003122	
				RotationMatrix
					-0.99999246543109688	-5.1638386216802155e-15	-2.333290938391453e-15	
					-2.3030359982720191e-15	-0.0058478271597018766	0.99998290105490506	
					-5.177395007608155e-15	0.9999753666148351	0.0058478712208905274	
				Mass
					0.00020169322932362462
				MomentOfInertias
					4.1972700000000003e-10	4.1388100000000008e-10	3.5068100000000003e-10	
				Density
					10
			RefPoints
				RefPoint
					Position3D
						0	0	0	
					RotationMatrix
						1	0	0	
						0	1	0	
						0	0	1	
					Markers
						Marker
							Name
								Marker0
							Position3D
								0	0	0	
							RotationMatrix
								1	0	0	
								0	1	0	
								0	0	1	
				RefPoint
					Position3D
						0	0	0	
					RotationMatrix
						1	0	0	
						0	1	0	
						0	0	1	
					Markers
						Marker
							Name
								Marker1
							Position3D
								0.0015000000000000018	3.552713678800501e-18	-0.00069999999999999576	
							RotationMatrix
								-4.3400022076025735e-15	7.3268669676954506e-17	-1	
								0.4055443098725896	0.91407538678708833	-1.6930901125533633e-15	
								0.91407538678708833	-0.4055443098725896	-3.9968028886505628e-15	
			RefCurves
			RefSurfaces
		Part
			Name
				structural_node_16
			Position3D
				0.054526611833130866	0.017471169090787615	0.05863255536975865	
			RotationMatrix
				0.70710678118654435	4.5102810375396975e-16	0.70710678118655068	
				0.70710678118655068	-3.7591797598878377e-16	-0.70710678118654435	
				-5.3110880678548301e-17	1	-5.8473918066173268e-16	
			Velocity3D
				0	0	0	
			Omega3D
				0	0	0	
			FeatureOrder
			PrincipalMassMarker
				Name
					MassMarker
				Position3D
					0.00030906192727327662	0.00061398807828844321	0.014135424682208225	
				RotationMatrix
					-0.42955713192514894	0.87246095546556102	0.23300762133535652	
					0.90298142328436104	0.41791561988819559	0.099855314614772137	
					-0.010257661311921171	0.25329511610290861	-0.96733467039221954	
				Mass
					0.0016114420499124108
				MomentOfInertias
					6.5117883000000013e-08	5.8589955000000006e-08	1.3370355000000002e-08	
				Density
					10
			RefPoints
				RefPoint
					Position3D
						0	0	0	
					RotationMatrix
						1	0	0	
						0	1	0	
						0	0	1	
					Markers
						Marker
							Name
								Marker0
							Position3D
								0	0	0	
							RotationMatrix
								1	0	0	
								0	1	0	
								0	0	1	
				RefPoint
					Position3D
						0	0	0	
					RotationMatrix
						1	0	0	
						0	1	0	
						0	0	1	
					Markers
						Marker
							Name
								Marker1
							Position3D
								0.00021259038801903075	0.005891650863571172	0.013649999999999999	
							RotationMatrix
								-7.7609831747542891e-15	-0.90703620390274986	-0.42105263900097961	
								4.2027273145974522e-16	0.42105263900097961	-0.90703620390274986	
								1	-7.2164496600635175e-15	-2.886579864025407e-15	
				RefPoint
					Position3D
						0	0	0	
					RotationMatrix
						1	0	0	
						0	1	0	
						0	0	1	
					Markers
						Marker
							Name
								Marker2
							Position3D
								-0.0045076830088100336	-0.0016494829165788331	0.020449999999999989	
							RotationMatrix
								1	0	0	
								0	1	0	
								0	0	1	
			RefCurves
			RefSurfaces
		Part
			Name
				structural_node_17
			Position3D
				0.041659689625732667	0.020160592970743609	-0.027721351896180191	
			RotationMatrix
				0.70710714172138733	5.8228255309462347e-07	0.70710642065128415	
				0.70710642065094265	6.9983904455242729e-07	-0.70710714172162226	
				-9.065968336185893e-07	0.99999999999958555	8.3125454532261863e-08	
			Velocity3D
				0	0	0	
			Omega3D
				0	0	0	
			FeatureOrder
			PrincipalMassMarker
				Name
					MassMarker
				Position3D
					0.0002764559346451634	-0.00062934311173481919	0.01413542468170668	
				RotationMatrix
					0.47329318936114195	0.84959441756902176	0.23276405323333876	
					0.88079158315148665	-0.46061094175842515	-0.10972602697183957	
					0.01399104979001356	0.25694920020957801	-0.96632349372627924	
				Mass
					0.0016114420497206471
				MomentOfInertias
					6.5117883000000013e-08	5.8589955000000006e-08	1.3370355000000002e-08	
				Density
					10
			RefPoints
				RefPoint
					Position3D
						0	0	0	
					RotationMatrix
						1	0	0	
						0	1	0	
						0	0	1	
					Markers
						Marker
							Name
								Marker0
							Position3D
								0	0	0	
							RotationMatrix
								1	0	0	
								0	1	0	
								0	0	1	
				RefPoint
					Position3D
						0	0	0	
					RotationMatrix
						1	0	0	
						0	1	0	
						0	0	1	
					Markers
						Marker
							Name
								Marker1
							Position3D
								-9.6503057966415895e-05	-0.0058946952195257831	0.013650000000000001	
							RotationMatrix
								-6.1609070171457721e-17	0.92785824478971846	-0.37293307385607888	
								-1.4441684721930827e-16	0.37293307385607893	0.92785824478971823	
								1.0000000000000002	1.110223024625157e-16	1.1102230246251565e-16	
				RefPoint
					Position3D
						0	0	0	
					RotationMatrix
						1	0	0	
						0	1	0	
						0	0	1	
					Markers
						Marker
							Name
								Marker2
							Position3D
								-0.0044150321391505333	0.0018834784868077712	0.020450000000000003	
							RotationMatrix
								1	0	0	
								0	1	0	
								0	0	1	
			RefCurves
			RefSurfaces
		Part
			Name
				structural_node_18
			Position3D
				0.092516094184293185	0.043837848461789196	0.17087647316948854	
			RotationMatrix
				0.99999999999534372	-2.4723466073115262e-06	1.788889576081611e-06	
				2.4723461757475421e-06	0.99999999999691469	2.4124902615665195e-07	
				-1.7888901725273031e-06	-2.4124460340122641e-07	0.99999999999837086	
			Velocity3D
				0	0	0	
			Omega3D
				0	0	0	
			FeatureOrder
			PrincipalMassMarker
				Name
					MassMarker
				Position3D
					-0.0089807522882286717	-0.015243524654396726	-0.055663148237151919	
				RotationMatrix
					0.29538071629159501	0.919034930345905	0.26099366750561792	
					-0.93403630843631236	0.22038267252023772	0.28107010346758854	
					0.20079476100690513	-0.32680025021261072	0.92351605425064809	
				Mass
					0.012460076105182932
				MomentOfInertias
					1.0698233404000002e-05	9.6517573760000009e-06	1.0517916220000001e-06	
				Density
					10
			RefPoints
				RefPoint
					Position3D
						0	0	0	
					RotationMatrix
						1	0	0	
						0	1	0	
						0	0	1	
					Markers
						Marker
							Name
								Marker0
							Position3D
								-0.037591172638640744	-0.031995142111220468	-0.1025095196111728	
							RotationMatrix
								-0.7071067811865509	-0.64137145056133549	0.29772917627408235	
								0.70710678118654413	-0.64137145056134159	0.29772917627408518	
								0	0.42105263900097917	0.90703620390274997	
				RefPoint
					Position3D
						0	0	0	
					RotationMatrix
						1	0	0	
						0	1	0	
						0	0	1	
					Markers
						Marker
							Name
								Marker1
							Position3D
								-0.033574969171006698	-0.031699875516823059	-0.093340812194514219	
							RotationMatrix
								0.70710678118654957	-0.64137145056133515	-0.29772917627408635	
								-0.70710678118654557	-0.64137145056133882	-0.29772917627408807	
								0	0.42105263900098411	-0.90703620390274775	
			RefCurves
			RefSurfaces
		Part
			Name
				structural_node_19
			Position3D
				0.078002340736020692	0.042276082512744513	-0.13105641249667629	
			RotationMatrix
				0.99999999999849154	-1.4344224486280358e-06	-9.7948687366608535e-07	
				1.4344222392024522e-06	0.9999999999989484	-2.1381219571890513e-07	
				9.7948718036206866e-07	2.1381079072082802e-07	0.9999999999994974	
			Velocity3D
				0	0	0	
			Omega3D
				0	0	0	
			FeatureOrder
			PrincipalMassMarker
				Name
					MassMarker
				Position3D
					-0.0089671810296269427	-0.012510027775500298	0.055253433728189805	
				RotationMatrix
					0.4411831488754282	0.86725916202207631	-0.23068151720072935	
					-0.88946924640622038	0.38845542229933294	-0.24071114838336974	
					-0.11914946265547277	0.31138181767757178	0.94278533116819807	
				Mass
					0.012460083083106369
				MomentOfInertias
					1.0698239803000001e-05	9.6517640120000017e-06	1.051791306e-06	
				Density
					10
			RefPoints
				RefPoint
					Position3D
						0	0	0	
					RotationMatrix
						1	0	0	
						0	1	0	
						0	0	1	
					Markers
						Marker
							Name
								Marker0
							Position3D
								-0.035435984192918692	-0.029580665477487358	0.10322998305248207	
							RotationMatrix
								-0.70710678118654735	0.65609485687065705	0.2637035054523777	
								0.70710678118654768	0.65609485687065683	0.26370350545237758	
								2.7755575615628914e-17	0.37293307385607988	-0.92785824478971768	
				RefPoint
					Position3D
						0	0	0	
					RotationMatrix
						1	0	0	
						0	1	0	
						0	0	1	
					Markers
						Marker
							Name
								Marker1
							Position3D
								-0.031348709671145843	-0.029425577716049985	0.09408928268995996	
							RotationMatrix
								0.70710678118654524	0.65609485687065694	-0.26370350545238458	
								-0.70710678118655002	0.6560948568706525	-0.2637035054523828	
								0	0.37293307385608848	0.92785824478971446	
			RefCurves
			RefSurfaces
		Part
			Name
				structural_node_2
			Position3D
				0.020036506099702277	0.020006856376936291	0.041903828732695214	
			RotationMatrix
				6.123233995736766e-17	0	1	
				0.9999999999998872	4.750548122158106e-07	-6.1232339957360758e-17	
				-4.750548122158106e-07	0.9999999999998872	2.908871775998197e-23	
			Velocity3D
				0	0	0	
			Omega3D
				0	0	0	
			FeatureOrder
			PrincipalMassMarker
				Name
					MassMarker
				Position3D
					-0.00012202234401962997	0.00010912443891739799	0.030385870620870174	
				RotationMatrix
					0.28923343011568975	0.9572031293326233	-0.0099990001499747818	
					-0.95723204499853098	0.28913771792795273	-0.0099990001499752242	
					-0.0066799861488286861	0.012463408472605608	0.99990001499750059	
				Mass
					0.0097198376573862239
				MomentOfInertias
					2.7489439610000006e-06	2.7441275680000002e-06	2.8767802600000003e-07	
				Density
					10
			RefPoints
				RefPoint
					Position3D
						0	0	0	
					RotationMatrix
						1	0	0	
						0	1	0	
						0	0	1	
					Markers
						Marker
							Name
								Marker0
							Position3D
								0	0	0	
							RotationMatrix
								1	0	0	
								0	1	0	
								0	0	1	
				RefPoint
					Position3D
						0	0	0	
					RotationMatrix
						1	0	0	
						0	1	0	
						0	0	1	
					Markers
						Marker
							Name
								Marker1
							Position3D
								0.0019304158516275792	0.0018133779158601797	0.0088057142721565639	
							RotationMatrix
								0.98281452881419928	-0.014873588261971885	-0.18399559321879772	
								-1.5612511283791264e-16	0.99674864361697746	-0.080573826070979057	
								0.18459577988600917	0.079189126904706558	0.9796190485226115	
				RefPoint
					Position3D
						0	0	0	
					RotationMatrix
						1	0	0	
						0	1	0	
						0	0	1	
					Markers
						Marker
							Name
								Marker2
							Position3D
								-0.0030374651652239457	-0.00036211538810186286	0.035255428582273873	
							RotationMatrix
								0.98281452881518672	-0.014873588262344233	-0.18399559321349285	
								-6.9388939039072284e-17	0.99674864361662874	-0.08057382607529058	
								0.18459577988075157	0.079189126909023536	0.9796190485232531	
			RefCurves
			RefSurfaces
		Part
			Name
				structural_node_3
			Position3D
				0.020036506091871853	0.022006856245575197	0.0039038266463542691	
			RotationMatrix
				6.123233995736766e-17	0	1	
				0.99999999999998523	-1.7181640748469957e-07	-6.1232339957366761e-17	
				1.7181640748469957e-07	0.99999999999998523	-1.0520720673356734e-23	
			Velocity3D
				0	0	0	
			Omega3D
				0	0	0	
			FeatureOrder
			PrincipalMassMarker
				Name
					MassMarker
				Position3D
					-0.0001124046522727582	-0.00011900800636395736	0.030385871132171338	
				RotationMatrix
					-0.20002999175243671	0.9797370999334295	-0.0099990001499747835	
					-0.97975709603479877	-0.19993202683888481	0.0099990001499747835	
					0.0077972710428234476	0.01179669126772288	0.99990001499750059	
				Mass
					0.0097198373622408452
				MomentOfInertias
					2.7489438030000002e-06	2.7441274889999998e-06	2.8767802600000003e-07	
				Density
					10
			RefPoints
				RefPoint
					Position3D
						0	0	0	
					RotationMatrix
						1	0	0	
						0	1	0	
						0	0	1	
					Markers
						Marker
							Name
								Marker0
							Position3D
								0	0	0	
							RotationMatrix
								1	0	0	
								0	1	0	
								0	0	1	
				RefPoint
					Position3D
						0	0	0	
					RotationMatrix
						1	0	0	
						0	1	0	
						0	0	1	
					Markers
						Marker
							Name
								Marker1
							Position3D
								0.0020761975451982907	-0.0016444599658419908	0.0088057142721565569	
							RotationMatrix
								0.98168234225442974	0.012346211376559767	-0.19012456435322037	
								-9.1940344226770776e-17	0.99789820633132154	0.064801001541111888	
								0.19052500861004185	-0.063613998973311617	0.979619048522826	
				RefPoint
					Position3D
						0	0	0	
					RotationMatrix
						1	0	0	
						0	1	0	
						0	0	1	
					Markers
						Marker
							Name
								Marker2
							Position3D
								-0.0030571656923347205	0.0001051670757542551	0.035255428582274574	
							RotationMatrix
								0.98168234225450213	0.01234621137630087	-0.19012456435286373	
								-1.214306433183765e-16	0.99789820633140147	0.06480100153987961	
								0.1905250086096692	-0.063613998972106581	0.97961904852297677	
			RefCurves
			RefSurfaces
		Part
			Name
				structural_node_4
			Position3D
				0.029205912716029951	0.020259708889364177	0.046536848573671116	
			RotationMatrix
				0.18459536410736604	0.079188788872450719	0.97961915419564116	
				0.98281460690697831	-0.014874090715859267	-0.18399513546737634	
				5.9223041531941689e-07	0.99674866297492004	-0.080573586598577385	
			Velocity3D
				0	0	0	
			Omega3D
				0	0	0	
			FeatureOrder
			PrincipalMassMarker
				Name
					MassMarker
				Position3D
					7.105427357601002e-18	1.4210854715202004e-17	0.0015000011045973665	
				RotationMatrix
					-0.00086445815896092843	0.88040602995284989	-0.47421153811073441	
					0.0020034640636309663	0.47420987417922256	0.88040825282108315	
					0.99999252842576181	-0.0001889896777963017	-0.0021738185708912346	
				Mass
					0.00020169322932362446
				MomentOfInertias
					4.1972700000000003e-10	4.1388100000000008e-10	3.5068100000000003e-10	
				Density
					10
			RefPoints
				RefPoint
					Position3D
						0	0	0	
					RotationMatrix
						1	0	0	
						0	1	0	
						0	0	1	
					Markers
						Marker
							Name
								Marker0
							Position3D
								0	0	0	
							RotationMatrix
								1	0	0	
								0	1	0	
								0	0	1	
				RefPoint
					Position3D
						0	0	0	
					RotationMatrix
						1	0	0	
						0	1	0	
						0	0	1	
					Markers
						Marker
							Name
								Marker1
							Position3D
								0.00061567486340294764	0.00033308326672734266	0.0015	
							RotationMatrix
								0.043549498266468749	-0.47383616552500613	0.8795355191470654	
								-0.080497383311729495	0.87584410754497988	0.47583323818193091	
								-0.99580299883094514	-0.091522606602394529	4.4408920985006262e-16	
			RefCurves
			RefSurfaces
		Part
			Name
				structural_node_5
			Position3D
				0.030451667108284921	0.024261392576350058	0.055928336769241277	
			RotationMatrix
				-0.97384612771121781	-0.1077503997883353	0.20003392434114914	
				0.22720853704595101	-0.46189203755346714	0.85734008791036087	
				1.5339666841571176e-05	0.88036674005221283	0.47429358289411233	
			Velocity3D
				0	0	0	
			Omega3D
				0	0	0	
			FeatureOrder
			PrincipalMassMarker
				Name
					MassMarker
				Position3D
					-0.011708133331376384	0.0062033952047391237	-0.00069946373914464034	
				RotationMatrix
					-0.40605315418381827	-0.23168922783201482	-0.88398084190761139	
					-0.77154163067118797	-0.43138302341673951	0.46750931119495065	
					-0.48965119953961561	0.87186165066850208	-0.0035937565767588235	
				Mass
					0.00094063969244024984
				MomentOfInertias
					8.2552787999999997e-08	8.158085100000001e-08	2.8500040000000003e-09	
				Density
					10
			RefPoints
				RefPoint
					Position3D
						0	0	0	
					RotationMatrix
						1	0	0	
						0	1	0	
						0	0	1	
					Markers
						Marker
							Name
								Marker0
							Position3D
								0	0	0	
							RotationMatrix
								1	0	0	
								0	1	0	
								0	0	1	
				RefPoint
					Position3D
						0	0	0	
					RotationMatrix
						1	0	0	
						0	1	0	
						0	0	1	
					Markers
						Marker
							Name
								Marker1
							Position3D
								-0.023696513945399768	0.011877857349965283	-0.00033626168530405208	
							RotationMatrix
								0.89750800582319168	-0.18492741744034608	-0.4003513828652549	
								-0.20915931400534965	0.62072494073426498	-0.75561427283717642	
								0.38824188445876046	0.76190707978682515	0.51842631195052524	
			RefCurves
			RefSurfaces
		Part
			Name
				structural_node_6
			Position3D
				0.027850749804795825	0.025022139415874223	-0.0028606589244264315	
			RotationMatrix
				0.19052488105922155	-0.063613856079035386	0.97961908260921771	
				0.98168236700943723	0.012346524824152993	-0.19012441617928899	
				-3.4407370880229493e-07	0.99789821156244318	0.064800920983881613	
			Velocity3D
				0	0	0	
			Omega3D
				0	0	0	
			FeatureOrder
			PrincipalMassMarker
				Name
					MassMarker
				Position3D
					7.105427357601002e-18	0	0.0015000011045973665	
				RotationMatrix
					-0.0034133618317735122	0.8722825561764731	0.4889877593665739	
					-0.00084051208374648486	-0.48899214665232421	0.87228733812063797	
					0.9999922031556131	0.0025664321857285779	0.0024022789324107761	
				Mass
					0.00020169322932362456
				MomentOfInertias
					4.1972700000000003e-10	4.1388100000000008e-10	3.5068100000000003e-10	
				Density
					10
			RefPoints
				RefPoint
					Position3D
						0	0	0	
					RotationMatrix
						1	0	0	
						0	1	0	
						0	0	1	
					Markers
						Marker
							Name
								Marker0
							Position3D
								0	0	0	
							RotationMatrix
								1	0	0	
								0	1	0	
								0	0	1	
				RefPoint
					Position3D
						0	0	0	
					RotationMatrix
						1	0	0	
						0	1	0	
						0	0	1	
					Markers
						Marker
							Name
								Marker1
							Position3D
								0.00061075629328474085	-0.00034201864015442586	0.0015000000000000035	
							RotationMatrix
								0.036264173786728943	0.48725041955745857	0.8725089904067731	
								0.064758377938165079	0.87010245995943736	-0.48859805736346662	
								-0.99724182733496691	0.07422087181929557	-1.9984014443252814e-15	
			RefCurves
			RefSurfaces
		Part
			Name
				structural_node_7
			Position3D
				0.027449768358099012	0.024393212434369121	-0.0069847336619689995	
			RotationMatrix
				-0.97412770789199576	0.11018906682322241	0.19731593516417764	
				0.22599824936206087	0.47495751662125574	0.85049406152556606	
				-1.5395771840731598e-06	0.87308288664799583	-0.48757181321322568	
			Velocity3D
				0	0	0	
			Omega3D
				0	0	0	
			FeatureOrder
			PrincipalMassMarker
				Name
					MassMarker
				Position3D
					-0.011530346251126349	-0.0065279104872184458	-0.00070000000000000639	
				RotationMatrix
					0.43478944786302048	-0.23474741590984047	-0.86939618115751471	
					-0.76518239128882704	0.41272177126517351	-0.49411562278029025	
					0.47481109742686173	0.88008290768461628	-0.00017751950818526203	
				Mass
					0.00094063972981477963
				MomentOfInertias
					8.2577515000000001e-08	8.1556124000000006e-08	2.8500040000000003e-09	
				Density
					10
			RefPoints
				RefPoint
					Position3D
						0	0	0	
					RotationMatrix
						1	0	0	
						0	1	0	
						0	0	1	
					Markers
						Marker
							Name
								Marker0
							Position3D
								0	0	0	
							RotationMatrix
								1	0	0	
								0	1	0	
								0	0	1	
				RefPoint
					Position3D
						0	0	0	
					RotationMatrix
						1	0	0	
						0	1	0	
						0	0	1	
					Markers
						Marker
							Name
								Marker1
							Position3D
								-0.02334987921568972	-0.012545026142969321	-0.00031860822646855171	
							RotationMatrix
								0.8955513107219546	0.16527707845656872	-0.41312387633862363	
								0.21694879763694955	0.6484296848822757	0.7297069020965572	
								0.38848560985971037	-0.74311670086220905	0.54484539075924565	
			RefCurves
			RefSurfaces
		Part
			Name
				structural_node_8
			Position3D
				0.056291474960079246	0.019342179799961792	-0.001949761648371878	
			RotationMatrix
				0.19052459249427844	-0.063614239094429537	0.97961911385973166	
				0.98168242301348629	0.012345089141303889	-0.1901242202363069	
				1.1223186309194944e-06	0.99789820490796055	0.064801023450331299	
			Velocity3D
				0	0	0	
			Omega3D
				0	0	0	
			FeatureOrder
			PrincipalMassMarker
				Name
					MassMarker
				Position3D
					7.105427357601002e-18	1.7763568394002505e-18	0.0015000011045973381	
				RotationMatrix
					-0.0023207089222019111	0.99908316800760177	-0.042663675094919723	
					-0.0020266711494467946	0.042658848394994481	0.99908763480135077	
					0.99999162254240259	0.0024050568275893447	0.0019258282473187114	
				Mass
					0.00020169322932362454
				MomentOfInertias
					4.1972700000000003e-10	4.1388100000000008e-10	3.5068100000000003e-10	
				Density
					10
			RefPoints
				RefPoint
					Position3D
						0	0	0	
					RotationMatrix
						1	0	0	
						0	1	0	
						0	0	1	
					Markers
						Marker
							Name
								Marker0
							Position3D
								0	0	0	
							RotationMatrix
								1	0	0	
								0	1	0	
								0	0	1	
				RefPoint
					Position3D
						0	0	0	
					RotationMatrix
						1	0	0	
						0	1	0	
						0	0	1	
					Markers
						Marker
							Name
								Marker1
							Position3D
								0.0006994078313455461	2.8786897236597219e-05	0.0014999999999999929	
							RotationMatrix
								-0.0026671321847417913	-0.041037558491591242	0.99915404477936165	
								0.064800771056118228	0.99705048280891562	0.041124138909424686	
								-0.99789465700365498	0.064855636019997026	3.6637359812630174e-15	
			RefCurves
			RefSurfaces
		Part
			Name
				structural_node_9
			Position3D
				0.055639160484745626	0.019678699720832336	0.046554249128441971	
			RotationMatrix
				0.18459401433360301	0.079190268627959137	0.97961928892138361	
				0.98281486040857002	-0.014867892546769679	-0.18399428233317713	
				-5.6823195467847754e-06	0.9967486378851238	-0.080573896777193676	
			Velocity3D
				0	0	0	
			Omega3D
				0	0	0	
			FeatureOrder
			PrincipalMassMarker
				Name
					MassMarker
				Position3D
					-1.4210854715202004e-17	-2.1316282072803006e-17	0.0015000011045973097	
				RotationMatrix
					-5.6085955781976936e-05	0.99843546517321036	0.05565691673519494	
					-0.00022817593610205113	-0.055656120668529374	0.99844992577641756	
					0.99998546416858747	4.3299449311007291e-05	0.00023094717484522761	
				Mass
					0.00020169322932362475
				MomentOfInertias
					4.1972700000000003e-10	4.1388100000000008e-10	3.5068100000000003e-10	
				Density
					10
			RefPoints
				RefPoint
					Position3D
						0	0	0	
					RotationMatrix
						1	0	0	
						0	1	0	
						0	0	1	
					Markers
						Marker
							Name
								Marker0
							Position3D
								0	0	0	
							RotationMatrix
								1	0	0	
								0	1	0	
								0	0	1	
				RefPoint
					Position3D
						0	0	0	
					RotationMatrix
						1	0	0	
						0	1	0	
						0	0	1	
					Markers
						Marker
							Name
								Marker1
							Position3D
								0.00069909804903395668	-3.5523482893978553e-05	0.0015	
							RotationMatrix
								-0.0040941881426999321	0.050582409469853956	0.99871149861993491	
								-0.08057315076565659	0.99545598840499783	-0.050747832705681097	
								-0.99674028964377026	-0.08067710332463017	-2.6645352591003749e-15	
			RefCurves
			RefSurfaces
	KinematicIJs
	ConstraintSets
		Joints
			FixedJoint
				Name
					joint_1
				MarkerI
					/Assembly/Marker0
				MarkerJ
					/Assembly/structural_node_1/Marker0
			RevoluteJoint
				Name
					joint_2
				MarkerI
					/Assembly/structural_node_1/Marker1
				MarkerJ
					/Assembly/structural_node_2/Marker0
			RevoluteJoint
				Name
					joint_4
				MarkerI
					/Assembly/structural_node_1/Marker2
				MarkerJ
					/Assembly/structural_node_3/Marker0
			RevoluteJoint
				Name
					joint_6
				MarkerI
					/Assembly/structural_node_2/Marker1
				MarkerJ
					/Assembly/structural_node_4/Marker0
			RevoluteJoint
				Name
					joint_8
				MarkerI
					/Assembly/structural_node_4/Marker1
				MarkerJ
					/Assembly/structural_node_5/Marker0
			RevoluteJoint
				Name
					joint_10
				MarkerI
					/Assembly/structural_node_3/Marker1
				MarkerJ
					/Assembly/structural_node_6/Marker0
			RevoluteJoint
				Name
					joint_12
				MarkerI
					/Assembly/structural_node_6/Marker1
				MarkerJ
					/Assembly/structural_node_7/Marker0
			RevoluteJoint
				Name
					joint_14
				MarkerI
					/Assembly/structural_node_3/Marker2
				MarkerJ
					/Assembly/structural_node_8/Marker0
			RevoluteJoint
				Name
					joint_16
				MarkerI
					/Assembly/structural_node_2/Marker2
				MarkerJ
					/Assembly/structural_node_9/Marker0
			RevoluteJoint
				Name
					joint_18
				MarkerI
					/Assembly/structural_node_9/Marker1
				MarkerJ
					/Assembly/structural_node_10/Marker0
			RevoluteJoint
				Name
					joint_20
				MarkerI
					/Assembly/structural_node_8/Marker1
				MarkerJ
					/Assembly/structural_node_11/Marker0
			RevoluteJoint
				Name
					joint_22
				MarkerI
					/Assembly/structural_node_5/Marker1
				MarkerJ
					/Assembly/structural_node_12/Marker0
			RevoluteJoint
				Name
					joint_24
				MarkerI
					/Assembly/structural_node_7/Marker1
				MarkerJ
					/Assembly/structural_node_13/Marker0
			RevoluteJoint
				Name
					joint_26
				MarkerI
					/Assembly/structural_node_10/Marker1
				MarkerJ
					/Assembly/structural_node_14/Marker0
			RevoluteJoint
				Name
					joint_28
				MarkerI
					/Assembly/structural_node_11/Marker1
				MarkerJ
					/Assembly/structural_node_15/Marker0
			RevoluteJoint
				Name
					joint_30
				MarkerI
					/Assembly/structural_node_14/Marker1
				MarkerJ
					/Assembly/structural_node_16/Marker0
			RevoluteJoint
				Name
					joint_32
				MarkerI
					/Assembly/structural_node_15/Marker1
				MarkerJ
					/Assembly/structural_node_17/Marker0
			RevoluteJoint
				Name
					joint_34
				MarkerI
					/Assembly/structural_node_12/Marker1
				MarkerJ
					/Assembly/structural_node_18/Marker0
			RevoluteJoint
				Name
					joint_36
				MarkerI
					/Assembly/structural_node_13/Marker1
				MarkerJ
					/Assembly/structural_node_19/Marker0
			RevoluteJoint
				Name
					joint_38
				MarkerI
					/Assembly/structural_node_17/Marker1
				MarkerJ
					/Assembly/structural_node_19/Marker1
			RevoluteJoint
				Name
					joint_40
				MarkerI
					/Assembly/structural_node_16/Marker1
				MarkerJ
					/Assembly/structural_node_18/Marker1
			SphericalJoint
				Name
					joint_42
				MarkerI
					/Assembly/structural_node_1/Marker3
				MarkerJ
					/Assembly/structural_node_16/Marker2
			SphericalJoint
				Name
					joint_43
				MarkerI
					/Assembly/structural_node_1/Marker4
				MarkerJ
					/Assembly/structural_node_17/Marker2
		Motions
			RotationalMotion
				Name
					joint_2Motion
				MarkerI
					/Assembly/structural_node_1/Marker1
				MarkerJ
					/Assembly/structural_node_2/Marker0
				MotionJoint
					/Assembly/joint_2
				RotationZ
					integral(time,  rampstep(time, 0.25, 0.0, 2.0, 0.0 + 0.5*(2.0 - 0.25))*-1)
			RotationalMotion
				Name
					joint_4Motion
				MarkerI
					/Assembly/structural_node_1/Marker2
				MarkerJ
					/Assembly/structural_node_3/Marker0
				MotionJoint
					/Assembly/joint_4
				RotationZ
					integral(time,  rampstep(time, 0.25, 0.0, 2.0, 0.0 + 0.5*(2.0 - 0.25)))
		GeneralConstraintSets
	ForceTorques
	ConstantGravity
		0	0	0	
	SimulationParameters
		tstart
			0
		tend
			8
		hmin
			1.0000000000000001e-09
		hmax
			1
		hout
			0.10000000000000001
		errorTol
			1e-08
	AnimationParameters
		nframe
			1000000
		icurrent
			1
		istart
			1
		iend
			1000000
		isForward
			true
		framesPerSecond
			30
TimeSeries
Number	Input	1	2	3	4	5	6	7	8	9	10	11	12	13	14	15	16	17	18	19	20	21	22	23	24	25	26	27	28	29	30	31	32	33	34	35	36	37	38	39	40	41	42	43	44	45	
