1 0.015036506082326075 0.020006856008321663 0.021903827363685954 1 0 0 0 1 0 0 0 1 0 -0 -0 0 -0 0 
2 0.020036506082326072 0.022006856008321661 0.031903827363685952 6.123233995736766e-17 0 1 1 6.2115141380790625e-10 -6.123233995736766e-17 -6.2115141380790625e-10 1 3.8034554535285271e-26 -0 -0 0 0 0 0 
3 0.020036506082326072 0.022006856008321661 0.011903827363685952 6.123233995736766e-17 0 1 1 -3.2370966445906128e-10 -6.123233995736766e-17 3.2370966445906128e-10 1 -1.9821500221642657e-26 0 0 0 0 0 0 
4 0.028842220349012959 0.023937265318136274 0.03371719910013276 0.19346704446384741 0.054007508751482032 0.97961915646075559 0.97216013305350446 -0.1450878445438204 -0.18399508979051787 0.1321937154626355 0.98794367570428165 -0.080573663365252152 -0 -0 0 0 0 0 
5 0.030448742735585704 0.024211480002396986 0.034006792314676876 -0.973912717814722 -0.11459961188178108 0.19585950841173641 0.22579063398541721 -0.57550220700533283 0.78601259489683395 0.022640841044565083 0.80973090510893564 0.58636443755420453 -0 0 0 0 0 0 
6 0.028842220351632138 0.024083049908249683 0.010259370344790315 0.19599080519992132 -0.043977418898809746 0.97961910501178218 0.97537667186217569 0.11177253917272456 -0.19012429480197268 -0.10113333903393171 0.99276023596530105 0.064800938434311839 -0 -0 0 0 0 0 
7 0.030446390147531914 0.024355352367421226 0.0099552621901646994 -0.97837206530784004 0.075731753592683193 0.19249104738415421 0.20084574200079508 0.57042683110022052 0.79641334637304417 -0.049488278869057836 0.81784957777010403 -0.5733000770938731 -0 0 0 0 0 0 
8 0.05529193465318813 0.01894969412335527 0.012008995410455966 0.18318261096686522 -0.082404753991288673 0.97961910330444113 0.97796940320758885 -0.086189306402162325 -0.19012430105514327 0.10009983730833272 0.99286497570492904 0.064800945898157519 0 -0 0 0 0 0 
9 0.055291934642700998 0.018969398087510386 0.031541710910444852 0.17553161267244363 0.097647128758096377 0.97961915620199613 0.97918504536366413 0.085688093811851496 -0.18399510187787638 -0.10190829156045161 0.99152538486122022 -0.08057363890900622 0 -0 0 0 0 0 
10 0.056880585865461623 0.019374902596622858 0.031314392012363725 -0.95710052718331584 -0.23439111769011456 0.17035076992311457 0.12676505325664311 0.18994953589633462 0.97357577778291482 -0.26055556439703886 0.95340441459054825 -0.15208819842773655 -0 -0 -0 -0 0 0 
11 0.056887104779862446 0.019346024693333883 0.012204787261843937 -0.95488077347335809 0.23650064727029452 0.17963894981783071 0.1381533256153987 -0.18171676260112773 0.97359780033192922 0.26289991835739884 0.95448753896030358 0.14084449189505388 0 -0 -0 0 0 0 
12 0.052099721798442133 0.011760765060380502 0.042891391887114577 -0.81327725270272533 0.066595011192566292 0.57805295148504288 0.56259524927958582 0.34360922734908722 0.75194367100774495 -0.14854863083969477 0.93674852728190894 -0.31691560534443042 -0 0 -0 0 0 0 
13 0.052279844857713191 0.012255843978528478 0.0010334798862587427 -0.8255473005701166 -0.0019137307537480501 0.56432968392243521 0.52529218399223254 -0.36808258388848075 0.76719184880618341 0.20625172958805438 0.92979113196060414 0.30487485132321818 -0 -0 -0 0 0 0 
14 0.042403042275236245 0.023403593240402372 0.042116336549485135 -0.72404170090295739 -0.45302198691942597 0.52012949803018083 0.65173187711100522 -0.20241175682393989 0.73094120218852887 -0.22585211026447835 0.86821688538464969 0.44180342260111594 -0 -0 -0 0 0 0 
15 0.042352275309424731 0.023390772898902335 0.0014863678131687545 -0.72548641566422634 0.45108091982291276 0.5198032940049423 0.65254609930957419 0.2107777517470921 0.72784361482690818 0.21875339760226112 0.86723626719606017 -0.44726749032017837 -0 0 -0 0 0 0 
16 0.040952898188771999 0.023869527447990282 0.041468305716737028 0.64034767289928241 -0.25635163905118497 0.72404329633540887 0.7568186881957143 0.049718836768190833 -0.65173116426033839 0.13107376171527174 0.96530403211951255 0.22584905260730931 0 0 0 0 0 0 
17 0.040900192004178534 0.023860096898610253 0.0021275758674646375 0.64966851188870578 0.22715358604265012 0.72548747267494496 0.75422460950720738 -0.072998930483940516 -0.65254608615936194 -0.095268373944427165 0.97111915051458286 -0.21874993126814832 0 0 0 0 0 0 
18 0.051798997821229972 0.051032031741566078 0.14810030017149761 -0.74439512960170562 0.66435175779931244 0.067176133665341031 -0.42448695813613491 -0.54847477522955823 0.72040699837606859 0.51544807051495622 0.5077520682831822 0.69029060819089771 0 0 0 -0 0 0 
19 0.051027046740366427 0.046987560840379208 -0.10503838060005191 -0.73484887659375597 0.67634107138829247 -0.050595293479053796 -0.47561408938972344 -0.56706419540902442 -0.67248006383765757 -0.48351666625141171 -0.47010738500735394 0.73838382973807626 0 0 0 0 0 0 
1 0.015036506082326075 0.020006856008321663 0.021903827363685954 1 0 0 0 1 0 0 0 1 0 0 0 0 0 0 
2 0.020036506082326072 0.022006856008321661 0.031903827363685952 6.123233995736766e-17 0 1 1 6.2115141380790625e-10 -6.123233995736766e-17 -6.2115141380790625e-10 1 3.8034554535285271e-26 2.8761222191088026e-20 8.277090278802103e-18 1.24692913674631e-18 -2.7572931904567376e-16 4.2143755143249462e-17 -2.7338951649510804e-16 
3 0.020036506082326072 0.022006856008321661 0.011903827363685952 6.123233995736766e-17 0 1 1 -3.2370966445906128e-10 -6.123233995736766e-17 3.2370966445906128e-10 1 -1.9821500221642657e-26 2.8039912377350262e-20 8.4610319456486127e-18 -2.5364243672950234e-17 -2.7489391763247543e-16 -2.6373999876278508e-17 -2.7737620744729411e-16 
4 0.028842220349012959 0.023937265318136274 0.03371719910013276 0.19346704446384738 0.054007508751482067 0.97961915646075559 0.97216013305350446 -0.1450878445438202 -0.18399508979051787 0.13219371546263531 0.98794367570428154 -0.080573663365252152 -1.3342485388694791e-19 -4.6092893307714899e-19 -5.6962635767228259e-19 -6.8628476226862011e-15 9.0134793706331058e-16 8.7814949502599787e-16 
5 0.030448742735585704 0.024211480002396986 0.034006792314676876 -0.973912717814722 -0.11459961188178067 0.19585950841173638 0.22579063398541693 -0.57550220700533272 0.78601259489683406 0.022640841044565332 0.80973090510893575 0.58636443755420431 1.2273147249101767e-17 9.9974205570883065e-19 -4.080627825203065e-17 -5.1871981100495664e-15 8.7549315728245537e-15 7.0654866851611289e-15 
6 0.028842220351632138 0.024083049908249683 0.010259370344790315 0.19599080519992132 -0.043977418898809767 0.97961910501178218 0.9753766718621758 0.11177253917272448 -0.19012429480197268 -0.10113333903393162 0.99276023596530116 0.064800938434311839 -2.0426364637988109e-19 -4.9931829892979267e-17 -2.3990520985798885e-17 2.9612252035606758e-15 -2.0625339727597157e-16 7.8654491877786953e-16 
7 0.030446390147531914 0.024355352367421226 0.0099552621901646994 -0.97837206530784004 0.075731753592683193 0.19249104738415412 0.20084574200079502 0.57042683110022052 0.79641334637304417 -0.049488278869057795 0.81784957777010403 -0.5733000770938731 -4.19579974736233e-17 -5.5480293722461322e-17 -1.853142447671854e-17 1.4911860736210167e-15 -2.6632766158575971e-15 4.5971742490318726e-15 
8 0.05529193465318813 0.01894969412335527 0.012008995410455966 0.18318261096686522 -0.082404753991288729 0.97961910330444113 0.97796940320758874 -0.086189306402162547 -0.19012430105514327 0.100099837308333 0.99286497570492904 0.064800945898157519 7.8506767716407303e-20 3.7461830378063084e-19 -2.4619641631125078e-17 7.3277032180117082e-15 -1.4818388225000606e-15 2.2977894192779393e-16 
9 0.055291934642700998 0.018969398087510386 0.031541710910444852 0.17553161267244358 0.09764712875809646 0.97961915620199613 0.97918504536366424 0.08568809381185194 -0.18399510187787638 -0.10190829156045195 0.99152538486122022 -0.08057363890900622 9.7984580535933011e-17 -1.0552614684730536e-18 -9.7459162508238371e-17 -1.0335312325171774e-14 2.3962410893327001e-15 1.5682329688526984e-15 
10 0.056880585865461623 0.019374902596622858 0.031314392012363725 -0.95710052718331584 -0.23439111769011456 0.17035076992311451 0.12676505325664295 0.18994953589633506 0.97357577778291482 -0.26055556439703892 0.95340441459054814 -0.15208819842773699 -1.5840488353717597e-19 2.1949669248725237e-18 -8.5812800444219011e-17 -1.0799380873331677e-14 4.0051006049151819e-16 1.3853689600466683e-15 
11 0.056887104779862446 0.01934602469333388 0.012204787261843937 -0.95488077347335798 0.23650064727029491 0.17963894981783074 0.13815332561539859 -0.18171676260112801 0.97359780033192922 0.26289991835739929 0.95448753896030347 0.1408444918950541 -4.4242559482886189e-17 -8.3521131505505902e-17 -2.5107102401620239e-17 9.2371468035476917e-15 9.7516805147887184e-15 1.8710720888546559e-15 
12 0.05209972179844214 0.011760765060380511 0.042891391887114577 -0.81327725270272555 0.066595011192566306 0.57805295148504265 0.56259524927958571 0.34360922734908744 0.75194367100774517 -0.14854863083969483 0.93674852728190894 -0.3169156053444307 1.9042312533352267e-16 2.2193012628654217e-16 -1.0605515106519686e-16 -9.7065146494948387e-15 6.9650130314869091e-15 8.1453341495160901e-15 
13 0.052279844857713191 0.012255843978528479 0.0010334798862587443 -0.82554730057011672 -0.0019137307537480503 0.5643296839224351 0.52529218399223243 -0.36808258388848075 0.76719184880618352 0.20625172958805432 0.92979113196060414 0.30487485132321823 -3.1219882841674852e-18 7.4347444136206412e-17 5.1418149885412721e-17 9.4107600474183122e-15 2.9523148198652744e-15 6.9868292238555728e-15 
14 0.042403042275236245 0.023403593240402372 0.042116336549485135 -0.7240417009029575 -0.45302198691942602 0.5201294980301806 0.651731877111005 -0.20241175682393958 0.7309412021885292 -0.22585211026447874 0.86821688538464958 0.4418034226011156 -4.7902748124247635e-19 5.3185296538759789e-17 -1.0438250111043769e-16 -9.2978274384487069e-15 4.1128306382318126e-15 3.4221467649383907e-15 
15 0.042352275309424731 0.023390772898902335 0.0014863678131687588 -0.72548641566422645 0.45108091982291282 0.51980329400494196 0.65254609930957386 0.21077775174709223 0.72784361482690829 0.21875339760226128 0.86723626719606006 -0.44726749032017843 -3.7473529523200809e-18 3.8081730784138652e-18 1.4290071879526487e-16 5.8553255408994139e-15 3.1363595243559188e-15 5.4278219311124307e-15 
16 0.040952898188771999 0.023869527447990278 0.041468305716737021 0.64034767289928218 -0.25635163905118474 0.72404329633540898 0.75681868819571441 0.049718836768191277 -0.65173116426033806 0.13107376171527121 0.96530403211951255 0.2258490526073095 5.4308832747635329e-17 -7.3952524684613496e-17 -1.5340830755478419e-16 -1.0369466320211165e-14 3.6501734571291167e-15 3.336431114143534e-15 
17 0.040900192004178534 0.023860096898610249 0.0021275758674646401 0.64966851188870578 0.2271535860426501 0.72548747267494496 0.75422460950720738 -0.072998930483940766 -0.65254608615936183 -0.095268373944426971 0.97111915051458286 -0.21874993126814848 -1.271824661440328e-17 -4.2757614860107957e-17 1.2599791908716108e-16 4.7470099884515195e-15 2.4442891366675564e-15 2.4342913664770463e-15 
18 0.051798997821229993 0.051032031741566106 0.14810030017149761 -0.74439512960170384 0.66435175779931444 0.067176133665339713 -0.42448695813613696 -0.54847477522955634 0.7204069983760687 0.515448070514957 0.50775206828318153 0.69029060819089749 5.7191155520755224e-16 9.0605392618803526e-16 -2.8335239516851215e-16 -6.1211184988372039e-15 4.298280555121203e-14 1.0337440025880698e-13 
19 0.05102704674036642 0.046987560840379222 -0.10503838060005188 -0.73484887659375531 0.67634107138829314 -0.050595293479053241 -0.47561408938972422 -0.56706419540902364 -0.67248006383765768 -0.48351666625141193 -0.47010738500735388 0.73838382973807615 -3.3932226131945136e-16 5.7869800880713451e-16 1.6921272050957863e-16 4.9213760587126124e-15 -9.0530390377717506e-15 3.8662717235766082e-14 
1 0.015036506082326075 0.020006856008321663 0.021903827363685954 1 0 0 0 1 0 0 0 1 0 0 0 0 0 0 
2 0.020036506082326072 0.022006856008321661 0.031903827363685959 6.123233995736766e-17 0 1 1 6.2115141380790625e-10 -6.123233995736766e-17 -6.2115141380790625e-10 1 3.8034554535285271e-26 -5.0782268949759499e-20 -1.4544318749628955e-17 1.3522050253149198e-16 -2.9017282923122879e-16 -6.8709927071862654e-17 4.7761193478941056e-16 
3 0.020036506082326072 0.022006856008321658 0.011903827363685952 6.123233995736766e-17 0 1 1 -3.2370966445906128e-10 -6.123233995736766e-17 3.2370966445906128e-10 1 -1.9821500221642657e-26 -9.4040638977921203e-21 -7.1509533131488578e-17 4.2842624866295188e-17 9.2194295465001373e-17 8.8453479004887004e-18 9.3026809194618079e-17 
4 0.028842220349012959 0.023937265318136274 0.03371719910013276 0.19346704446384727 0.054007508751482525 0.97961915646075559 0.97216013305350502 -0.1450878445438181 -0.18399508979051787 0.13219371546263317 0.9879436757042821 -0.080573663365252193 -1.0561974963428211e-19 -1.2638111824892333e-18 1.6018624022711176e-18 -5.0255049144336744e-14 1.0529188950815104e-14 4.9935506437743223e-15 
5 0.030448742735585708 0.024211480002396986 0.034006792314676869 -0.97391271781472222 -0.1145996118817785 0.19585950841173641 0.22579063398541574 -0.57550220700533128 0.78601259489683561 0.022640841044566595 0.80973090510893708 0.58636443755420231 -6.0657534468728098e-17 1.3380800421843405e-17 -4.6031385216533003e-17 -4.3336445953609416e-14 3.3303734241131091e-14 2.3305573355407901e-14 
6 0.028842220351632135 0.024083049908249679 0.010259370344790315 0.19599080519992126 -0.04397741889881001 0.97961910501178218 0.97537667186217603 0.11177253917272303 -0.19012429480197271 -0.10113333903393013 0.99276023596530139 0.064800938434311797 -6.8525171671464268e-17 1.7171923846017474e-17 4.2449033941895031e-17 3.2566063378799365e-14 -6.3983058897072991e-15 1.6664015722695498e-15 
7 0.030446390147531914 0.024355352367421222 0.0099552621901646994 -0.97837206530784016 0.075731753592682333 0.19249104738415398 0.20084574200079447 0.57042683110021963 0.79641334637304495 -0.049488278869058169 0.81784957777010481 -0.57330007709387198 -1.5813369127723034e-17 5.70967353396079e-17 2.3799247372803722e-17 2.6563683554436848e-14 -2.0664370925721308e-14 9.537189194767051e-15 
8 0.05529193465318813 0.018949694123355267 0.012008995410455966 0.18318261096686522 -0.082404753991288729 0.97961910330444113 0.97796940320758874 -0.086189306402162547 -0.19012430105514327 0.100099837308333 0.99286497570492904 0.064800945898157519 -1.3841807350268395e-20 -6.8393864967275986e-17 4.3588372112588099e-17 -5.3258222040129171e-15 1.7311077222514675e-15 -5.4148532831087023e-16 
9 0.055291934642700998 0.018969398087510386 0.031541710910444852 0.17553161267244358 0.097647128758096502 0.97961915620199613 0.97918504536366413 0.085688093811852162 -0.18399510187787638 -0.10190829156045222 0.99152538486122022 -0.08057363890900622 -1.6989856412066446e-16 2.1056008763518341e-18 1.6976651031562353e-16 1.4190390864396137e-14 -2.9970099312260285e-15 -2.6001172631115938e-15 
10 0.056880585865461616 0.019374902596622858 0.031314392012363725 -0.95710052718331584 -0.23439111769011456 0.17035076992311451 0.12676505325664295 0.18994953589633506 0.97357577778291482 -0.26055556439703892 0.95340441459054814 -0.15208819842773699 -1.4052865061836566e-16 -2.4057333063011879e-17 1.4942075187039153e-16 1.3648327709315054e-14 1.9826177113631574e-16 -1.505346269544006e-15 
11 0.056887104779862446 0.019346024693333876 0.012204787261843937 -0.95488077347335798 0.23650064727029491 0.17963894981783077 0.13815332561539856 -0.18171676260112823 0.97359780033192911 0.26289991835739929 0.95448753896030336 0.14084449189505432 9.2642680061878852e-17 4.7363207737221028e-17 4.7336826437093944e-17 -7.5747506172882663e-15 -1.4456637522332304e-14 -1.1813030816085195e-15 
12 0.052099721798442168 0.011760765060380554 0.042891391887114549 -0.81327725270272633 0.066595011192568929 0.57805295148504121 0.56259524927958504 0.3436092273490885 0.75194367100774517 -0.14854863083969297 0.93674852728190827 -0.31691560534443325 4.6419197982006023e-16 8.8659055419144683e-16 -2.7891540585279255e-16 -2.098334762815188e-14 6.4486695156889787e-14 9.6072758689669402e-15 
13 0.052279844857713198 0.012255843978528504 0.0010334798862587521 -0.82554730057011727 -0.0019137307537491514 0.56432968392243421 0.52529218399223188 -0.3680825838884817 0.76719184880618352 0.20625172958805366 0.92979113196060381 0.30487485132321979 2.6322199133677707e-16 5.2472527164455017e-16 1.296663493605999e-16 8.2239713530057399e-15 -4.2335195444195282e-14 4.5266503612815766e-15 
14 0.042403042275236238 0.023403593240402372 0.042116336549485135 -0.72404170090295816 -0.45302198691942513 0.5201294980301806 0.65173187711100466 -0.20241175682394044 0.73094120218852932 -0.22585211026447763 0.86821688538464992 0.44180342260111566 -1.3872983927723981e-16 -8.8432549290506414e-17 3.1469844430198279e-16 2.5416768494112622e-14 1.6215519272796193e-14 1.251022273696536e-14 
15 0.042352275309424731 0.023390772898902339 0.0014863678131687606 -0.72548641566422667 0.45108091982291254 0.51980329400494196 0.65254609930957375 0.21077775174709215 0.72784361482690851 0.2187533976022612 0.86723626719606017 -0.44726749032017815 4.4994798583317475e-18 6.5337434832456543e-17 -1.7626518057073173e-16 -9.9583091693642989e-15 -1.3402586554693867e-14 -5.9537454346334128e-16 
16 0.040952898188771999 0.023869527447990278 0.041468305716737028 0.64034767289928252 -0.25635163905118241 0.72404329633540954 0.75681868819571474 0.049718836768192554 -0.65173116426033773 0.13107376171526874 0.96530403211951321 0.22584905260730859 -2.287621857798029e-16 -7.4434519329639446e-18 4.6121913704958901e-16 -2.0288718967518019e-14 5.9352178370733948e-14 -3.4878749841517689e-15 
17 0.040900192004178534 0.023860096898610249 0.0021275758674646423 0.649668511888706 0.22715358604264907 0.72548747267494496 0.75422460950720738 -0.07299893048394171 -0.65254608615936183 -0.095268373944425638 0.97111915051458308 -0.21874993126814829 -7.3126414700732793e-17 6.020706204484695e-17 -1.5375987198596108e-16 1.6288712115387124e-14 -3.1824999787249514e-14 -5.0803955279505065e-15 
18 0.051798997821230312 0.051032031741566217 0.14810030017149758 -0.7443951296016903 0.6643517577993302 0.067176133665332857 -0.424486958136151 -0.54847477522954313 0.72040699837607047 0.51544807051496488 0.5077520682831751 0.69029060819089638 7.562268851835086e-15 1.5348430530372562e-15 -8.3758069477218502e-16 -6.1243655140741571e-15 1.9840901275211464e-13 3.4523759301735539e-13 
19 0.05102704674036658 0.046987560840379305 -0.10503838060005187 -0.7348488765937482 0.67634107138830102 -0.050595293479050112 -0.47561408938973121 -0.56706419540901665 -0.67248006383765857 -0.48351666625141565 -0.47010738500735083 0.7383838297380757 4.8736954547597109e-15 1.1048469766644241e-15 5.6560187616996692e-16 7.1550869288497689e-15 -1.110670680940924e-13 1.985264270488857e-13 
1 0.015036506082326075 0.020006856008321663 0.021903827363685954 1 0 0 0 1 0 0 0 1 0 0 0 0 0 0 
2 0.020036506000819434 0.02200685600799409 0.031903827363978378 6.123233995736766e-17 0 1 0.99999980033524671 0.00063192520663248486 -6.1232327731427605e-17 -0.00063192520663248486 0.99999980033524671 3.8694259080150118e-20 -4.7653958333561277e-16 -2.2068835438343674e-11 1.9728997761602097e-11 -0.024991514792716569 2.9054449818266548e-15 9.7561932491108116e-16 
3 0.020036506000819413 0.022006856008019861 0.01190382736336699 6.123233995736766e-17 0 1 0.99999980033543467 -0.00063192490919079499 -6.1232327731439117e-17 0.00063192490919079499 0.99999980033543467 -3.8694240867099448e-20 -3.9306194296060116e-16 -2.0329869835866802e-11 -2.1516642456824924e-11 0.024991514792712912 -3.5932628400514588e-15 4.6856507389392288e-16 
4 0.02884222034863362 0.023938410856811598 0.033715978874505566 0.19348950681707805 0.053926981358041574 0.97961915632213592 0.97218326393287302 -0.14486815453909135 -0.18404597015219815 0.13199057572610917 0.98798031280084087 -0.080457376525977078 7.158925044744718e-12 4.5288742270564855e-05 -4.8272161334256936e-05 -0.0088013656445213029 -0.0030417152987830551 -0.0013297391632035153 
5 0.030448729742579991 0.0242126366388602 0.034005633659448885 -0.97393919734847134 -0.11440613404689544 0.19584094658844783 0.22566600363120021 -0.57538050324933332 0.78613747607251683 0.022744112938046526 0.80984474621558633 0.58620320056587361 -5.1623942699613267e-07 4.5701810525703657e-05 -4.5798898547107499e-05 -0.0066287026232410015 0.0056796695543489956 0.0051736166898085027 
6 0.028842220351694529 0.024084088677464418 0.010260682662344461 0.19601467931178265 -0.043870889583598215 0.97961910482668857 0.97537983297199615 0.11167531274835577 -0.19016520700190595 -0.10105655310676198 0.99277589090876939 0.064680781569794898 9.4068795290917448e-12 4.1065042242622419e-05 5.1912896194594081e-05 0.0039268697299657662 0.0040890921625057848 -0.0013908533536996026 
7 0.030446368293782403 0.024356364952373706 0.0099564358155182706 -0.9783817478568082 0.075685997323692494 0.19245982767781708 0.20079743769318872 0.57037365629402992 0.79646360947731309 -0.049492872986997075 0.81789089860133424 -0.57324072910828228 -8.6537143998224614e-07 4.0028628365074156e-05 4.6422546750977626e-05 0.0027586035178793337 -0.00074557448514420848 0.002088819959180685 
8 0.055291934653350749 0.018949628259162743 0.012007063494240765 0.18323719960978158 -0.082283300624623315 0.97961910307909106 0.97796328999300308 -0.086168410812308471 -0.19016521344384346 0.10005964273984974 0.9928768621618691 0.064680789098267299 1.1479175389899151e-11 -2.5805786771371943e-06 -7.640473369017896e-05 -0.00069306091054074535 0.0049859181924351579 -0.0016958975002063618 
9 0.055291934642866164 0.018969169847446697 0.031543630425160958 0.17559530509455307 0.097532548772961178 0.97961915597777116 0.97917657556279847 0.085675610038661976 -0.18404598260656044 -0.10187994256899663 0.99153774097325875 -0.080457352229518941 1.1300975448814325e-11 -9.0024157645073892e-06 7.5916313104317223e-05 0.00029512513922689383 -0.0047507133091598394 -0.0020768580332167917 
10 0.056880634461423836 0.019374592558467418 0.031316505330900593 -0.95709006386388706 -0.23438337651631583 0.17042019383227938 0.12683955885035952 0.18993991053907266 0.97356795176045885 -0.26055774017224459 0.95340823533113028 -0.15206051702895482 1.9210118955017598e-06 -1.223488606714447e-05 8.3583413375626131e-05 0.0010856902617094829 -0.00023439088995375019 -0.0027822589000377029 
11 0.056887146455603992 0.019345893786490525 0.012202647342353899 -0.95486971230610818 0.236500076945271 0.17969848670851746 0.13822042408854904 -0.18169385871434024 0.97359255136338996 0.26290482476598254 0.95449204046465164 0.14080482166599889 1.6471971718727363e-06 -5.1503415003215013e-06 -8.463295859889415e-05 -0.0015347541481146453 0.00042567145521828762 -0.0023554205713950645 
12 0.052102640764978822 0.011766278648157272 0.042889192487355163 -0.81335885891802906 0.066858186246385454 0.57790773446234922 0.56253577068846039 0.34365696846817534 0.75196635211903162 -0.14832691365865291 0.93671226689688813 -0.31712656105944731 0.0001143322845249039 0.00021661727433644167 -8.6282467059436399e-05 -0.0017926756598279667 0.011972226123979109 0.0025198782277823925 
13 0.052280633054887421 0.012258635529818573 0.0010342235022418682 -0.82557866745161468 -0.0020585837335433711 0.56428328531140115 0.52529945785328436 -0.36805440321038096 0.76720038833182014 0.20610760157709282 0.92980197811709464 0.30493923667130152 3.1056798344132571e-05 0.00011024930877290031 2.9328743785918412e-05 -0.001203754597956653 -0.0061327916331938709 -5.2433113942693555e-05 
14 0.042403310692618837 0.023404006245962412 0.042118474796657097 -0.72406837742577168 -0.45292326400570898 0.52017833647166156 0.65175600397030875 -0.2025099672097346 0.73089248489047076 -0.22569691203174488 0.86824548953802627 0.44182652002364881 1.0599990763868721e-05 1.6317188202114652e-05 8.4564747629890599e-05 0.0044315550682410892 0.0044668272776111741 5.9635968609907363e-05 
15 0.042352442852465963 0.023391092745475493 0.0014842273178225858 -0.72550114497931317 0.45101277873823592 0.51984186253948483 0.65257165278632367 0.2108654632447039 0.72779529703778811 0.21862828411125451 0.86725038473638705 -0.44730128946958908 6.6128118747733192e-06 1.2634860708710872e-05 -8.4654329381001511e-05 -0.0040843665565666867 -0.0031438737134577479 -0.00016158958557570022 
16 0.040953092408370875 0.023870010751864571 0.041470660590642867 0.64041898049154855 -0.25609803803606862 0.72406997199182477 0.7567938512598591 0.049780589100499317 -0.65175529122829345 0.13086862160745738 0.96536816182370733 0.22569385462542066 7.6787857362747233e-06 1.9101605003613789e-05 9.3107802274569167e-05 -0.0019715317929132029 0.010230421850578448 -0.0019362341794398816 
17 0.040900310457943533 0.023860488897946543 0.0021252713627070929 0.64970227784753609 0.22700992461932235 0.72550220143294719 0.75420469040359872 -0.072976299619325391 -0.65257163949031849 -0.095195772663153849 0.97115444385442629 -0.21862481800762026 4.6734146553185491e-06 1.5487758063338091e-05 -9.1136859080475366e-05 -0.0011703807790662427 -0.0057649280911371507 -0.0010397054248594661 
18 0.05183397407744391 0.05103403081994165 0.14809954075181955 -0.74292361565225606 0.66607325594665001 0.066414750009371498 -0.42607999502813659 -0.54708441208737657 0.72052375664361867 0.51625607903733384 0.50699611809523548 0.69024241907706596 0.001375210437201778 7.5807120196306576e-05 -2.8980814272182759e-05 0.0014425243749696076 0.043478450617756403 0.083123236619813884 
19 0.05104841015647596 0.046982850192890155 -0.10504034427708309 -0.73413729730141897 0.67713352894331025 -0.050325070211051939 -0.47635671239620858 -0.56643769446162295 -0.67248243162782839 -0.48386641882449732 -0.4697217498410951 0.73840013980238095 0.00084377523612551655 -0.00018666569234667598 -7.7687322473516182e-05 -0.0024996701022770816 -0.02041703658448174 0.038283629089390724 
1 0.015036506082326075 0.020006856008321663 0.021903827363685954 1 0 0 0 1 0 0 0 1 0 0 0 0 0 0 
2 0.02003650608232602 0.022006856008321599 0.031903827363685876 6.123233995736766e-17 0 1 0.99998417972572096 0.0056249709578885211 -6.1231371244954789e-17 -0.0056249709578885211 0.99998417972572096 3.4443013394374995e-19 5.9205754799329284e-17 -1.6031555423456911e-15 -2.3768760939492373e-15 -0.074999999994281585 -1.2236739399540397e-14 -4.2257863874795021e-15 
3 0.02003650608232602 0.022006856008321592 0.011903827363686007 6.123233995736766e-17 0 1 0.99998417972739395 -0.0056249706604610252 -6.123137124505723e-17 0.0056249706604610252 0.99998417972739395 -3.4443011573156841e-19 2.6647784394188467e-18 -2.2254164385848013e-15 1.9211012175588543e-15 0.07499999999428654 -4.296476369125557e-15 1.5692200143468948e-15 
4 0.028842220349014881 0.023947434940764466 0.03370631191699653 0.19367150243816864 0.053269666849290798 0.97961915647720366 0.97234942269807834 -0.1432357963849569 -0.18444540333844311 0.13049118484425001 0.98825393964695774 -0.079537421697029084 4.4412301983399501e-15 0.00013518634147784991 -0.00014554341988061911 -0.023793928330970448 -0.0096412214336316047 -0.0041575320249603916 
5 0.030448622854236607 0.024221707587415806 0.033996514618598372 -0.9741342321060884 -0.11299826271396862 0.19568824814665403 0.22474671838395344 -0.5744779445022441 0.787060355916953 0.023482129688881373 0.81068272702957089 0.58501462005762983 -1.6576120196535855e-06 0.0001354127340645701 -0.00013658176262343542 -0.017783659131298285 0.0145321142697391 0.013810289481401587 
6 0.028842220351631989 0.02409226708425025 0.010271074889644972 0.19620187541426845 -0.043025959205640563 0.97961910501906735 0.97540341150513621 0.11092046030367442 -0.19048579031036184 -0.10046396820784076 0.99289748630986852 0.063730469725857455 -1.0156035589007266e-15 0.00012245643551066473 0.00015640583064929528 0.011424144036220669 0.012362251198078012 -0.0041360144323797313 
7 0.030446193643950507 0.024364335061159474 0.0099657229181000454 -0.97845757209041795 0.075339031161915759 0.19221032751261938 0.20042131723681508 0.56996191537049401 0.79685300440185181 -0.04951843309298519 0.81820990302658991 -0.57278309976223452 -2.6495606955672608e-06 0.00011931076371928557 0.00013968525360994534 0.0079873743660015314 -0.0018856836158513395 0.0061054934038336992 
8 0.055291934653188143 0.018949150921340599 0.01199179730175314 0.18366591419062153 -0.081321856695661734 0.97961910331929192 0.97791564167605416 -0.086000924855570426 -0.19048579655527528 0.099738807541670749 0.9929705919852595 0.063730477187988882 1.0444569868465839e-16 -6.597745356729531e-06 -0.00022932788145334739 -0.002154180791184008 0.015002540655863912 -0.0050193709650324086 
9 0.055291934642700991 0.018967409246609345 0.031558802249927159 0.17609624692550144 0.096625155284800687 0.97961915619537621 0.97911028691044111 0.085574148006159034 -0.18444541539212506 -0.10165214156576546 0.99163533849858743 -0.079537397215935141 -5.2328364427782489e-16 -2.5876883526843946e-05 0.00022795850705885498 0.00097207286143132291 -0.014304232952013799 -0.0061683373594479127 
10 0.056881016890643066 0.01937219007620565 0.031333212832667039 -0.95700711670339622 -0.23432418675048836 0.17096652913004456 0.12742679801818274 0.18985979440806122 0.9735068924327972 -0.26057588093660045 0.95343874159331854 -0.15183799360852882 5.7237082757960733e-06 -3.5459589571195345e-05 0.00025108258617102358 0.0033536154211057856 -0.00074340240018625869 -0.0082834217959881409 
11 0.056887473976001912 0.019344907070496953 0.012185733999060495 -0.95478226518412068 0.23649715325249576 0.18016637475773553 0.13874878769401247 -0.18150925431388826 0.97355182939166529 0.26294410052960138 0.95452788702157987 0.14048812367882599 4.8959900993161872e-06 -1.4188574395692965e-05 -0.00025411755530174555 -0.0046888143683628562 0.0013063268835971828 -0.0069957992315238474 
12 0.052123930318430274 0.011807544059164338 0.042872938264024697 -0.81394908764584029 0.068841949894588764 0.57684284571728461 0.5621246514086975 0.34396950307238033 0.75213087772992671 -0.14663819079337548 0.93645382528496857 -0.31867142029054785 0.00029877878183010113 0.00059261029730510635 -0.0002308005562607368 -0.003748231324402297 0.032832553235047884 0.0060565498774242709 
13 0.052286661105331318 0.012280429259439027 0.0010399597038804049 -0.82581951179768065 -0.0031903693451989304 0.56392548752267058 0.52536320135476011 -0.36782348406635579 0.7672674834968346 0.2049771709154907 0.92989015809004494 0.30543191269209774 8.7959811923916367e-05 0.00032395100602856404 8.4350785780502166e-05 -0.0038448085103042922 -0.017984336589434224 -0.00030301830418882143 
14 0.042405405009684718 0.02340724108420451 0.042135372178275746 -0.72426641022656202 -0.45216566437271166 0.52056159960173176 0.6519510424175885 -0.20327128847469228 0.73050709891996135 -0.22449500063063563 0.86846243168269666 0.4420124426389242 3.1117386545616283e-05 4.8221721234613195e-05 0.00025385339083964256 0.013014462486086991 0.012813719361074685 -8.0332029825954683e-05 
15 0.042353743134579624 0.023393594154912174 0.0014673119146079122 -0.72561645805776853 0.4504785866608948 0.52014401732183868 0.65277281936501641 0.21155936374330261 0.72741341884156663 0.21764283147842486 0.86735902518653241 -0.44757113326657061 1.9218029165300988e-05 3.7229797184131938e-05 -0.00025411529415388144 -0.01227417641312889 -0.0093016859661901197 -0.00046878014915791792 
16 0.040954621400126449 0.023873807903531895 0.041489230677668104 0.64095675150561982 -0.25418557266852365 0.72426800105108724 0.7565981741973169 0.050199338573675312 -0.65195032725511537 0.12935859268193028 0.96585181112525764 0.2244919451682181 2.28753905351041e-05 5.6747449652705848e-05 0.0002785154410297783 -0.0042334639272857931 0.028339451888215822 -0.0054264477186576603 
17 0.040901226267274264 0.023863559363750252 0.002107066682971971 0.64996480620688424 0.22588709152843464 0.72561751120908868 0.75404881175275573 -0.072787747374781164 -0.65277280375821589 -0.094636885973200441 0.97143037100603857 -0.2176393670739874 1.3487541647904427e-05 4.5763171183421349e-05 -0.0002733945858002733 -0.003749458893599197 -0.01697059401649649 -0.0030256604384544606 
18 0.052097454557563636 0.051044662793928171 0.14809533763298444 -0.7318297305960938 0.67877289430238885 0.060766795011805749 -0.4378621842780776 -0.53666186831558638 0.72129795970545707 0.52220872550626685 0.50125980993530928 0.68995409263858853 0.0038048987689075784 9.848088692342139e-05 -4.1612155171855841e-05 0.005498820745341991 0.11845735108306164 0.22488743600892835 
19 0.051215276702635239 0.046944999846366686 -0.10505593297049938 -0.72855992306322592 0.68328266864337905 -0.048220672306476989 -0.48212989740538514 -0.56153613351415432 -0.67247894597960955 -0.48657085869786648 -0.46669258135260305 0.73854372516220379 0.0024813315260819478 -0.0005767172245273477 -0.00023515817054005285 -0.0077829964403116139 -0.059854548812743547 0.11214920294111752 
1 0.015036506082326075 0.020006856008321663 0.021903827363685954 1 0 0 0 1 0 0 0 1 0 0 0 0 0 0 
2 0.020036506082320833 0.022006856008319531 0.03190382736368394 6.123233995736766e-17 0 1 0.99987793216139698 0.015624364839851039 -6.1224865457976463e-17 -0.015624364839851039 0.99987793216139698 9.5671641949170111e-19 -3.8056379563946522e-16 -1.7143058823085137e-13 -1.5857376311568042e-13 -0.12499999952594393 4.4946685262559072e-15 -2.5435382966509934e-16 
3 0.020036506082320864 0.022006856008319371 0.011903827363687787 6.123233995736766e-17 0 1 0.99987793216604326 -0.015624364542518199 -6.1224865458260959e-17 0.015624364542518199 0.99987793216604326 -9.5671640128531565e-19 1.7266473798523597e-16 -1.8411482699488748e-13 1.4386069578978776e-13 0.12499999952593616 4.8398784979752918e-15 -1.7091363047061492e-15 
4 0.028842220349084263 0.023965362457731541 0.03368681632768137 0.19405168082455285 0.051867652548963625 0.97961915650329434 0.97261588264853516 -0.14038383335638677 -0.18523154200075442 0.12791516715767878 0.98873764262883512 -0.077689021488218574 6.4192054342373649e-13 0.00022287362017535327 -0.00024481330103462244 -0.033681746700814516 -0.017266935601562953 -0.007242024448691424 
5 0.030448389936504096 0.024239569901727726 0.033978366725809693 -0.97446867031243212 -0.11066633038756149 0.19535550644420463 0.22316696915432996 -0.57290911650332066 0.78865179141738784 0.024643750891269162 0.81211335880278179 0.58297905450888488 -3.0484290377366685e-06 0.00022106164153654333 -0.00022631556646754525 -0.024833528445477475 0.018453347946949087 0.019162755416953128 
6 0.028842220351632381 0.024108490067145241 0.010292010289731323 0.19656873045250581 -0.041317590249240081 0.97961910503230076 0.97544385471329653 0.10947553809251026 -0.19111356011916153 -0.099347976881037331 0.99313038584837954 0.061822457038632941 -3.2783066838642828e-14 0.00020147713124437898 0.00026270425327902487 0.017937332506384112 0.020886819796295749 -0.0067565814493979479 
7 0.03044583341059284 0.024380135285480255 0.0099843982524266857 -0.97860622998170121 0.074716814274255375 0.19169570758289853 0.19969490644745269 0.56917949984466432 0.79759428364019813 -0.049515563007450775 0.81881139136023506 -0.57192317176240637 -4.5896464787204433e-06 0.00019615992828000492 0.0002340824686877912 0.012422125268177292 -0.0020604742701280689 0.0096980114425887585 
8 0.055291934653188622 0.018948424120596663 0.011961216362108505 0.18451055539871791 -0.07938682073213664 0.97961910334604041 0.97782370496424875 -0.085652826965541995 -0.19111356634943735 0.099079043982299886 0.99315725135894495 0.061822464498748043 -2.7491050928919302e-14 -7.1736252044704334e-06 -0.00038230398017344335 -0.0038372803887643091 0.025134821699268273 -0.0081307481261058134 
9 0.055291934642701303 0.01896411102404855 0.031589213462013634 0.17708700965440421 0.09479715106283014 0.97961915618368345 0.97898083340389497 0.085356893326632488 -0.18523155397890861 -0.10117667141923775 0.99183047992688589 -0.077688996959201048 -2.0966786477339477e-14 -3.9326737589806482e-05 0.00038034311722617836 0.0018881670099428641 -0.023992683265414167 -0.010062905547708889 
10 0.056881774443889352 0.019367629873633278 0.031366722022918361 -0.95683982937208556 -0.23421520831212522 0.17204876379243772 0.12859488723154844 0.18967854046538693 0.97338862036949358 -0.2606163768935168 0.95350159280529179 -0.15137310399363568 9.3987376903069474e-06 -5.4905044140002204e-05 0.00041924955070691476 0.0058900012522623965 -0.0013517763329733332 -0.013583826315463007 
11 0.056888120422750293 0.019343184335647592 0.012151834998225627 -0.95460689905458362 0.23649973788906539 0.18108987342144617 0.13979727560317701 -0.18112024632709256 0.9734742821997624 0.26302545506342423 0.95460113678374414 0.13983661766455138 8.0008604783943124e-06 -1.9420352237470562e-05 -0.00042393862992721483 -0.0080900344859313154 0.0022735384486207112 -0.011414701727383243 
12 0.052159434266729435 0.011880940900675017 0.042844941582930847 -0.81491142663703253 0.072428190208035342 0.57504219323418782 0.56153704586969166 0.34433396032845648 0.75240299699061575 -0.14351136837315726 0.93604929412275595 -0.32127279081795013 0.00039739487896204602 0.00085729342487467501 -0.00032004876494323736 -0.0025200688067663463 0.047648970550506889 0.0066963472905644215 
13 0.052297741744733728 0.012322770364330514 0.0010507483474659614 -0.82626724790500217 -0.0053927648123333321 0.56325247724903316 0.52552139743838899 -0.36731959461927277 0.76740053182359469 0.20275526102643182 0.93007915442526279 0.30633816384788148 0.00013075036986204576 0.00051905490349689256 0.00012932966790130197 -0.0071190665347668058 -0.028684248965129451 -0.0009299178850757778 
14 0.04240946846650593 0.023413577076774984 0.042169235314742266 -0.72461232084386951 -0.45074049741348299 0.52131563229267086 0.65235765577031857 -0.20474095299013867 0.72973326025784568 -0.22218567334352579 0.86885795511126895 0.44240183137137701 4.9755598934722294e-05 7.8057430044295938e-05 0.00042351686398896601 0.02111080303050154 0.019954173180164105 -0.00066706632021242376 
15 0.042356221383119431 0.023398466049532149 0.0014334222527659817 -0.72584231248107567 0.44943036177936885 0.52073533327688681 0.65317146080095034 0.21295429276510872 0.72664813492368163 0.21568490954927119 0.86756142094019961 -0.44812632224512844 2.9921967443215853e-05 5.9744612407538739e-05 -0.00042370716704413552 -0.020523859301329963 -0.015076957284395204 -0.00071459115864684923 
16 0.040957638187924278 0.023881295487237785 0.041526285202127353 0.64192852923393284 -0.25072385887897536 0.72461390405125092 0.7562103614014315 0.050757428827792744 -0.65235693659829186 0.1267819098478804 0.96672707110519418 0.2221826215699525 3.7238014537202169e-05 9.259905999545149e-05 0.00046236083277519839 -0.0032029879385673042 0.041843443712182044 -0.0081222074991673093 
17 0.040902951826688003 0.023869564904804359 0.0020706287937048485 0.6504687967188103 0.22370016269268492 0.72584335893252427 0.75374460918937258 -0.072361129455984358 -0.65317144078856848 -0.0935917123101353 0.97196816005212883 -0.21568144851084503 2.0651476888229192e-05 7.3861043940344002e-05 -0.00045528681654064294 -0.0069766275835150323 -0.027267809697551073 -0.0047401033830388696 
18 0.052573101385046429 0.051045041400861857 0.14809421909953613 -0.71175707278371969 0.70057661877833344 0.050933982403385432 -0.45822889708067804 -0.51805162898993851 0.7222525787985089 0.53237970211360985 0.4907289587154896 0.68975136234402257 0.0056051008076761872 -0.00013279212815739427 3.3464807830800927e-05 0.011888878393794333 0.17014039915488571 0.31935462897452188 
19 0.051539757867659824 0.046866022687160988 -0.10508754102506418 -0.7176137357557083 0.69504001702568585 -0.044157683223542868 -0.49322413131484183 -0.55196007380429246 -0.67236153460372772 -0.49169145054948443 -0.46071623767661402 0.73890463917724158 0.0039791696585832759 -0.001012439717904825 -0.000398174875447425 -0.013833913619482685 -0.095457958233562901 0.1786896675746634 
1 0.015036506082326075 0.020006856008321663 0.021903827363685954 1 0 0 0 1 0 0 0 1 0 0 0 0 0 0 
