1 0.051296215921961506 0.017908175538920625 0.021903828027305762 1 0 0 0 1 0 0 0 1 -0 -0 -0 0 0 0 
2 0.03197700130233818 0.023348481053759158 0.033459363462841819 0.18859159804738232 0.072683406839210901 0.97936220649776984 0.98205560389719937 -0.0139581537729766 -0.18807434912118373 2.0384454274546826e-07 0.99725738518874629 -0.074011537522623849 -0 -0 0 0 0 0 
3 0.030311648920884133 0.023661272694209264 0.033596338645152816 0.18428127207711273 0.079916970881617727 0.97961915585943282 0.98286567469720321 -0.01099415820827504 -0.18399509229135097 -0.0039342424496330297 0.99674089223348206 -0.080573664965355909 -0 -0 0 0 0 0 
4 0.040726839049522977 0.018584597869839587 0.038434486127546873 0.99936904849666408 -0.017023028062887666 0.031172446526415244 0.017123628139482767 0.9998489893461876 -0.0029630833177402799 -0.03111729850441379 0.0034949991383826885 0.9995096291256077 0 0 0 0 0 0 
5 0.05676136321457307 0.018693405463590929 0.031420850455458796 0.18461799275467389 0.079135995535861994 0.97961915608147598 0.9828103148630366 -0.015155435850251253 -0.18399510255169219 0.00028591966351887432 0.99674861774408141 -0.080573638835595998 0 0 0 0 0 0 
6 0.050962738971170971 0.020119762384506003 0.038485124151653165 0.99999992280346228 5.6190500070578504e-06 -0.00039288865587515289 -5.7072565502462847e-06 0.99999997478202207 -0.00022450697669697202 0.00039288738445136643 0.00022450920168216545 0.99999989761755559 0 -0 -0 0 -0 0 
7 0.045164119990832856 0.021546132532298142 0.045549399426557689 -0.70583025878459971 0.0025347328538558355 -0.70837646835099244 -0.70838086479638374 -0.0031508520633435249 0.70582336495868581 -0.00044291578474786467 0.99999182359689032 0.0040195229783039528 -0 -0 0 0 0 0 
8 0.051297778748946372 0.013432037198902251 0.043344933501667862 0.81871104628552427 -0.48232158727292679 -0.31157360148219643 -0.567156840022632 -0.76402046537167478 -0.30758063545807285 -0.089695827693403257 0.42853076312415861 -0.89906398190041037 -0 -0 -0 0 0 0 
9 0.079846047071225335 0.025992876440878818 0.089769451791093482 0.94280001759475196 0.32532471433222043 -0.072745838836283147 -0.31403192397785062 0.93995844994908173 0.13364902952168783 0.11185739826272001 -0.10315979165342819 0.98835518910962183 0 0 0 0 0 0 
10 0.054225048887019837 0.013879886434591602 0.046396131119926659 0.9998711348523025 -0.0019273539465007759 0.015937345950114999 0.0017633018100484501 0.99994538632666707 0.010301219866567375 -0.015956329649873084 -0.010271790047386601 0.99981992672347109 0 0 0 0 0 0 
1 0.051296215921961506 0.017908175538920625 0.021903828027305762 1 0 0 0 1 0 0 0 1 0 0 0 0 0 0 
2 0.03197700130233818 0.023348481053759161 0.033459363462841819 0.18859159804738232 0.072683406839210901 0.97936220649776984 0.98205560389719937 -0.0139581537729766 -0.18807434912118373 2.0384454274546826e-07 0.99725738518874629 -0.074011537522623849 -7.9208709682434261e-19 -9.2567174105136265e-17 -1.9276162020463976e-18 -4.7078749577810662e-16 -6.7146836380649498e-17 4.7481672776007146e-16 
3 0.030311648920884133 0.023661272694209267 0.033596338645152816 0.18428127207711276 0.07991697088161763 0.97961915585943282 0.98286567469720321 -0.010994158208275817 -0.18399509229135094 -0.0039342424496323081 0.99674089223348206 -0.080573664965355965 1.2436433423249152e-26 -8.4489954819926821e-17 -2.1346125830111798e-26 -1.4216441026019335e-14 2.6504487672912478e-15 1.0994722233623913e-15 
4 0.040726839049522977 0.018584597869839587 0.03843448612754688 0.99936904849666408 -0.017023028062887611 0.031172446526414967 0.017123628139482722 0.9998489893461876 -0.0029630833177407244 -0.031117298504413506 0.0034949991383831265 0.9995096291256077 0 0 -1.6897990979097619e-16 -1.1836547284237439e-14 7.2746704152343306e-15 2.8862757725793275e-15 
5 0.05676136321457307 0.018693405463590933 0.031420850455458796 0.18461799275467392 0.079135995535861897 0.97961915608147598 0.98281031486303649 -0.015155435850251753 -0.18399510255169219 0.00028591966351937392 0.99674861774408141 -0.080573638835595998 4.1716900066618077e-26 -8.4489954510607829e-17 -3.7170229281868535e-25 -1.3147199130781334e-14 2.1258368870037777e-15 7.2566751304463871e-16 
6 0.050962738971170971 0.020119762384506003 0.038485124151653165 0.99999992280346228 5.619050007127241e-06 -0.00039288865587565249 -5.7072565503159184e-06 0.99999997478202207 -0.00022450697669730509 0.00039288738445186598 0.00022450920168249854 0.99999989761755559 0 0 0 -8.8235057637604136e-15 1.7257817383442613e-14 -1.7299588843078312e-15 
7 0.045164119990832849 0.021546132532298139 0.045549399426557689 -0.70583025878459971 0.0025347328538555219 -0.70837646835099255 -0.70838086479638385 -0.0031508520633440609 0.70582336495868581 -0.00044291578474846662 0.99999182359689032 0.0040195229783041098 1.68979911089781e-16 8.4489956235964748e-17 -6.4925445847583444e-24 -1.6461608912520561e-14 8.1047215726669654e-15 -1.6197388144516115e-15 
8 0.051297778748946365 0.01343203719890225 0.043344933501667862 0.81871104628552427 -0.48232158727292679 -0.31157360148219637 -0.567156840022632 -0.76402046537167501 -0.30758063545807252 -0.089695827693403507 0.42853076312415828 -0.89906398190041059 1.6897991358739523e-16 4.2244988051160264e-17 -4.9432183432199925e-24 -1.1325607884158743e-14 3.1826620917719377e-15 -1.8711822832570017e-15 
9 0.079846047071225335 0.025992876440878832 0.089769451791093482 0.94280001759475285 0.32532471433221821 -0.072745838836282689 -0.31403192397784863 0.93995844994908273 0.13364902952168634 0.11185739826271887 -0.10315979165342716 0.98835518910962217 0 -4.2244977447744047e-16 0 -3.9657421951611596e-14 -2.4611701590941963e-14 -8.0469124489563761e-14 
10 0.054225048887019837 0.0138798864345916 0.046396131119926666 0.9998711348523025 -0.0019273539465007759 0.015937345950115055 0.0017633018100484566 0.99994538632666707 0.010301219866566928 -0.01595632964987314 -0.010271790047386153 0.99981992672347109 0 4.2244977447744049e-17 -1.6897990979097619e-16 -1.3086501818985203e-14 -1.1961753255345437e-15 -5.6558929452606175e-15 
1 0.051296215921961506 0.017908175538920625 0.021903828027305762 1 0 0 0 1 0 0 0 1 0 0 0 0 0 0 
2 0.03197700130233818 0.023348481053759161 0.033459363462841819 0.18859159804738232 0.072683406839210901 0.97936220649776984 0.98205560389719937 -0.0139581537729766 -0.18807434912118373 2.0384454274546826e-07 0.99725738518874629 -0.074011537522623849 -7.9208709682434261e-19 -9.2567174105136265e-17 -1.9276162020463976e-18 -4.7078749577810662e-16 -6.7146836380649498e-17 4.7481672776007146e-16 
3 0.030311648920884133 0.023661272694209267 0.033596338645152816 0.18428127207711256 0.079916970881617574 0.97961915585943293 0.98286567469720343 -0.010994158208275373 -0.18399509229135075 -0.0039342424496325856 0.99674089223348217 -0.080573664965355826 1.2436433423249152e-26 -8.4489954819926821e-17 -2.1346125830111798e-26 -1.4216441026019335e-14 2.6504487672912478e-15 1.0994722233623913e-15 
4 0.040726839049522977 0.018584597869839587 0.03843448612754688 0.99936904849666408 -0.017023028062887666 0.031172446526415022 0.017123628139482774 0.9998489893461876 -0.0029630833177405019 -0.031117298504413565 0.0034949991383829071 0.9995096291256077 0 0 -1.6897990979097619e-16 -1.1836547284237439e-14 7.2746704152343306e-15 2.8862757725793275e-15 
5 0.05676136321457307 0.018693405463590933 0.031420850455458796 0.18461799275467389 0.079135995535861939 0.97961915608147598 0.9828103148630366 -0.015155435850251531 -0.18399510255169219 0.00028591966351909637 0.99674861774408141 -0.080573638835595998 4.1716900066618054e-26 -8.4489954510607829e-17 -3.7170229281868572e-25 -1.3147199130781336e-14 2.1258368870037777e-15 7.2566751304463871e-16 
6 0.050962738971170971 0.020119762384506003 0.038485124151653165 0.99999992280346228 5.619050007127241e-06 -0.00039288865587565249 -5.7072565503158964e-06 0.99999997478202207 -0.00022450697669724957 0.00039288738445186603 0.00022450920168244303 0.99999989761755559 0 0 0 -8.8235057637604136e-15 1.7257817383442613e-14 -1.7299588843078312e-15 
7 0.045164119990832849 0.021546132532298139 0.045549399426557689 -0.70583025878459971 0.0025347328538555219 -0.70837646835099255 -0.70838086479638385 -0.0031508520633440609 0.70582336495868581 -0.00044291578474846662 0.99999182359689032 0.0040195229783041098 1.68979911089781e-16 8.4489956235964748e-17 -6.4925445847583444e-24 -1.6461608912520561e-14 8.1047215726669654e-15 -1.6197388144516123e-15 
8 0.051297778748946365 0.01343203719890225 0.043344933501667862 0.81871104628552427 -0.4823215872729269 -0.31157360148219637 -0.56715684002263211 -0.76402046537167501 -0.30758063545807252 -0.089695827693403479 0.42853076312415833 -0.89906398190041059 1.6897991358739523e-16 4.2244988051160264e-17 -4.9432183432199932e-24 -1.1325607884158743e-14 3.1826620917719377e-15 -1.8711822832570017e-15 
9 0.079846047071225335 0.025992876440878828 0.089769451791093482 0.94280001759475263 0.32532471433221888 -0.072745838836282745 -0.31403192397784918 0.9399584499490824 0.13364902952168684 0.11185739826271915 -0.10315979165342753 0.98835518910962206 0 -4.2244977447744047e-16 0 -3.9657421951611596e-14 -2.4611701590941963e-14 -8.0469124489563761e-14 
10 0.054225048887019837 0.0138798864345916 0.046396131119926666 0.9998711348523025 -0.0019273539465008314 0.01593734595011511 0.0017633018100485104 0.99994538632666707 0.010301219866567008 -0.015956329649873195 -0.010271790047386231 0.99981992672347109 0 4.2244977447744049e-17 -1.6897990979097619e-16 -1.3086501818985203e-14 -1.1961753255345445e-15 -5.6558929452606159e-15 
1 0.051296215921961506 0.017908175538920625 0.021903828027305762 1 0 0 0 1 0 0 0 1 0 0 0 0 0 0 
2 0.03197700130233818 0.023348481053759158 0.033459363462841819 0.18859159804738232 0.072683406839210901 0.97936220649776984 0.98205560389719937 -0.0139581537729766 -0.18807434912118373 2.0384454274546826e-07 0.99725738518874629 -0.074011537522623849 -7.9208709682434261e-19 -9.2567174105136265e-17 -1.9276162020463976e-18 -4.7078749577810662e-16 -6.7146836380649498e-17 4.7481672776007146e-16 
3 0.030311648920884133 0.023661272694209264 0.033596338645152816 0.18428127207711276 0.079916970881617685 0.97961915585943282 0.98286567469720321 -0.010994158208275262 -0.18399509229135097 -0.0039342424496328077 0.99674089223348206 -0.080573664965355909 1.2436433423249152e-26 -8.4489954819926821e-17 -2.1346125830111431e-26 -1.4216441026019335e-14 2.6504487672912478e-15 1.0994722233623913e-15 
4 0.040726839049522977 0.018584597869839587 0.038434486127546873 0.99936904849666408 -0.017023028062887666 0.031172446526415244 0.017123628139482771 0.9998489893461876 -0.0029630833177404464 -0.031117298504413787 0.003494999138382855 0.9995096291256077 0 0 -1.6897990979097619e-16 -1.183654728423744e-14 7.2746704152343306e-15 2.8862757725793275e-15 
5 0.05676136321457307 0.018693405463590929 0.031420850455458796 0.18461799275467389 0.079135995535861967 0.97961915608147598 0.98281031486303672 -0.01515543585025142 -0.18399510255169219 0.00028591966351898535 0.99674861774408141 -0.080573638835595998 4.1716900066618077e-26 -8.4489954510607829e-17 -3.7170229281868572e-25 -1.3147199130781334e-14 2.1258368870037773e-15 7.2566751304463881e-16 
6 0.050962738971170971 0.020119762384506003 0.038485124151653165 0.99999992280346228 5.6190500069884614e-06 -0.00039288865587520846 -5.7072565501769898e-06 0.99999997478202207 -0.00022450697669718021 0.000392887384451422 0.00022450920168237362 0.99999989761755559 0 0 0 -8.8235057637604152e-15 1.7257817383442613e-14 -1.7299588843078302e-15 
7 0.045164119990832856 0.021546132532298142 0.045549399426557689 -0.70583025878459971 0.0025347328538558355 -0.70837646835099244 -0.70838086479638374 -0.0031508520633437469 0.70582336495868581 -0.00044291578474802166 0.99999182359689032 0.0040195229783041098 1.68979911089781e-16 8.4489956235964748e-17 -6.4925445847583473e-24 -1.6461608912520558e-14 8.1047215726669654e-15 -1.6197388144516119e-15 
8 0.051297778748946372 0.013432037198902251 0.043344933501667862 0.81871104628552427 -0.48232158727292679 -0.31157360148219648 -0.567156840022632 -0.76402046537167501 -0.30758063545807252 -0.089695827693403563 0.42853076312415833 -0.89906398190041059 1.6897991358739523e-16 4.2244988051160264e-17 -4.9432183432199932e-24 -1.1325607884158743e-14 3.1826620917719377e-15 -1.8711822832570017e-15 
9 0.079846047071225335 0.025992876440878821 0.089769451791093482 0.94280001759475229 0.32532471433221971 -0.072745838836282911 -0.31403192397784996 0.93995844994908206 0.13364902952168733 0.11185739826271957 -0.10315979165342787 0.98835518910962206 0 -4.2244977447744047e-16 0 -3.9657421951611602e-14 -2.4611701590941963e-14 -8.0469124489563761e-14 
10 0.054225048887019837 0.013879886434591602 0.046396131119926659 0.9998711348523025 -0.0019273539465007759 0.015937345950114888 0.0017633018100484533 0.99994538632666707 0.010301219866567237 -0.015956329649872973 -0.010271790047386462 0.99981992672347109 0 4.2244977447744049e-17 -1.6897990979097619e-16 -1.3086501818985201e-14 -1.1961753255345441e-15 -5.6558929452606191e-15 
1 0.051296215921961506 0.017908175538920625 0.021903828027305762 1 0 0 0 1 0 0 0 1 0 0 0 0 0 0 
2 0.03197700130233818 0.023348481053759158 0.033459363462841819 0.18859159804738232 0.072683406839210901 0.97936220649776984 0.98205560389719937 -0.0139581537729766 -0.18807434912118373 2.0384454274546826e-07 0.99725738518874629 -0.074011537522623849 -7.9208709682434261e-19 -9.2567174105136265e-17 -1.9276162020463976e-18 -4.7078749577810662e-16 -6.7146836380649498e-17 4.7481672776007146e-16 
3 0.030311648920884133 0.023661272694209264 0.033596338645152816 0.18428127207711273 0.079916970881617727 0.97961915585943282 0.98286567469720321 -0.01099415820827504 -0.18399509229135097 -0.0039342424496330297 0.99674089223348206 -0.080573664965355909 1.2436433423249152e-26 -8.4489954819926821e-17 -2.1346125830111431e-26 -1.4216441026019335e-14 2.6504487672912478e-15 1.0994722233623913e-15 
4 0.040726839049522977 0.018584597869839587 0.038434486127546873 0.99936904849666408 -0.017023028062887666 0.031172446526415244 0.017123628139482767 0.9998489893461876 -0.0029630833177402799 -0.03111729850441379 0.0034949991383826885 0.9995096291256077 0 0 -1.6897990979097619e-16 -1.183654728423744e-14 7.2746704152343306e-15 2.8862757725793275e-15 
5 0.05676136321457307 0.018693405463590929 0.031420850455458796 0.18461799275467389 0.079135995535861994 0.97961915608147598 0.9828103148630366 -0.015155435850251253 -0.18399510255169219 0.00028591966351887432 0.99674861774408141 -0.080573638835595998 4.1716900066618008e-26 -8.4489954510607829e-17 -3.7170229281868572e-25 -1.3147199130781334e-14 2.1258368870037773e-15 7.2566751304463881e-16 
6 0.050962738971170971 0.020119762384506003 0.038485124151653165 0.99999992280346228 5.6190500070578504e-06 -0.00039288865587515289 -5.7072565502462957e-06 0.99999997478202207 -0.00022450697669699977 0.00039288738445136643 0.0002245092016821932 0.99999989761755559 0 0 0 -8.8235057637604152e-15 1.7257817383442613e-14 -1.729958884307831e-15 
7 0.045164119990832856 0.021546132532298142 0.045549399426557689 -0.70583025878459971 0.0025347328538558355 -0.70837646835099244 -0.70838086479638374 -0.0031508520633435249 0.70582336495868581 -0.00044291578474786467 0.99999182359689032 0.0040195229783039528 1.68979911089781e-16 8.4489956235964748e-17 -6.4925445847583473e-24 -1.6461608912520558e-14 8.1047215726669654e-15 -1.6197388144516119e-15 
8 0.051297778748946372 0.013432037198902251 0.043344933501667862 0.81871104628552427 -0.48232158727292679 -0.31157360148219643 -0.567156840022632 -0.76402046537167478 -0.30758063545807285 -0.089695827693403257 0.42853076312415861 -0.89906398190041037 1.6897991358739523e-16 4.2244988051160264e-17 -4.9432183432199961e-24 -1.1325607884158743e-14 3.1826620917719377e-15 -1.8711822832570017e-15 
9 0.079846047071225335 0.025992876440878818 0.089769451791093482 0.94280001759475196 0.32532471433222043 -0.072745838836283133 -0.31403192397785062 0.93995844994908173 0.13364902952168775 0.11185739826271998 -0.1031597916534281 0.98835518910962183 0 -4.2244977447744047e-16 0 -3.9657421951611596e-14 -2.4611701590941963e-14 -8.0469124489563749e-14 
10 0.054225048887019837 0.013879886434591602 0.046396131119926659 0.9998711348523025 -0.0019273539465007759 0.015937345950114999 0.0017633018100484501 0.99994538632666707 0.010301219866567375 -0.015956329649873084 -0.010271790047386601 0.99981992672347109 0 4.2244977447744049e-17 -1.6897990979097619e-16 -1.3086501818985201e-14 -1.1961753255345437e-15 -5.6558929452606191e-15 
1 0.051296215921961506 0.017908175538920625 0.021903828027305762 1 0 0 0 1 0 0 0 1 0 0 0 0 0 0 
2 0.03197700130233818 0.023348481053759158 0.033459363462841819 0.18859159804738232 0.072683406839210901 0.97936220649776984 0.98205560389719937 -0.0139581537729766 -0.18807434912118373 2.0384454274546826e-07 0.99725738518874629 -0.074011537522623849 -7.9208709682434261e-19 -9.2567174105136265e-17 -1.9276162020463976e-18 -4.7078749577810662e-16 -6.7146836380649498e-17 4.7481672776007146e-16 
3 0.030311648920884133 0.023661272694209264 0.033596338645152816 0.18428127207711273 0.079916970881617741 0.97961915585943282 0.98286567469720321 -0.010994158208274984 -0.18399509229135097 -0.0039342424496331407 0.99674089223348206 -0.080573664965355909 1.2436433423249152e-26 -8.4489954819926821e-17 -2.1346125830111431e-26 -1.4216441026019335e-14 2.6504487672912478e-15 1.0994722233623913e-15 
4 0.040726839049522977 0.018584597869839587 0.038434486127546873 0.99936904849666408 -0.017023028062887666 0.031172446526415296 0.017123628139482767 0.9998489893461876 -0.0029630833177402794 -0.031117298504413842 0.0034949991383826894 0.9995096291256077 0 0 -1.6897990979097619e-16 -1.183654728423744e-14 7.2746704152343306e-15 2.8862757725793275e-15 
5 0.05676136321457307 0.018693405463590929 0.031420850455458796 0.18461799275467389 0.079135995535861994 0.97961915608147598 0.9828103148630366 -0.015155435850251253 -0.18399510255169219 0.00028591966351887432 0.99674861774408141 -0.080573638835595998 4.1716900066618008e-26 -8.4489954510607829e-17 -3.7170229281868572e-25 -1.3147199130781334e-14 2.1258368870037773e-15 7.2566751304463881e-16 
6 0.050962738971170971 0.020119762384506003 0.038485124151653165 0.99999992280346228 5.6190500070439743e-06 -0.00039288865587487528 -5.7072565502323408e-06 0.99999997478202207 -0.00022450697669695811 0.00039288738445108882 0.00022450920168215154 0.99999989761755559 0 0 0 -8.8235057637604152e-15 1.7257817383442613e-14 -1.7299588843078318e-15 
7 0.045164119990832856 0.021546132532298142 0.045549399426557689 -0.70583025878459971 0.0025347328538558355 -0.70837646835099244 -0.70838086479638374 -0.0031508520633435249 0.70582336495868581 -0.00044291578474786467 0.99999182359689032 0.0040195229783039528 1.68979911089781e-16 8.4489956235964748e-17 -6.4925445847583473e-24 -1.6461608912520558e-14 8.1047215726669654e-15 -1.6197388144516119e-15 
8 0.051297778748946372 0.013432037198902251 0.043344933501667862 0.81871104628552427 -0.48232158727292679 -0.31157360148219648 -0.567156840022632 -0.76402046537167478 -0.30758063545807285 -0.089695827693403313 0.42853076312415861 -0.89906398190041037 1.6897991358739523e-16 4.2244988051160264e-17 -4.9432183432199969e-24 -1.1325607884158743e-14 3.1826620917719377e-15 -1.8711822832570017e-15 
9 0.079846047071225335 0.025992876440878814 0.089769451791093482 0.94280001759475163 0.32532471433222115 -0.072745838836283203 -0.31403192397785135 0.93995844994908151 0.13364902952168814 0.11185739826272023 -0.10315979165342834 0.98835518910962183 0 -4.2244977447744047e-16 0 -3.9657421951611596e-14 -2.461170159094196e-14 -8.0469124489563749e-14 
10 0.054225048887019837 0.013879886434591602 0.046396131119926659 0.9998711348523025 -0.0019273539465007206 0.015937345950114999 0.0017633018100483931 0.99994538632666707 0.01030121986656749 -0.015956329649873084 -0.010271790047386715 0.99981992672347109 0 4.2244977447744049e-17 -1.6897990979097619e-16 -1.3086501818985201e-14 -1.1961753255345437e-15 -5.6558929452606175e-15 
1 0.051296215921961506 0.017908175538920625 0.021903828027305762 1 0 0 0 1 0 0 0 1 0 0 0 0 0 0 
2 0.03197700130233818 0.023348481053759158 0.033459363462841819 0.18859159804738232 0.072683406839210901 0.97936220649776984 0.98205560389719937 -0.0139581537729766 -0.18807434912118373 2.0384454274546826e-07 0.99725738518874629 -0.074011537522623849 -7.9208709682434261e-19 -9.2567174105136265e-17 -1.9276162020463976e-18 -4.7078749577810662e-16 -6.7146836380649498e-17 4.7481672776007146e-16 
3 0.030311648920884133 0.023661272694209264 0.033596338645152816 0.1842812720771127 0.079916970881617769 0.97961915585943282 0.9828656746972031 -0.010994158208274818 -0.18399509229135097 -0.0039342424496333073 0.99674089223348206 -0.080573664965355909 1.2436433423249152e-26 -8.4489954819926821e-17 -2.1346125830112533e-26 -1.4216441026019335e-14 2.6504487672912474e-15 1.0994722233623913e-15 
4 0.040726839049522977 0.018584597869839587 0.038434486127546873 0.99936904849666408 -0.017023028062887722 0.031172446526415296 0.017123628139482816 0.9998489893461876 -0.0029630833177400856 -0.031117298504413846 0.0034949991383824968 0.9995096291256077 0 0 -1.6897990979097619e-16 -1.1836547284237439e-14 7.2746704152343306e-15 2.8862757725793275e-15 
5 0.05676136321457307 0.018693405463590929 0.031420850455458796 0.18461799275467389 0.079135995535862022 0.97961915608147598 0.98281031486303672 -0.015155435850251142 -0.18399510255169219 0.0002859196635187633 0.99674861774408141 -0.080573638835595998 4.1716900066617985e-26 -8.4489954510607829e-17 -3.7170229281868572e-25 -1.3147199130781334e-14 2.1258368870037773e-15 7.2566751304463881e-16 
6 0.050962738971170971 0.020119762384506003 0.038485124151653165 0.99999992280346228 5.6190500071688744e-06 -0.00039288865587476437 -5.7072565503571613e-06 0.99999997478202207 -0.00022450697669681939 0.00039288738445097786 0.00022450920168201288 0.99999989761755559 0 0 0 -8.8235057637604136e-15 1.7257817383442613e-14 -1.7299588843078318e-15 
7 0.045164119990832856 0.021546132532298142 0.045549399426557689 -0.70583025878459982 0.0025347328538558359 -0.70837646835099233 -0.70838086479638362 -0.0031508520633433028 0.70582336495868592 -0.00044291578474770681 0.99999182359689032 0.0040195229783037967 1.68979911089781e-16 8.4489956235964748e-17 -6.4925445847583481e-24 -1.6461608912520558e-14 8.1047215726669654e-15 -1.6197388144516119e-15 
8 0.051297778748946372 0.013432037198902251 0.043344933501667862 0.81871104628552427 -0.48232158727292679 -0.31157360148219654 -0.567156840022632 -0.76402046537167478 -0.30758063545807285 -0.089695827693403313 0.42853076312415866 -0.89906398190041037 1.6897991358739523e-16 4.2244988051160264e-17 -4.9432183432199998e-24 -1.1325607884158743e-14 3.1826620917719381e-15 -1.8711822832570017e-15 
9 0.079846047071225335 0.025992876440878811 0.089769451791093482 0.9428000175947514 0.32532471433222199 -0.0727458388362833 -0.31403192397785207 0.93995844994908118 0.13364902952168858 0.11185739826272055 -0.10315979165342865 0.98835518910962172 0 -4.2244977447744047e-16 0 -3.9657421951611602e-14 -2.461170159094196e-14 -8.0469124489563749e-14 
10 0.054225048887019837 0.013879886434591602 0.046396131119926659 0.9998711348523025 -0.0019273539465006649 0.015937345950115058 0.0017633018100483349 0.99994538632666707 0.010301219866567598 -0.015956329649873143 -0.010271790047386825 0.99981992672347109 0 4.2244977447744049e-17 -1.6897990979097619e-16 -1.3086501818985203e-14 -1.1961753255345441e-15 -5.6558929452606175e-15 
1 0.051296215921961506 0.017908175538920625 0.021903828027305762 1 0 0 0 1 0 0 0 1 0 0 0 0 0 0 
2 0.03197700130233818 0.023348481053759154 0.033459363462841819 0.1885915980473821 0.072683406839210818 0.97936220649776984 0.98205560389719937 -0.0139581537729766 -0.18807434912118354 2.0384454274546826e-07 0.99725738518874629 -0.07401153752262378 -7.9208709682434213e-19 -9.2567174105136265e-17 -1.9276162020463972e-18 -4.7078749577810662e-16 -6.7146836380649498e-17 4.7481672776007146e-16 
3 0.030311648920884133 0.02366127269420926 0.033596338645152816 0.1842812720771127 0.07991697088161781 0.97961915585943282 0.98286567469720321 -0.010994158208274596 -0.18399509229135097 -0.0039342424496334738 0.99674089223348217 -0.080573664965355909 1.2436433423249106e-26 -8.4489954819926821e-17 -2.1346125830112165e-26 -1.4216441026019335e-14 2.6504487672912474e-15 1.0994722233623913e-15 
4 0.040726839049522977 0.018584597869839587 0.038434486127546866 0.99936904849666408 -0.017023028062887774 0.031172446526415515 0.017123628139482868 0.9998489893461876 -0.0029630833177400296 -0.031117298504414064 0.0034949991383824461 0.9995096291256077 0 0 -1.6897990979097619e-16 -1.1836547284237439e-14 7.2746704152343306e-15 2.8862757725793275e-15 
5 0.05676136321457307 0.018693405463590926 0.031420850455458796 0.18461799275467389 0.079135995535862022 0.97961915608147598 0.98281031486303672 -0.015155435850251142 -0.18399510255169219 0.0002859196635187633 0.99674861774408141 -0.080573638835595998 4.1716900066617916e-26 -8.4489954510607829e-17 -3.7170229281868609e-25 -1.3147199130781334e-14 2.1258368870037769e-15 7.2566751304463891e-16 
6 0.050962738971170971 0.020119762384506003 0.038485124151653165 0.99999992280346228 5.6190500070717299e-06 -0.00039288865587459773 -5.7072565502599736e-06 0.99999997478202207 -0.00022450697669680546 0.00039288738445081127 0.00022450920168199889 0.99999989761755559 0 0 0 -8.8235057637604152e-15 1.7257817383442613e-14 -1.7299588843078312e-15 
7 0.045164119990832863 0.021546132532298146 0.045549399426557689 -0.70583025878459993 0.0025347328538561499 -0.70837646835099233 -0.70838086479638362 -0.0031508520633429884 0.70582336495868603 -0.00044291578474726272 0.99999182359689032 0.0040195229783037975 1.68979911089781e-16 8.4489956235964748e-17 -6.4925445847583532e-24 -1.6461608912520561e-14 8.1047215726669654e-15 -1.6197388144516119e-15 
8 0.051297778748946379 0.013432037198902253 0.043344933501667862 0.81871104628552427 -0.48232158727292679 -0.31157360148219648 -0.56715684002263211 -0.76402046537167467 -0.30758063545807329 -0.089695827693403091 0.42853076312415905 -0.89906398190041026 1.6897991358739523e-16 4.2244988051160264e-17 -4.9432183432200005e-24 -1.1325607884158743e-14 3.1826620917719377e-15 -1.8711822832570017e-15 
9 0.079846047071225335 0.025992876440878804 0.089769451791093482 0.94280001759475118 0.32532471433222271 -0.072745838836283494 -0.31403192397785273 0.93995844994908084 0.13364902952168911 0.11185739826272101 -0.10315979165342901 0.98835518910962161 0 -4.2244977447744047e-16 0 -3.9657421951611602e-14 -2.4611701590941963e-14 -8.0469124489563761e-14 
10 0.054225048887019837 0.013879886434591603 0.046396131119926652 0.9998711348523025 -0.0019273539465004983 0.015937345950114781 0.001763301810048168 0.99994538632666707 0.010301219866567799 -0.015956329649872866 -0.010271790047387029 0.99981992672347109 0 4.2244977447744049e-17 -1.6897990979097619e-16 -1.3086501818985203e-14 -1.1961753255345441e-15 -5.6558929452606191e-15 
1 0.051296215921961506 0.017908175538920625 0.021903828027305762 1 0 0 0 1 0 0 0 1 0 0 0 0 0 0 
2 0.03197700130233818 0.023348481053759154 0.033459363462841819 0.1885915980473821 0.072683406839210818 0.97936220649776984 0.98205560389719937 -0.0139581537729766 -0.18807434912118354 2.0384454274546826e-07 0.99725738518874629 -0.07401153752262378 -7.9208709682434213e-19 -9.2567174105136265e-17 -1.9276162020463972e-18 -4.7078749577810662e-16 -6.7146836380649498e-17 4.7481672776007146e-16 
3 0.030311648920884133 0.02366127269420926 0.033596338645152816 0.1842812720771127 0.079916970881617824 0.97961915585943282 0.98286567469720332 -0.01099415820827454 -0.18399509229135097 -0.0039342424496335293 0.99674089223348217 -0.080573664965355909 1.2436433423249106e-26 -8.4489954819926821e-17 -2.1346125830112165e-26 -1.4216441026019335e-14 2.6504487672912474e-15 1.0994722233623913e-15 
4 0.040726839049522977 0.018584597869839587 0.038434486127546866 0.99936904849666408 -0.017023028062887881 0.03117244652641557 0.017123628139482969 0.9998489893461876 -0.0029630833177398076 -0.031117298504414123 0.0034949991383822279 0.9995096291256077 0 0 -1.6897990979097619e-16 -1.1836547284237439e-14 7.2746704152343306e-15 2.8862757725793275e-15 
5 0.05676136321457307 0.018693405463590926 0.031420850455458796 0.18461799275467386 0.07913599553586205 0.97961915608147598 0.9828103148630366 -0.015155435850250976 -0.18399510255169219 0.00028591966351859677 0.99674861774408141 -0.080573638835595998 4.1716900066617916e-26 -8.4489954510607829e-17 -3.7170229281868682e-25 -1.3147199130781334e-14 2.1258368870037773e-15 7.2566751304463891e-16 
6 0.050962738971170971 0.020119762384506003 0.038485124151653165 0.99999992280346228 5.6190500070856076e-06 -0.00039288865587448676 -5.7072565502737997e-06 0.99999997478202207 -0.0002245069766967361 0.0003928873844507003 0.00022450920168192953 0.99999989761755559 0 0 0 -8.8235057637604152e-15 1.7257817383442613e-14 -1.7299588843078312e-15 
7 0.045164119990832863 0.021546132532298146 0.045549399426557689 -0.70583025878459993 0.0025347328538561499 -0.70837646835099233 -0.70838086479638362 -0.0031508520633429884 0.70582336495868603 -0.00044291578474726272 0.99999182359689032 0.0040195229783037975 1.68979911089781e-16 8.4489956235964748e-17 -6.4925445847583532e-24 -1.6461608912520561e-14 8.1047215726669654e-15 -1.6197388144516119e-15 
8 0.051297778748946379 0.013432037198902253 0.043344933501667862 0.81871104628552427 -0.48232158727292679 -0.31157360148219665 -0.56715684002263211 -0.76402046537167467 -0.30758063545807329 -0.089695827693403202 0.42853076312415905 -0.89906398190041026 1.6897991358739523e-16 4.2244988051160264e-17 -4.9432183432200013e-24 -1.1325607884158743e-14 3.1826620917719377e-15 -1.8711822832570017e-15 
9 0.079846047071225335 0.0259928764408788 0.089769451791093482 0.94280001759475085 0.32532471433222343 -0.072745838836283563 -0.31403192397785334 0.93995844994908051 0.1336490295216895 0.11185739826272126 -0.10315979165342928 0.98835518910962161 0 -4.2244977447744047e-16 0 -3.9657421951611602e-14 -2.4611701590941963e-14 -8.0469124489563761e-14 
10 0.054225048887019837 0.013879886434591603 0.046396131119926652 0.9998711348523025 -0.0019273539465004983 0.015937345950114836 0.0017633018100481658 0.99994538632666707 0.010301219866567906 -0.015956329649872921 -0.010271790047387137 0.99981992672347109 0 4.2244977447744049e-17 -1.6897990979097619e-16 -1.3086501818985203e-14 -1.1961753255345445e-15 -5.6558929452606183e-15 
1 0.051296215921961506 0.017908175538920625 0.021903828027305762 1 0 0 0 1 0 0 0 1 0 0 0 0 0 0 
2 0.03197700130233818 0.023348481053759165 0.033459363462841812 0.18859159804738232 0.072683406839210887 0.97936220649776984 0.98205560389719948 -0.013958153772976711 -0.18807434912118373 2.0384454285649056e-07 0.9972573851887464 -0.074011537522623849 -2.533733336267362e-18 -2.9582433989049965e-16 3.792809529211436e-17 -1.7549083469456756e-15 -2.1340637761844067e-16 1.5202138925110105e-15 
3 0.030311648920884133 0.02366127269420927 0.03359633864515281 0.18428127207711262 0.079916970881617436 0.97961915585943293 0.98286567469720332 -0.010994158208276372 -0.18399509229135075 -0.0039342424496316419 0.99674089223348206 -0.080573664965355868 -2.2032213440769914e-27 -2.9253826043250382e-16 4.4433025210329496e-17 -4.5864087642390427e-14 8.1581662428315031e-15 3.58339923918623e-15 
4 0.040726839049522977 0.018584597869839587 0.038434486127546887 0.99936904849666419 -0.017023028062887333 0.031172446526414516 0.017123628139482459 0.9998489893461876 -0.0029630833177412791 -0.031117298504413048 0.0034949991383836643 0.99950962912560781 0 0 -4.9621046986598372e-16 -3.6988639670124794e-14 2.6275640488359633e-14 1.2145884445727473e-14 
5 0.05676136321457307 0.018693405463590936 0.031420850455458789 0.18461799275467394 0.079135995535861828 0.97961915608147598 0.98281031486303649 -0.015155435850252474 -0.18399510255169213 0.00028591966352015108 0.99674861774408141 -0.080573638835596068 1.2756462363003136e-25 -2.7032174637129989e-16 4.4433024026690361e-17 -4.2067933642401618e-14 6.3512905935710351e-15 2.1536431095724921e-15 
6 0.050962738971170971 0.020119762384506003 0.038485124151653165 0.99999992280346228 5.6190500069884623e-06 -0.00039288865587637419 -5.7072565501774709e-06 0.99999997478202207 -0.00022450697669773532 0.00039288738445258773 0.00022450920168292873 0.99999989761755559 0 0 0 -2.8271127190643679e-14 5.3190023653996375e-14 -5.7424392924747533e-15 
7 0.045164119990832842 0.021546132532298135 0.045549399426557696 -0.7058302587845996 0.0025347328538555215 -0.70837646835099255 -0.70838086479638385 -0.0031508520633449491 0.7058233649586857 -0.00044291578474909546 0.99999182359689032 0.004019522978304736 5.4064350110428477e-16 2.9253826634384766e-16 -4.443305248900074e-17 -5.5453621506091099e-14 2.1022097929892681e-14 -6.9788543269928419e-15 
8 0.051297778748946359 0.013432037198902248 0.043344933501667862 0.81871104628552427 -0.48232158727292695 -0.31157360148219632 -0.567156840022632 -0.76402046537167534 -0.30758063545807174 -0.089695827693403896 0.42853076312415761 -0.89906398190041092 5.8507652988576896e-16 1.5737742501497113e-16 -1.6077292083523142e-23 -3.9487587759307856e-14 7.7330076436644753e-15 -2.7440684244087219e-15 
9 0.079846047071225348 0.025992876440878849 0.089769451791093482 0.94280001759475451 0.32532471433221355 -0.072745838836281579 -0.31403192397784441 0.9399584499490844 0.13364902952168367 0.11185739826271646 -0.10315979165342552 0.98835518910962261 -2.665981542236364e-16 -1.3293922260728379e-15 0 -1.3536675772650346e-13 -8.687207991798235e-14 -2.7040994125027167e-13 
10 0.054225048887019837 0.013879886434591598 0.046396131119926673 0.9998711348523025 -0.0019273539465012198 0.015937345950115207 0.0017633018100489139 0.99994538632666707 0.010301219866566 -0.015956329649873296 -0.010271790047385218 0.99981992672347109 0 1.4626913031846558e-16 -5.8507652127386232e-16 -4.6394781689300243e-14 -8.1566777719773274e-15 -1.9624229309047428e-14 
1 0.051296215921961506 0.017908175538920625 0.021903828027305762 1 0 0 0 1 0 0 0 1 0 0 0 0 0 0 
2 0.03197700130233818 0.023348481053759161 0.033459363462841819 0.18859159804738232 0.072683406839210887 0.97936220649776984 0.98205560389719948 -0.013958153772976711 -0.18807434912118373 2.0384454285649056e-07 0.9972573851887464 -0.074011537522623849 -2.287363813923224e-18 -2.6709004611799888e-16 2.9452741521607172e-17 -1.5572394807927213e-15 -1.9280583700570104e-16 1.3722462927292458e-15 
3 0.030311648920884133 0.02366127269420927 0.033596338645152816 0.18428127207711278 0.079916970881617588 0.97961915585943282 0.98286567469720321 -0.010994158208276039 -0.18399509229135094 -0.0039342424496320305 0.99674089223348206 -0.080573664965355965 2.5693967208317665e-27 -2.6167504545859941e-16 3.5288369011249938e-17 -4.1362283485754335e-14 7.3996551876447793e-15 3.2277554280552226e-15 
4 0.040726839049522977 0.018584597869839587 0.03843448612754688 0.99936904849666419 -0.017023028062887503 0.031172446526414863 0.017123628139482618 0.9998489893461876 -0.0029630833177408914 -0.031117298504413398 0.0034949991383832878 0.99950962912560781 0 0 -4.5277335247302386e-16 -3.3486932498745886e-14 2.3394408777924785e-14 1.0648573318804174e-14 
5 0.05676136321457307 0.018693405463590933 0.031420850455458796 0.18461799275467392 0.079135995535861897 0.97961915608147598 0.9828103148630366 -0.015155435850251975 -0.18399510255169216 0.00028591966351959597 0.99674861774408141 -0.080573638835596026 1.1579914508648836e-25 -2.4403085968546591e-16 3.5288367949533953e-17 -3.7976058857740884e-14 5.7824504423995364e-15 1.9624315130698005e-15 
6 0.050962738971170971 0.020119762384506003 0.038485124151653165 0.99999992280346228 5.6190500070439751e-06 -0.00039288865587581897 -5.707256550232761e-06 0.99999997478202207 -0.00022450697669748547 0.00039288738445203251 0.0002245092016826789 0.99999989761755559 0 0 0 -2.5517120197700489e-14 4.8236757092025839e-14 -5.1614168047944599e-15 
7 0.045164119990832849 0.021546132532298135 0.045549399426557689 -0.70583025878459948 0.0025347328538555215 -0.70837646835099266 -0.70838086479638396 -0.0031508520633445045 0.70582336495868558 -0.00044291578474878234 0.99999182359689032 0.004019522978304422 4.8806172673013168e-16 2.6167505064513409e-16 -3.5288392938038988e-17 -4.9757965686843641e-14 1.951036252805453e-14 -6.1050887011515683e-15 
8 0.051297778748946359 0.013432037198902248 0.043344933501667862 0.81871104628552427 -0.4823215872729269 -0.31157360148219648 -0.56715684002263211 -0.76402046537167523 -0.30758063545807207 -0.089695827693403812 0.42853076312415805 -0.8990639819004107 5.2335009945240135e-16 1.3965964925299512e-16 -1.4485244189521344e-23 -3.5294128514803365e-14 7.246835376906374e-15 -2.8291805206539612e-15 
9 0.079846047071225348 0.025992876440878835 0.089769451791093482 0.94280001759475351 0.32532471433221605 -0.07274583883628212 -0.31403192397784668 0.9399584499490834 0.13364902952168511 0.11185739826271771 -0.10315979165342644 0.98835518910962228 -2.1173021646410814e-16 -1.2025101200039288e-15 0 -1.2128028278563402e-13 -7.7540795652973889e-14 -2.427044675191584e-13 
10 0.054225048887019837 0.013879886434591598 0.046396131119926673 0.9998711348523025 -0.0019273539465011643 0.015937345950115096 0.0017633018100488506 0.99994538632666707 0.010301219866566564 -0.015956329649873185 -0.010271790047385782 0.99981992672347109 0 1.3083752282359826e-16 -5.2335009129439305e-16 -4.1391328305794087e-14 -6.8934033108844738e-15 -1.7549706797319606e-14 
1 0.051296215921961506 0.017908175538920625 0.021903828027305762 1 0 0 0 1 0 0 0 1 0 0 0 0 0 0 
2 0.03197700130233818 0.023348481053759158 0.033459363462841819 0.18859159804738232 0.072683406839210901 0.97936220649776984 0.98205560389719937 -0.0139581537729766 -0.18807434912118373 2.0384454274546826e-07 0.99725738518874629 -0.074011537522623849 -2.0409942915790856e-18 -2.3835575234549816e-16 2.097738775110001e-17 -1.3595706146397679e-15 -1.7220529639296152e-16 1.2242786929474812e-15 
3 0.030311648920884133 0.023661272694209267 0.033596338645152816 0.18428127207711276 0.079916970881617685 0.97961915585943282 0.98286567469720321 -0.010994158208275595 -0.18399509229135094 -0.0039342424496324746 0.99674089223348206 -0.080573664965355965 7.3420147857403407e-27 -2.3081183048469514e-16 2.6143712812170408e-17 -3.6860479329118262e-14 6.6411441324580588e-15 2.8721116169242161e-15 
4 0.040726839049522977 0.018584597869839587 0.038434486127546873 0.99936904849666408 -0.017023028062887611 0.031172446526415022 0.017123628139482719 0.9998489893461876 -0.0029630833177405019 -0.031117298504413565 0.0034949991383829053 0.9995096291256077 0 0 -4.093362350800642e-16 -2.9985225327366984e-14 2.0513177067489945e-14 9.1512621918808802e-15 
5 0.05676136321457307 0.018693405463590929 0.031420850455458796 0.18461799275467389 0.07913599553586198 0.97961915608147598 0.9828103148630366 -0.015155435850251586 -0.18399510255169216 0.00028591966351915188 0.99674861774408141 -0.080573638835596026 1.0403366654294568e-25 -2.17739972999632e-16 2.6143711872377563e-17 -3.3884184073080163e-14 5.2136102912280386e-15 1.7712199165671095e-15 
6 0.050962738971170971 0.020119762384506003 0.038485124151653165 0.99999992280346228 5.6190500070439743e-06 -0.00039288865587526386 -5.7072565502325204e-06 0.99999997478202207 -0.00022450697669719404 0.0003928873844514774 0.00022450920168238747 0.99999989761755559 0 0 0 -2.2763113204757289e-14 4.3283490530055297e-14 -4.5803943171141656e-15 
7 0.045164119990832856 0.021546132532298139 0.045549399426557689 -0.7058302587845996 0.002534732853855835 -0.70837646835099255 -0.70838086479638385 -0.0031508520633439685 0.7058233649586857 -0.00044291578474817952 0.99999182359689032 0.0040195229783042659 4.3547995235597874e-16 2.3081183494642058e-16 -2.6143733387077253e-17 -4.4062309867596189e-14 1.7998627126216375e-14 -5.2313230753102931e-15 
