1 -0.13221311939246777 0.04215394533365132 0.2000000152587891 1 0 0 0 1 0 0 0 1 -0 -0 -0 0 0 0 
2 0.070999977111816409 0.16000001418590637 0.20000001525878908 -1 1.8663993281694103e-13 -1.1568699904293297e-10 -1.8663994032283703e-13 -1 6.4881067532454896e-11 -1.1568699904292086e-10 6.4881067532476493e-11 1 0 0 0 0 0 0 
1 -0.13221311939246777 0.04215394533365132 0.2000000152587891 1 0 0 0 1 0 0 0 1 0 0 0 0 0 0 
2 0.070999977111816409 0.16000001418590637 0.20000001525878908 -1 1.8663993281694103e-13 -1.1568699904293297e-10 -1.8663994032283701e-13 -1 6.4881067315614461e-11 -1.1568699904292086e-10 6.4881067315636058e-11 1 1.0258632416220287e-17 3.8841045392339248e-18 9.0976255520138555e-21 1.2701343832029569e-18 -1.0501227034594653e-18 -9.8388918581518169e-16 
1 -0.13221311939246777 0.04215394533365132 0.2000000152587891 1 0 0 0 1 0 0 0 1 0 0 0 0 0 0 
2 0.070999977111816409 0.16000001418590637 0.20000001525878908 -1 1.8663993281694103e-13 -1.1568699904293297e-10 -1.8663994032283701e-13 -1 6.4881067315614461e-11 -1.1568699904292086e-10 6.4881067315636058e-11 1 1.0258632416220287e-17 3.8841045392339248e-18 9.0976255520138555e-21 1.2701343832029569e-18 -1.0501227034594653e-18 -9.8388918581518169e-16 
1 -0.13221311939246777 0.04215394533365132 0.2000000152587891 1 0 0 0 1 0 0 0 1 0 0 0 0 0 0 
2 0.070999977111816409 0.16000001418590637 0.20000001525878908 -1 1.8663993281694103e-13 -1.1568699904293297e-10 -1.8663994032283703e-13 -1 6.4881067532454896e-11 -1.1568699904292086e-10 6.4881067532476493e-11 1 1.0258632416220287e-17 3.8841045392339241e-18 9.0976255520138555e-21 1.2701343832029569e-18 -1.0501227034594653e-18 -9.8388918581518169e-16 
1 -0.13221311939246777 0.04215394533365132 0.2000000152587891 1 0 0 0 1 0 0 0 1 0 0 0 0 0 0 
2 0.070999977111816409 0.16000001418590637 0.20000001525878908 -1 1.8663993281694103e-13 -1.1568699904293297e-10 -1.8663994032283703e-13 -1 6.4881067532454896e-11 -1.1568699904292086e-10 6.4881067532476493e-11 1 1.0258632416220287e-17 3.8841045392339241e-18 9.0976255520138555e-21 1.2701343832029569e-18 -1.0501227034594653e-18 -9.8388918581518169e-16 
1 -0.13221311939246777 0.04215394533365132 0.2000000152587891 1 0 0 0 1 0 0 0 1 0 0 0 0 0 0 
2 0.070999977111816409 0.16000001418590637 0.20000001525878908 -1 1.8663993281694103e-13 -1.1568699904293297e-10 -1.8663994032283703e-13 -1 6.4881067532454896e-11 -1.1568699904292086e-10 6.4881067532476493e-11 1 1.0258632416220287e-17 3.8841045392339241e-18 9.0976255520138555e-21 1.2701343832029569e-18 -1.0501227034594653e-18 -9.8388918581518169e-16 
1 -0.13221311939246777 0.04215394533365132 0.2000000152587891 1 0 0 0 1 0 0 0 1 0 0 0 0 0 0 
2 0.070999977111816409 0.16000001418590637 0.20000001525878908 -1 1.8663993281694103e-13 -1.1568699904293297e-10 -1.8663994032283703e-13 -1 6.4881067532454896e-11 -1.1568699904292086e-10 6.4881067532476493e-11 1 1.0258632416220287e-17 3.8841045392339241e-18 9.0976255520138555e-21 1.2701343832029569e-18 -1.0501227034594653e-18 -9.8388918581518169e-16 
1 -0.13221311939246777 0.04215394533365132 0.2000000152587891 1 0 0 0 1 0 0 0 1 0 0 0 0 0 0 
2 0.070999977111816409 0.16000001418590637 0.20000001525878908 -1 1.8663993281694103e-13 -1.1568699904293297e-10 -1.8663994032283703e-13 -1 6.4881067532454896e-11 -1.1568699904292086e-10 6.4881067532476493e-11 1 1.0258632416220287e-17 3.8841045392339241e-18 9.0976255520138555e-21 1.2701343832029569e-18 -1.0501227034594653e-18 -9.8388918581518169e-16 
1 -0.13221311939246777 0.04215394533365132 0.2000000152587891 1 0 0 0 1 0 0 0 1 0 0 0 0 0 0 
2 0.070999977111816409 0.16000001418590637 0.20000001525878908 -1 1.8663993281694103e-13 -1.1568699904293297e-10 -1.8663994032283703e-13 -1 6.4881067532454896e-11 -1.1568699904292086e-10 6.4881067532476493e-11 1 1.0258632416220287e-17 3.8841045392339241e-18 9.0976255520138555e-21 1.2701343832029569e-18 -1.0501227034594653e-18 -9.8388918581518169e-16 
1 -0.13221311939246777 0.04215394533365132 0.2000000152587891 1 0 0 0 1 0 0 0 1 0 0 0 0 0 0 
2 0.070999977111816409 0.16000001418590637 0.20000001525878908 -1 1.8663993281694103e-13 -1.1568699947661385e-10 -1.8663994032283698e-13 -1 6.4881066881933592e-11 -1.1568699947660174e-10 6.4881066881955189e-11 1 1.0258632416220288e-17 3.8841045392339241e-18 9.097625552013857e-21 1.2701343832029569e-18 -1.0501227034594653e-18 -9.8388918581518169e-16 
1 -0.13221311939246777 0.04215394533365132 0.2000000152587891 1 0 0 0 1 0 0 0 1 0 0 0 0 0 0 
2 0.070999977111816409 0.16000001418590637 0.20000001525878908 -1 1.8663993281694103e-13 -1.1568699947661385e-10 -1.8663994032283698e-13 -1 6.4881066881933592e-11 -1.1568699947660174e-10 6.4881066881955189e-11 1 1.0258632416220288e-17 3.8841045392339241e-18 9.097625552013857e-21 1.2701343832029569e-18 -1.0501227034594653e-18 -9.8388918581518169e-16 
1 -0.13221311939246777 0.04215394533365132 0.2000000152587891 1 0 0 0 1 0 0 0 1 0 0 0 0 0 0 
2 0.070999977111816409 0.16000001418590637 0.20000001525878908 -1 1.8663993281694103e-13 -1.1568699947661385e-10 -1.8663994032283698e-13 -1 6.4881066881933592e-11 -1.1568699947660174e-10 6.4881066881955189e-11 1 1.0258632416220288e-17 3.8841045392339241e-18 9.097625552013857e-21 1.2701343832029569e-18 -1.0501227034594653e-18 -9.8388918581518169e-16 
1 -0.13221311939246777 0.04215394533365132 0.2000000152587891 1 0 0 0 1 0 0 0 1 0 0 0 0 0 0 
2 0.070999977111816409 0.16000001418590637 0.20000001525878908 -1 1.8663993281694103e-13 -1.1568699904293297e-10 -1.8663994032283703e-13 -1 6.4881067532454896e-11 -1.1568699904292086e-10 6.4881067532476493e-11 1 6.4373355260918063e-18 2.4372921382709264e-18 5.7087987748211933e-21 7.9701473414480571e-19 -6.58956468217608e-19 -6.1739465384989258e-16 
1 -0.13221311939246777 0.04215394533365132 0.2000000152587891 1 0 0 0 1 0 0 0 1 0 0 0 0 0 0 
2 0.070999977111816409 0.16000001418590637 0.20000001525878908 -1 1.8663993281694103e-13 -1.1568699947661385e-10 -1.8663994032283698e-13 -1 6.4881066881933592e-11 -1.1568699947660174e-10 6.4881066881955189e-11 1 3.7679575231972872e-18 1.4266171479495702e-18 3.3415240210519684e-21 4.6651563390594925e-19 -3.8570616240465939e-19 -3.6137883777013963e-16 
1 -0.13221311939246777 0.04215394533365132 0.2000000152587891 1 0 0 0 1 0 0 0 1 0 0 0 0 0 0 
2 0.070999977111816409 0.16000001418590637 0.20000001525878908 -1 1.8663993281694103e-13 -1.1568699947661385e-10 -1.8663994032283698e-13 -1 6.4881066881933592e-11 -1.1568699947660174e-10 6.4881066881955189e-11 1 1.0985795203027632e-18 4.1594215762821243e-19 9.7424926728273639e-22 1.3601653366709221e-19 -1.124558565917104e-19 -1.0536302169038632e-16 
1 -0.13221311939246777 0.04215394533365132 0.2000000152587891 1 0 0 0 1 0 0 0 1 0 0 0 0 0 0 
2 0.070999977111816409 0.16000001418590637 0.20000001525878908 -1 1.8663993281694103e-13 -1.1568699947661385e-10 -1.8663994032283698e-13 -1 6.4881066881933592e-11 -1.1568699947660174e-10 6.4881066881955189e-11 1 -1.5707984825917597e-18 -5.947328326931449e-19 -1.3930254864864941e-21 -1.9448256657176468e-19 1.6079444922123852e-19 1.5065279438936689e-16 
1 -0.13221311939246777 0.04215394533365132 0.2000000152587891 1 0 0 0 1 0 0 0 1 0 0 0 0 0 0 
2 0.070999977111816409 0.16000001418590637 0.20000001525878908 -1 1.8663993281694103e-13 -1.1568699947661385e-10 -1.8663994032283698e-13 -1 6.4881066881933592e-11 -1.1568699947660174e-10 6.4881066881955189e-11 1 -4.2401764854862827e-18 -1.6054078230145025e-18 -3.760300240255725e-21 -5.2498166681062158e-19 4.3404475503418749e-19 4.0666861046912016e-16 
1 -0.13221311939246777 0.04215394533365132 0.2000000152587891 1 0 0 0 1 0 0 0 1 0 0 0 0 0 0 
2 0.070999977111816409 0.16000001418590637 0.20000001525878908 -1 1.8663993281694103e-13 -1.1568699947661385e-10 -1.8663994032283693e-13 -1 6.4881066448252723e-11 -1.1568699947660174e-10 6.488106644827432e-11 1 -7.5378351943719976e-19 -2.853961298795105e-19 1.0460620796030327e-19 9.3535156079333416e-18 1.7936279236920402e-18 7.2294183389136378e-17 
1 -0.13221311939246777 0.04215394533365132 0.2000000152587891 1 0 0 0 1 0 0 0 1 0 0 0 0 0 0 
2 0.070999977111816409 0.16000001418590637 0.20000001525878908 -1 1.8663993281694103e-13 -1.1568699947661385e-10 -1.8663994032283698e-13 -1 6.4881066881933592e-11 -1.1568699947660174e-10 6.4881066881955189e-11 1 -1.8814572717939059e-19 -7.1235389214209275e-20 1.6428906714282753e-19 1.4734186801923632e-17 2.7006559814948451e-18 1.8044758679182714e-17 
1 -0.13221311939246777 0.04215394533365132 0.2000000152587891 1 0 0 0 1 0 0 0 1 0 0 0 0 0 0 
2 0.070999977111816409 0.16000001418590637 0.20000001525878908 -1 1.8663993281694103e-13 -1.1568699947661385e-10 -1.8663994032283693e-13 -1 6.4881066448252723e-11 -1.1568699947660174e-10 6.488106644827432e-11 1 1.0580162251538334e-18 4.0058415741707719e-19 2.4091385654999516e-19 2.1665245912842016e-17 3.8044146331394702e-18 -1.0147266030313561e-16 
1 -0.13221311939246777 0.04215394533365132 0.2000000152587891 1 0 0 0 1 0 0 0 1 0 0 0 0 0 0 
2 0.070999977111816409 0.16000001418590637 0.20000001525878908 -1 1.8663993281694103e-13 -1.1568699947661385e-10 -1.8663994032283693e-13 -1 6.4881066448252723e-11 -1.1568699947660174e-10 6.488106644827432e-11 1 -6.5264595158913339e-19 -2.471036099384872e-19 2.0770131048719007e-19 1.9089577817718782e-17 2.194099404147061e-18 6.2594239454306848e-17 
1 -0.13221311939246777 0.04215394533365132 0.2000000152587891 1 0 0 0 1 0 0 0 1 0 0 0 0 0 0 
2 0.070999977111816409 0.16000001418590637 0.20000001525878908 -1 1.8663993281694103e-13 -1.1568699947661385e-10 -1.8663994032283688e-13 -1 6.4881066014571854e-11 -1.1568699947660174e-10 6.4881066014593451e-11 1 -3.3524820024081108e-18 -1.2693105703509571e-18 1.324947224679233e-19 1.2928075814422397e-17 -5.8295367504711867e-19 3.2153123866628036e-16 
1 -0.13221311939246777 0.04215394533365132 0.2000000152587891 1 0 0 0 1 0 0 0 1 0 0 0 0 0 0 
2 0.070999977111816409 0.16000001418590637 0.20000001525878908 -1 1.8663993281694103e-13 -1.1568699947661384e-10 -1.8663994032283696e-13 -1 6.4881066665093158e-11 -1.1568699947660173e-10 6.4881066665114755e-11 1 -7.0466062233570807e-18 -2.6679730891868167e-18 1.3836647168214172e-20 3.0603930685065652e-18 -4.5780745195180285e-18 6.7582884136650143e-16 
1 -0.13221311939246777 0.04215394533365132 0.2000000152587891 1 0 0 0 1 0 0 0 1 0 0 0 0 0 0 
2 0.070999977111816409 0.16000001418590637 0.20000001525878908 -1 1.8663993281694103e-13 -1.1568699947661385e-10 -1.8663994032283693e-13 -1 6.4881066448252723e-11 -1.1568699947660174e-10 6.488106644827432e-11 1 -1.2209663283772655e-17 -4.6228002582523541e-18 -1.6610762772868693e-19 -1.2062105858658867e-17 -1.0218774503422331e-17 1.1710094659746733e-15 
1 -0.13221311939246777 0.04215394533365132 0.2000000152587891 1 0 0 0 1 0 0 0 1 0 0 0 0 0 0 
2 0.070999977111816409 0.16000001418590637 0.20000001525878908 -1 1.8663993281694103e-13 -1.1568699947661384e-10 -1.8663994032283696e-13 -1 6.4881066665093158e-11 -1.1568699947660173e-10 6.4881066665114755e-11 1 -1.9316297852991386e-17 -7.3135011693538423e-18 -4.2517281453952884e-19 -3.3988056405703982e-17 -1.7932565000916665e-17 1.8525955309104948e-15 
1 -0.13221311939246777 0.04215394533365132 0.2000000152587891 1 0 0 0 1 0 0 0 1 0 0 0 0 0 0 
2 0.070999977007247306 0.16000001446116077 0.20000001525878908 -0.99999999883961033 4.8174468667257546e-05 -1.1569012460061645e-10 -4.8174468667257553e-05 -0.99999999883961033 6.4875494711954983e-11 -1.1568699912388355e-10 6.4881067946956807e-11 1 -1.0313623425399487e-06 2.7194195781583353e-06 2.6295909321500584e-19 1.0022093831912882e-17 4.0135809172697767e-17 0.24326721580953747 
1 -0.13221311939246777 0.04215394533365132 0.2000000152587891 1 0 0 0 1 0 0 0 1 0 0 0 0 0 0 
2 0.070999974830870283 0.1600000201186445 0.20000001525878908 -0.99998806395132767 0.0048858934572348287 -1.1600261961722681e-10 -0.0048858934572348287 -0.99998806395132767 6.4315058507792886e-11 -1.1568699848074804e-10 6.4881067280334083e-11 1 1.9310540918093116e-06 -5.007418359120365e-06 1.0231714401818879e-18 -5.003593026020603e-17 3.8611149867640027e-16 1.0107175279675762 
1 -0.13221311939246777 0.04215394533365132 0.2000000152587891 1 0 0 0 1 0 0 0 1 0 0 0 0 0 0 
2 0.070999977111813481 0.16000001418590451 0.20000001525878908 -0.99980531446212606 0.019731527393725308 -1.1694467269565163e-10 -0.019731527393725308 -0.99980531446212606 6.2585755805309271e-11 -1.1568699270401692e-10 6.4881068276621549e-11 1 -7.6471051713156157e-12 -5.6849577129147733e-12 -1.6603079979562544e-17 -2.1542012965114488e-15 1.3691847135233193e-15 1.9726315680464903 
1 -0.13221311939246777 0.04215394533365132 0.2000000152587891 1 0 0 0 1 0 0 0 1 0 0 0 0 0 0 
2 0.070999977105576983 0.16000001418102955 0.20000001525878908 -0.99901534452958196 0.044365993671286998 -1.1845159878214822e-10 -0.044365993671286998 -0.99901534452958196 5.9684609030630213e-11 -1.1568699778090143e-10 6.4881063135771047e-11 1 -1.0810005217354313e-09 -1.0333484831703821e-09 6.1482814254179489e-18 5.1521287236511171e-16 1.9786689647860456e-16 2.9565136226649646 
1 -0.13221311939246777 0.04215394533365132 0.2000000152587891 1 0 0 0 1 0 0 0 1 0 0 0 0 0 0 
2 0.070999977082271321 0.16000001415375695 0.20000001525878908 -0.99689268485504079 0.078771662941113527 -1.204382955697526e-10 -0.078771662941113527 -0.99689268485504079 5.5566606197031495e-11 -1.1568698185576149e-10 6.4881068063864233e-11 1 -8.7740002555070085e-09 -1.1827465958014205e-08 2.4521009083990788e-18 -1.478851763270228e-16 8.2898098108241669e-16 3.9374776378286751 
1 -0.13221311939246777 0.04215394533365132 0.2000000152587891 1 0 0 0 1 0 0 0 1 0 0 0 0 0 0 
2 0.070999977090544703 0.16000001414538326 0.20000001525878908 -0.99243065002871311 0.12280637151054498 -1.227791010553181e-10 -0.12280637151054498 -0.99243065002871311 5.018286044395268e-11 -1.1568696806712851e-10 6.4881064708622295e-11 1 -1.1206464596569266e-08 -2.8254299285629392e-08 6.6936644973004206e-18 -9.9963440303163509e-17 1.4773338802287483e-15 4.9145558554762943 
1 -0.13221311939246777 0.04215394533365132 0.2000000152587891 1 0 0 0 1 0 0 0 1 0 0 0 0 0 0 
2 0.070999977108182857 0.16000001416362003 0.20000001525878908 -0.9843537513898345 0.17620355309913549 -1.2530916231309492e-10 -0.17620355309913549 -0.9843537513898345 4.3481465376511477e-11 -1.1568695531311429e-10 6.4881063194739887e-11 1 -2.4074887014502444e-09 -3.3723450809652888e-08 9.7757837473225274e-18 1.8149544367407344e-16 1.4046923346722195e-15 5.8867843741071164 
1 -0.13221311939246777 0.04215394533365132 0.2000000152587891 1 0 0 0 1 0 0 0 1 0 0 0 0 0 0 
2 0.070999977112021911 0.1600000141738587 0.20000001525878908 -0.97113951180564428 0.23851215610508181 -1.2782308022348463e-10 -0.23851215610508181 -0.97113951180564428 3.5415819793321935e-11 -1.1568694018659432e-10 6.4881060408379499e-11 1 -1.2813239719244862e-08 1.3561887463736655e-07 8.4124226093443712e-18 -1.9342166757141399e-16 1.611991790051448e-15 6.85320593956608 
1 -0.13221311939246777 0.04215394533365132 0.2000000152587891 1 0 0 0 1 0 0 0 1 0 0 0 0 0 0 
2 0.070999977144285131 0.16000001408811593 0.20000001525878908 -0.95105324571426786 0.3090270600066547 -1.3007442629149398e-10 -0.3090270600066547 -0.95105324571426786 2.595494811199847e-11 -1.156869240012705e-10 6.4881055183174243e-11 1 -2.1204574304767299e-08 5.5174609298047628e-08 1.496493962662771e-17 -1.9689111452336761e-16 2.3904489498960402e-15 7.8128600312643908 
1 -0.13221311939246777 0.04215394533365132 0.2000000152587891 1 0 0 0 1 0 0 0 1 0 0 0 0 0 0 
2 0.070999977196880032 0.16000001406164979 0.20000001525878908 -0.92219997326291492 0.38671334255993672 -1.3177682613558617e-10 -0.38671334255993672 -0.92219997326291492 1.5095631200018182e-11 -1.1568690353949825e-10 6.4881047595875752e-11 1 4.8429577015340897e-09 -6.3385455079112418e-09 1.8234552392656285e-17 1.0364972768961422e-16 2.2672835831016869e-15 8.7648044959229452 
1 -0.13221311939246777 0.04215394533365132 0.2000000152587891 1 0 0 0 1 0 0 0 1 0 0 0 0 0 0 
2 0.070999977229687317 0.16000001408514344 0.20000001525878908 -0.88259763108290257 0.47012915417664602 -1.3260743688539532e-10 -0.47012915417664602 -0.88259763108290257 2.8760742502102443e-12 -1.1568688330442486e-10 6.4881038460517973e-11 1 4.5822794295102831e-08 -3.9037651458628808e-08 1.9693946859511277e-17 -8.066464163292153e-17 2.4190718872496575e-15 9.7080996122801526 
1 -0.13221311939246777 0.04215394533365132 0.2000000152587891 1 0 0 0 1 0 0 0 1 0 0 0 0 0 0 
2 0.070999977220472646 0.16000001413318318 0.20000001525878908 -0.83027520802542221 0.55735363902852719 -1.3221360919491496e-10 -0.55735363902852719 -0.83027520802542221 -1.0609387157288259e-11 -1.1568686241807703e-10 6.4881025084841644e-11 1 8.2108605609088059e-08 -4.1969947586761869e-08 2.3808997120983828e-17 1.1492543028346347e-16 2.5379004453540688e-15 10.641814232413338 
1 -0.13221311939246777 0.04215394533365132 0.2000000152587891 1 0 0 0 1 0 0 0 1 0 0 0 0 0 0 
2 0.070999977169088915 0.16000001417447121 0.20000001525878908 -0.76339826430932189 0.64592808427062121 -1.3022359873004703e-10 -0.64592808427062121 -0.76339826430932189 -2.5195327792329201e-11 -1.1568683905610105e-10 6.4881010149156847e-11 1 9.8410218044020503e-08 -2.3669758819622189e-08 2.8057145208834823e-17 -1.465841337200402e-16 2.9594382500164329e-15 11.565026708359403 
1 -0.13221311939246777 0.04215394533365132 0.2000000152587891 1 0 0 0 1 0 0 0 1 0 0 0 0 0 0 
2 0.070999977184552546 0.16000001418193877 0.20000001525878908 -0.6804223316841761 0.73282020342336984 -1.2626199466407759e-10 -0.73282020342336984 -0.6804223316841761 -4.063116484397053e-11 -1.1568681929871363e-10 6.4880988692191226e-11 1 -3.7334429813656866e-07 3.5977121781716193e-08 3.1582061775132198e-17 -5.2041704279304213e-16 3.2699537522162814e-15 12.476825427801367 
1 -0.13221311939246777 0.04215394533365132 0.2000000152587891 1 0 0 0 1 0 0 0 1 0 0 0 0 0 0 
2 0.070999977423221519 0.16000001425115787 0.20000001525878908 -0.58027187111133949 0.8144228358763923 -1.1997033311644801e-10 -0.8144228358763923 -0.58027187111133949 -5.6569371363992883e-11 -1.1568679752533984e-10 6.4880963948756679e-11 1 -1.4095540711717147e-07 -2.1280849638039001e-08 3.7852287932386732e-17 2.0252896582029223e-16 3.4573038876217765e-15 13.376311200011198 
1 -0.13221311939246777 0.04215394533365132 0.2000000152587891 1 0 0 0 1 0 0 0 1 0 0 0 0 0 0 
2 0.070999977486737129 0.16000001437828171 0.20000001525878908 -0.46253877426692575 0.88659905385673066 -1.1103299823931183e-10 -0.88659905385673066 -0.46253877426692575 -7.2557842418428306e-11 -1.1568678134685732e-10 6.488093569017734e-11 1 3.4557217615249769e-08 1.5647952184005831e-08 4.0033603846585632e-17 1.6956921977673289e-16 3.5960817656999211e-15 14.262596557258668 
1 -0.13221311939246777 0.04215394533365132 0.2000000152587891 1 0 0 0 1 0 0 0 1 0 0 0 0 0 0 
2 0.070999977406105585 0.16000001445928594 0.20000001525878908 -0.32768993150491194 0.94478532418232775 -9.9207911872549248e-11 -0.94478532418232775 -0.32768993150491194 -8.8038340574707407e-11 -1.1568676598661011e-10 6.488090138722626e-11 1 1.2364567345511668e-07 1.0049165863335041e-07 4.0904214520547908e-17 -2.3505503099485736e-16 3.6637359812630166e-15 15.134806514590171 
1 -0.13221311939246777 0.04215394533365132 0.2000000152587891 1 0 0 0 1 0 0 0 1 0 0 0 0 0 0 
2 0.070999977260834027 0.16000001443401934 0.20000001525878908 -0.17726844143227757 0.98416253722247082 -8.436092817129932e-11 -0.98416253722247082 -0.17726844143227757 -1.0235324062369161e-10 -1.1568675523986096e-10 6.4880865670603867e-11 1 1.2674791568384469e-07 1.8080201766301762e-07 4.3059468011862328e-17 1.6314532190475628e-16 3.9586389721790738e-15 15.992080060138115 
1 -0.13221311939246777 0.04215394533365132 0.2000000152587891 1 0 0 0 1 0 0 0 1 0 0 0 0 0 0 
2 0.070999977142430629 0.16000001430428246 0.20000001525878908 -0.014068031448020647 0.99990104034908245 -6.6501888130206818e-11 -0.99990104034908245 -0.014068031448020647 -1.14762558281006e-10 -1.1568675207186861e-10 6.4880823847619589e-11 1 7.2295369829555867e-08 2.1498807392661412e-07 4.5968981889091567e-17 -2.7885679876327174e-16 4.2847669856627135e-15 16.833571013773785 
1 -0.13221311939246777 0.04215394533365132 0.2000000152587891 1 0 0 0 1 0 0 0 1 0 0 0 0 0 0 
2 0.070999977135296308 0.16000001444369993 0.20000001525878908 0.15774414511350995 0.98748001735853264 -4.5819566362695568e-11 -0.98748001735853264 0.15774414511350995 -1.2447292303189102e-10 -1.1568675587084389e-10 6.4880781020640423e-11 1 -1.2289877604487742e-07 -7.5944090716095758e-07 5.3247144411751642e-17 -6.2103100439969694e-16 5.1486592766991635e-15 17.65844314259542 
1 -0.13221311939246777 0.04215394533365132 0.2000000152587891 1 0 0 0 1 0 0 0 1 0 0 0 0 0 0 
2 0.070999976951091393 0.16000001495497565 0.20000001525878908 0.33258413009297944 0.94307359013509451 -2.2711728424629472e-11 -0.94307359013509451 0.33258413009297944 -1.3067943791344259e-10 -1.1568676622885308e-10 6.4880738443070415e-11 1 3.4540144577821508e-08 -2.5609549145211297e-07 4.1829433174744919e-17 -2.0816681711721685e-17 4.891920202254596e-15 18.465897238378851 
1 -0.13221311939246777 0.04215394533365132 0.2000000152587891 1 0 0 0 1 0 0 0 1 0 0 0 0 0 0 
2 0.070999976640407331 0.16000001503236649 0.20000001525878908 0.50351559263047518 0.863986138764958 2.194078490566242e-12 -0.863986138764958 0.50351559263047518 -1.326202209022853e-10 -1.156867853109765e-10 6.488069571918715e-11 1 -5.2110748882672198e-08 1.0304975758823609e-07 3.0746267306557354e-17 2.4112656316077619e-16 4.6768144912334719e-15 19.255127155257 
1 -0.13221311939246777 0.04215394533365132 0.2000000152587891 1 0 0 0 1 0 0 0 1 0 0 0 0 0 0 
2 0.07099997647320537 0.1600000147875365 0.20000001525878908 0.66244770666841946 0.74910816036788153 2.8033834789276346e-11 -0.74910816036788153 0.66244770666841946 -1.2964197714765125e-10 -1.1568681257280943e-10 6.4880656042369293e-11 1 -2.4552803087884989e-07 2.5353966484620294e-07 2.7395116209179388e-17 -1.4398204850607499e-16 4.999473057765158e-15 20.025353737273864 
1 -0.13221311939246777 0.04215394533365132 0.2000000152587891 1 0 0 0 1 0 0 0 1 0 0 0 0 0 0 
2 0.070999976573638088 0.16000001444176931 0.20000001525878908 0.80048510055049049 0.59935265394980197 5.3719227506175239e-11 -0.59935265394980197 0.80048510055049049 -1.2127319302212797e-10 -1.1568685132255436e-10 6.4880622536437817e-11 1 -4.088718129069413e-07 2.148759553760593e-07 1.72479208971449e-17 -1.2836953722228372e-16 5.1382509358433026e-15 20.775816743432614 
1 -0.13221311939246777 0.04215394533365132 0.2000000152587891 1 0 0 0 1 0 0 0 1 0 0 0 0 0 0 
2 0.070999976895952568 0.16000001421356189 0.20000001525878908 0.90843690483742678 0.41802199694441444 7.7972729782734126e-11 -0.41802199694441444 0.90843690483742678 -1.0729959448437062e-10 -1.1568689606323451e-10 6.4880595292706934e-11 1 -4.5148121377569517e-07 7.3075623500257203e-08 3.5577845157202047e-18 6.2450045135165055e-17 5.5060123127503857e-15 21.505775585998947 
1 -0.13221311939246777 0.04215394533365132 0.2000000152587891 1 0 0 0 1 0 0 0 1 0 0 0 0 0 0 
2 0.07099997639849899 0.16000001414991102 0.20000001525878908 0.97747559571981113 0.21104847730367621 9.9388219666020295e-11 -0.21104847730367621 0.97747559571981113 -8.7834735826409081e-11 -1.1568694647610893e-10 6.4880578304374584e-11 1 1.4220892705640864e-06 2.3075843104403138e-08 -1.5694741844818899e-17 5.134781488891349e-16 6.0507154842071031e-15 22.214497378110195 
1 -0.13221311939246777 0.04215394533365132 0.2000000152587891 1 0 0 0 1 0 0 0 1 0 0 0 0 0 0 
2 0.070999975527992004 0.16000001356474838 0.20000001525878908 0.9999161470351422 -0.012949860941183009 1.1651749617760486e-10 0.012949860941183009 0.9999161470351422 -6.3377002414639682e-11 -1.1568700247195395e-10 6.4880573437798213e-11 1 3.9299947543480762e-07 1.3790493968990347e-07 -2.2205757488339361e-17 -5.8980598183211441e-17 5.5892790395972725e-15 22.901316598812489 
1 -0.13221311939246777 0.04215394533365132 0.2000000152587891 1 0 0 0 1 0 0 0 1 0 0 0 0 0 0 
2 0.070999975613663363 0.16000001292034438 0.20000001525878908 0.97006364369978293 -0.24285083317110656 1.279801139985375e-10 0.24285083317110656 0.97006364369978293 -3.4843593517090032e-11 -1.1568705999023421e-10 6.4880580600660522e-11 1 -2.2388065082368236e-07 -1.9095145098457778e-07 -3.777275744905194e-17 3.4694469519536142e-17 5.8876514774652833e-15 23.565532654905819 
1 -0.13221311939246777 0.04215394533365132 0.2000000152587891 1 0 0 0 1 0 0 0 1 0 0 0 0 0 0 
2 0.070999976250723046 0.160000012740911 0.20000001525878908 0.88505540188478193 -0.46548569859295053 1.3259049701462153e-10 0.46548569859295053 0.88505540188478193 -3.5722298556754105e-12 -1.1568711371147517e-10 6.4880601460177239e-11 1 -3.6954335458361243e-07 -6.192775175439813e-07 -4.7664073906572873e-17 -1.457167719820518e-16 5.8390792201379327e-15 24.20649011283944 
1 -0.13221311939246777 0.04215394533365132 0.2000000152587891 1 0 0 0 1 0 0 0 1 0 0 0 0 0 0 
2 0.07099997689810994 0.16000001313858209 0.20000001525878908 0.745605277322824 -0.66638785285174185 1.294926284143083e-10 0.66638785285174185 0.745605277322824 2.8717176312353943e-11 -1.156871645828662e-10 6.4880636400838275e-11 1 -1.7554601422498095e-07 -8.73332363565682e-07 -6.2326920621605439e-17 2.8449465006019636e-16 6.1530641692897348e-15 24.823556699045142 
1 -0.13221311939246777 0.04215394533365132 0.2000000152587891 1 0 0 0 1 0 0 0 1 0 0 0 0 0 0 
2 0.070999977151002869 0.16000001390016508 0.20000001525878908 0.55654686663969744 -0.83081621627983093 1.1828927465964412e-10 0.83081621627983093 0.55654686663969744 6.0005664508320296e-11 -1.156872043110671e-10 6.4880683036472655e-11 1 1.059762629179728e-07 -7.37833490527251e-07 -6.6610438246118246e-17 1.3877787807814457e-17 6.1305127641020363e-15 25.416123249766322 
1 -0.13221311939246777 0.04215394533365132 0.2000000152587891 1 0 0 0 1 0 0 0 1 0 0 0 0 0 0 
2 0.070999977244259466 0.16000001392189436 0.20000001525878908 0.32707240525036868 -0.94499928133503819 9.9150353320770811e-11 0.94499928133503819 0.32707240525036868 8.8103654171892746e-11 -1.1568723441747777e-10 6.488073855089589e-11 1 2.5435224212770613e-07 -4.928140067139708e-07 -7.2055149528683791e-17 -1.3183898417423734e-16 6.4618449480136064e-15 25.983606842144201 
1 -0.13221311939246777 0.04215394533365132 0.2000000152587891 1 0 0 0 1 0 0 0 1 0 0 0 0 0 0 
2 0.070999977616185664 0.16000001367347491 0.20000001525878908 0.070578350036236775 -0.99750623883069645 7.2884021371215704e-11 0.99750623883069645 0.070578350036236775 1.108195702073233e-10 -1.156872466387276e-10 6.4880803611899689e-11 1 3.0124293221023279e-07 -2.9488365332897004e-07 -7.3160654792983801e-17 -1.8041124150158794e-16 6.7966465788771302e-15 26.525448067716319 
1 -0.13221311939246777 0.04215394533365132 0.2000000152587891 1 0 0 0 1 0 0 0 1 0 0 0 0 0 0 
2 0.070999978017674478 0.16000001369720171 0.20000001525878908 -0.19594176032790186 -0.98061553452900341 4.0955225824292004e-11 0.98061553452900341 -0.19594176032790186 1.261575767836036e-10 -1.1568724054989871e-10 6.4880868337125882e-11 1 3.7502752708862275e-08 -1.5761921989820848e-08 -6.4583532175614269e-17 -2.4286128663675299e-17 6.8183306223268403e-15 27.041110482232519 
1 -0.13221311939246777 0.04215394533365132 0.2000000152587891 1 0 0 0 1 0 0 0 1 0 0 0 0 0 0 
2 0.070999977682013646 0.16000001407003051 0.20000001525878908 -0.45297202531770164 -0.89152473004374899 5.4398811631689515e-12 0.89152473004374899 -0.45297202531770164 1.3252726491307239e-10 -1.1568722008709501e-10 6.4880932182954265e-11 1 -1.1033894268819289e-06 2.0601259043129261e-07 -5.0410120477338975e-17 -1.3877787807814457e-17 6.699502064222429e-15 27.530082569197944 
1 -0.13221311939246777 0.04215394533365132 0.2000000152587891 1 0 0 0 1 0 0 0 1 0 0 0 0 0 0 
2 0.070999977439549611 0.16000001426082663 0.20000001525878908 -0.67997528974358235 -0.73323502735352952 -3.1091410829928376e-11 0.73323502735352952 -0.67997528974358235 1.2894336130245427e-10 -1.1568718013927839e-10 6.4880987991805407e-11 1 4.9805727969642888e-07 1.25837778391924e-07 -3.1184511720062193e-17 2.4286128663675299e-16 6.7749625354274201e-15 27.991900067458477 
1 -0.13221311939246777 0.04215394533365132 0.2000000152587891 1 0 0 0 1 0 0 0 1 0 0 0 0 0 0 
2 0.070999977966877223 0.16000001468061398 0.20000001525878908 -0.85721765697527486 -0.51495425871607281 -6.5758283970714102e-11 0.51495425871607281 -0.85721765697527486 1.1519074569470923e-10 -1.1568712717226096e-10 6.4881032753073283e-11 1 4.322880574614274e-07 2.6650275333772733e-07 -1.3151951369687568e-17 8.5435131191857749e-17 7.097187421090112e-15 28.426084312962658 
1 -0.13221311939246777 0.04215394533365132 0.2000000152587891 1 0 0 0 1 0 0 0 1 0 0 0 0 0 0 
2 0.070999978042700626 0.1600000151963975 0.20000001525878908 -0.96775422740175077 -0.25189631864328721 -9.5613342261328841e-11 0.25189631864328721 -0.96775422740175077 9.1930065039742272e-11 -1.156870611255605e-10 6.4881060138719111e-11 1 -6.1107151339001575e-08 -6.2887094913477437e-08 1.0175649151451596e-17 1.5720931501039814e-16 7.0629266324395701e-15 28.832212787147498 
1 -0.13221311939246777 0.04215394533365132 0.2000000152587891 1 0 0 0 1 0 0 0 1 0 0 0 0 0 0 
2 0.070999977322931063 0.16000001463369584 0.20000001525878908 -0.99936656045793026 0.035587607934307236 -1.1792267093069911e-10 -0.035587607934307236 -0.99936656045793026 6.0722946073550269e-11 -1.1568698965054352e-10 6.4881067538044362e-11 1 -7.4433247299054983e-07 -1.6770540960664437e-06 2.8144070508617638e-17 -2.3505503099485736e-16 7.0802738671993382e-15 29.20988281143384 
1 -0.13221311939246777 0.04215394533365132 0.2000000152587891 1 0 0 0 1 0 0 0 1 0 0 0 0 0 0 
2 0.07099997711317417 0.16000001472801997 0.20000001525878908 -0.94621639630763554 0.32353443612479893 -1.304561157645588e-10 -0.32353443612479893 -0.94621639630763554 2.396281528243693e-11 -1.1568691980466661e-10 6.4881054574851029e-11 1 -1.585615672095031e-08 6.8722130153187067e-07 5.3783209961684801e-17 3.6429192995512949e-17 7.5217609918354356e-15 29.558743164873235 
1 -0.13221311939246777 0.04215394533365132 0.2000000152587891 1 0 0 0 1 0 0 0 1 0 0 0 0 0 0 
2 0.070999976705328177 0.16000001547406414 0.20000001525878908 -0.80998329253884438 0.58645295276597675 -1.3175408438528105e-10 -0.58645295276597675 -0.80998329253884438 -1.5292355181317149e-11 -1.1568685392666021e-10 6.4881019626289009e-11 1 -1.9607085482986619e-07 5.6106366996822032e-07 6.7599628986233652e-17 6.9388939039072284e-18 7.2546135765350073e-15 29.878421972037508 
1 -0.13221311939246777 0.04215394533365132 0.2000000152587891 1 0 0 0 1 0 0 0 1 0 0 0 0 0 0 
2 0.070999976143982291 0.16000001555480006 0.20000001525878908 -0.60029008511946536 0.79978235396091668 -1.2133629286362779e-10 -0.79978235396091668 -0.60029008511946536 -5.3576860064145544e-11 -1.1568680083112446e-10 6.4880968039023799e-11 1 1.845554640500513e-07 -2.5684295262839996e-07 8.0813074006841625e-17 3.4867941867133823e-16 7.445433158892456e-15 30.168611708738375 
1 -0.13221311939246777 0.04215394533365132 0.2000000152587891 1 0 0 0 1 0 0 0 1 0 0 0 0 0 0 
2 0.070999976949241858 0.16000001430800648 0.20000001525878908 -0.3342888968259442 0.94247065389798379 -9.9821149250191757e-11 -0.94247065389798379 -0.3342888968259442 -8.7342416783885273e-11 -1.1568676652208311e-10 6.4880903653879616e-11 1 2.2257907399238566e-06 -1.5895084478079191e-06 8.6117668309770879e-17 1.5014031684579265e-15 7.7576833845682813e-15 30.429024479846142 
1 -0.13221311939246777 0.04215394533365132 0.2000000152587891 1 0 0 0 1 0 0 0 1 0 0 0 0 0 0 
2 0.070999976201532394 0.16000001438011052 0.20000001525878908 -0.035375834044426041 0.99937407929446576 -6.8932733253074844e-11 -0.99937407929446576 -0.035375834044426041 -1.1331912923187992e-10 -1.1568675337435004e-10 6.4880828118276823e-11 1 -3.8842234792446639e-07 7.1361632159039345e-08 7.8854821699856112e-17 3.7296554733501353e-17 7.4801276284119922e-15 30.659423566902177 
1 -0.13221311939246777 0.04215394533365132 0.2000000152587891 1 0 0 0 1 0 0 0 1 0 0 0 0 0 0 
2 0.070999977108376272 0.16000001418518861 0.20000001525878908 0.26888669587872543 0.96317181477627434 -3.1384683372583811e-11 -0.96317181477627434 0.26888669587872543 -1.2887179995210324e-10 -1.1568676162009823e-10 6.4880754921215431e-11 1 -3.7760962312560764e-07 -8.6003712540527744e-08 6.5091455883128993e-17 2.0296264668928643e-16 7.3968609015651055e-15 30.859556100986111 
1 -0.13221311939246777 0.04215394533365132 0.2000000152587891 1 0 0 0 1 0 0 0 1 0 0 0 0 0 0 
2 0.070999976278872057 0.16000001373738679 0.20000001525878908 0.54945045253189417 0.83552630132898664 9.3546425853095083e-12 -0.83552630132898664 0.54945045253189417 -1.3230807993840832e-10 -1.1568679326865065e-10 6.48806844762262e-11 1 -3.1434230812754649e-07 -1.803163281188791e-07 4.9403266159636997e-17 -3.1225022567582528e-17 7.5078832040276211e-15 31.029233792751665 
1 -0.13221311939246777 0.04215394533365132 0.2000000152587891 1 0 0 0 1 0 0 0 1 0 0 0 0 0 0 
2 0.070999977088979482 0.16000001415678375 0.20000001525878908 0.77878059398532973 0.62729641034510708 4.9395284094737774e-11 -0.62729641034510708 0.77878059398532973 -1.2309771606766456e-10 -1.1568684409830119e-10 6.4880628036807509e-11 1 -2.5812348031228893e-07 -3.4009207622309745e-07 2.3866670176524423e-17 3.2612801348363973e-16 7.8825834748386114e-15 31.168289418412293 
1 -0.13221311939246777 0.04215394533365132 0.2000000152587891 1 0 0 0 1 0 0 0 1 0 0 0 0 0 0 
2 0.070999976739048107 0.16000001323943303 0.20000001525878908 0.93382834574007334 0.3577214288973446 8.4822539985976048e-11 -0.3577214288973446 0.93382834574007334 -1.0197102017908806e-10 -1.1568691124115859e-10 6.4880588880779942e-11 1 -1.1717531578359086e-07 -3.2102566981432289e-07 1.1018253194379335e-19 2.0816681711721685e-17 7.8964612626464259e-15 31.276585297070909 
1 -0.13221311939246777 0.04215394533365132 0.2000000152587891 1 0 0 0 1 0 0 0 1 0 0 0 0 0 0 
2 0.070999977114664797 0.16000001411183262 0.20000001525878908 0.99861441609892765 0.052623644489885289 1.1211243916039892e-10 -0.052623644489885289 0.99861441609892765 -7.0878547195099595e-11 -1.156869854391428e-10 6.4880573879903943e-11 1 2.3622101830156339e-08 -4.5951220867257447e-07 -2.5325431231114661e-17 -1.8735013540549517e-16 8.0491169285323849e-15 31.354015119033573 
1 -0.13221311939246777 0.04215394533365132 0.2000000152587891 1 0 0 0 1 0 0 0 1 0 0 0 0 0 0 
2 0.070999977457602045 0.16000001317376297 0.20000001525878908 0.96609358574276916 -0.25819214470366597 1.2851618657760711e-10 0.25819214470366597 0.96609358574276916 -3.2811223185084308e-11 -1.1568706343223963e-10 6.4880582101093258e-11 1 1.0630966507108042e-07 -2.8877425550799529e-07 -4.9250111225933349e-17 3.4694469519536142e-17 7.5217609918354356e-15 31.400501846043589 
1 -0.13221311939246777 0.04215394533365132 0.2000000152587891 1 0 0 0 1 0 0 0 1 0 0 0 0 0 0 
2 0.070999977188331398 0.16000001410273934 0.20000001525878908 0.83905154546697314 -0.54405193139027075 1.3236589045048274e-10 0.54405193139027075 0.83905154546697314 8.501629715914519e-12 -1.1568713301649782e-10 6.4880612797652117e-11 1 3.3167951146717556e-07 -3.5352762989271369e-07 -7.0020705770469437e-17 -4.9960036108132044e-16 8.1601392309949006e-15 31.41600023213736 
1 -0.13221311939246777 0.04215394533365132 0.2000000152587891 1 0 0 0 1 0 0 0 1 0 0 0 0 0 0 
2 0.070999978057244131 0.16000001362441466 0.20000001525878908 0.62990372575462439 -0.77667322361495317 1.2326286709834759e-10 0.77667322361495317 0.62990372575462439 4.8982570627221861e-11 -1.1568719026243777e-10 6.4880664606169102e-11 1 2.2782192728165729e-07 -1.2856054698584529e-07 -8.15924928543757e-17 1.3877787807814457e-17 7.7039069568130003e-15 31.400494414589495 
1 -0.13221311939246777 0.04215394533365132 0.2000000152587891 1 0 0 0 1 0 0 0 1 0 0 0 0 0 0 
2 0.070999977262214506 0.16000001416757231 0.20000001525878908 0.3594057044054576 -0.93318140768063784 1.0212414341271452e-10 0.93318140768063784 0.3594057044054576 8.463866765989276e-11 -1.1568723073112303e-10 6.4880731937813087e-11 1 4.960277451616403e-07 -5.7270530373632056e-08 -8.7883135176023132e-17 -1.1796119636642288e-16 7.8834508365765998e-15 31.354000140019263 
1 -0.13221311939246777 0.04215394533365132 0.2000000152587891 1 0 0 0 1 0 0 0 1 0 0 0 0 0 0 
2 0.070999978201132172 0.16000001437235928 0.20000001525878908 0.054425486219472206 -0.99851783481807377 7.1080976744483111e-11 0.99851783481807377 0.054425486219472206 1.1198460920850764e-10 -1.1568724624010067e-10 6.488080619038451e-11 1 2.0189307073370522e-07 3.9096849369091302e-08 -8.5769166515517368e-17 -7.6327832942979512e-17 8.0473822050564081e-15 31.276563049094356 
1 -0.13221311939246777 0.04215394533365132 0.2000000152587891 1 0 0 0 1 0 0 0 1 0 0 0 0 0 0 
2 0.070999977268234288 0.16000001428913241 0.20000001525878908 -0.25495136501175314 -0.96695387763773089 3.3242202421471849e-11 0.96695387763773089 -0.25495136501175314 1.2840569330424332e-10 -1.1568723816794806e-10 6.4880883315857947e-11 1 4.1893228677758465e-07 2.7814506120549254e-07 -6.655485304442542e-17 -2.7755575615628914e-17 7.3135941747182187e-15 31.168259542649182 
1 -0.13221311939246777 0.04215394533365132 0.2000000152587891 1 0 0 0 1 0 0 0 1 0 0 0 0 0 0 
2 0.070999977809221765 0.16000001501804639 0.20000001525878908 -0.53863003210219529 -0.84254239567964062 -7.6476495864999384e-12 0.84254239567964062 -0.53863003210219529 1.3241820681984849e-10 -1.1568720694788007e-10 6.4880953986362048e-11 1 8.9188474439172438e-08 1.1177966213749002e-07 -5.2628503415185506e-17 -2.0643209364124004e-16 7.6267117621320324e-15 31.029196865336683 
1 -0.13221311939246777 0.04215394533365132 0.2000000152587891 1 0 0 0 1 0 0 0 1 0 0 0 0 0 0 
2 0.070999977173366993 0.16000001439567824 0.20000001525878908 -0.76964137281083089 -0.63847643437942136 -4.7612625477017547e-11 0.63847643437942136 -0.76964137281083089 1.2379863509191483e-10 -1.1568715754978461e-10 6.4881012118239474e-11 1 1.3982763974462742e-07 4.7498805076651163e-07 -2.3921082788378589e-17 1.1102230246251565e-16 6.933689733479298e-15 30.859511490943149 
1 -0.13221311939246777 0.04215394533365132 0.2000000152587891 1 0 0 0 1 0 0 0 1 0 0 0 0 0 0 
2 0.070999977108669801 0.16000001522836721 0.20000001525878908 -0.92683698431440786 -0.37546398563240946 -8.2862579160987889e-11 0.37546398563240946 -0.92683698431440786 1.0357049337286886e-10 -1.156870932177763e-10 6.4881049510099579e-11 1 -3.0593025890368608e-09 7.7286580619714829e-08 -4.6532635190389945e-18 -2.4036762164003633e-16 7.7132853056049999e-15 30.659372116605603 
1 -0.13221311939246777 0.04215394533365132 0.2000000152587891 1 0 0 0 1 0 0 0 1 0 0 0 0 0 0 
2 0.070999977014216023 0.16000001440886386 0.20000001525878908 -0.99684705824433495 -0.079346975176218748 -1.1017414856661351e-10 0.079346975176218748 -0.99684705824433495 7.3855916252509624e-11 -1.1568701944670777e-10 6.4881067418878073e-11 1 -1.891613062854347e-07 4.3753290748793638e-07 2.3006374574871586e-17 8.6736173798840355e-18 7.3725747729014302e-15 30.428974492539098 
1 -0.13221311939246777 0.04215394533365132 0.2000000152587891 1 0 0 0 1 0 0 0 1 0 0 0 0 0 0 
2 0.070999976482554308 0.16000001493459098 0.20000001525878908 -0.97510947691329219 0.22172394555817776 -1.2719312072462885e-10 -0.22172394555817776 -0.97510947691329219 3.7615572383292869e-11 -1.1568694429350913e-10 6.4881061685389136e-11 1 -1.0072378819891981e-08 7.8265844360991821e-09 4.6493895418639558e-17 1.1969591984239969e-16 7.3656358789975229e-15 30.168548339822966 
1 -0.13221311939246777 0.04215394533365132 0.2000000152587891 1 0 0 0 1 0 0 0 1 0 0 0 0 0 0 
2 0.070999976879067589 0.16000001430284913 0.20000001525878908 -0.86590414119655179 0.5002099741695103 -1.3262788494776714e-10 -0.5002099741695103 -0.86590414119655179 -1.6869728560010781e-12 -1.1568687546313635e-10 6.4881034121781875e-11 1 -3.9925169717514031e-07 2.0465701033867134e-07 6.7123886380896057e-17 2.9663771439203401e-16 7.5321693326912964e-15 29.87834770163667 
1 -0.13221311939246777 0.04215394533365132 0.2000000152587891 1 0 0 0 1 0 0 0 1 0 0 0 0 0 0 
