1 -0.077834160000000263 0.0040000000000000122 -0.17832060000000008 5.5495345766302431e-17 -0.90630777469782231 -0.42261828820139963 -1 -1.1298815334806543e-16 1.1099069153260486e-16 -1.483425866100842e-16 0.42261828820139963 -0.90630777469782231 0 0 0 0 -0 0 
2 -0.077834160000000235 0.0040000000000000131 -0.17832060000000008 2.567360975395647e-16 -0.90630777469782242 -0.42261828820139952 -1 -2.3152113149170122e-16 -1.1099069153260487e-16 2.7466623816136518e-18 0.42261828820139952 -0.90630777469782242 -0 -0 -0 -0 0 0 
3 -0.16235781764028018 0.0039999999999999758 -0.35958215493956458 -7.4946766132674656e-16 -0.90630777469782231 0.42261828820139974 1 -7.7465332029891712e-16 1.1214217597173687e-16 2.2574733421954254e-16 0.42261828820139974 0.90630777469782231 -0 0 -0 0 0 0 
4 -0.37742603720901841 0.0051113412974165134 -0.34756442420312206 0.99999897200246046 -2.0399977604434915e-06 -0.0014338723306963222 2.0873828500644998e-06 0.99999999945182083 3.3045441982863496e-05 0.0014338722624976756 -3.3048401052742725e-05 0.99999897145854011 0 -0 0 0 0 0 
5 -0.3353657947202684 0.0041460926166068035 -1.043191529529891 -0.022940796770444558 0.99791341064080485 -0.060353497883498211 -0.99973682529129482 -0.022898946564639016 0.0013850641548221979 1.4257167166406744e-07 0.060369388844563179 0.99817610514904309 0 0 0 0 0 0 
6 -0.32908842760633461 0.078999868057739175 -1.1681094160873 0.9999982745309729 -0.0014355529013868479 0.0011790347511287051 0.0011811265855497886 0.0014571881086361256 -0.999998240769855 0.0014338323004998955 0.99999790789315335 0.0014588811639999683 0 0 0 0 0 0 
7 -0.25400005212973947 0.0040884277004365572 -1.1680000000000001 6.123233995736766e-17 0 -1 -0.99999999939666639 3.473711597030993e-05 -6.1232339920424133e-17 3.473711597030993e-05 0.99999999939666639 2.127034894232523e-21 0 0 0 0 -0 0 
8 -0.32900000000000001 0.003999999999999994 -1.2730000000000001 1 0 0 0 1 0 0 0 1 0 0 0 0 0 0 
9 -0.32900000000000001 0.0040000000000000001 -1.4730000000000001 1 0 0 0 1 -3.552713678800501e-17 0 3.552713678800501e-17 1 0 0 -0 0 0 0 
10 -0.32900000000000001 0.0040000000000000001 -1.4730000000000001 1 0 0 0 1 -3.552713678800501e-17 0 3.552713678800501e-17 1 0 0 0 0 0 0 
1 -0.077834160000000263 0.0040000000000000122 -0.17832060000000008 5.5495345766302431e-17 -0.90630777469782231 -0.42261828820139963 -1 -1.1298815334806543e-16 1.1099069153260486e-16 -1.483425866100842e-16 0.42261828820139963 -0.90630777469782231 0 0 0 0 0 0 
2 -0.077834160000000235 0.0040000000000000131 -0.17832060000000008 2.567360975395647e-16 -0.90630777469782242 -0.42261828820139952 -1 -2.3152113149170122e-16 -1.1099069153260487e-16 2.7466623816136518e-18 0.42261828820139952 -0.90630777469782242 0 5.4269096583144797e-18 2.1707638633257919e-17 0 0 0 
3 -0.16235781764028012 0.003999999999999948 -0.35958215493956452 -5.4822690955348432e-16 -0.90630777469782242 0.42261828820139952 1 -6.2089348059345975e-16 -3.4294964444730175e-17 2.9348273283306116e-16 0.42261828820139952 0.90630777469782242 -8.0061958827225652e-16 5.3481757756143543e-16 -2.5453344031848262e-15 -2.7506570050222689e-15 5.5568778036684029e-15 2.8062205111427624e-15 
4 -0.37742603720901829 0.0051113412974165134 -0.347564424203122 0.99999897200246046 -2.0399977604435034e-06 -0.0014338723306961748 2.0873828500644884e-06 0.99999999945182083 3.3045441982850485e-05 0.0014338722624975282 -3.3048401052729715e-05 0.99999897145854011 -3.0630775321996563e-15 2.4986365960855402e-17 -2.0991740018381392e-15 -4.3362152249397454e-16 -4.9310641165427809e-15 -2.2940447293677024e-19 
5 -0.3353657947202684 0.0041460926166068078 -1.043191529529891 -0.022940796770444558 0.99791341064080485 -0.060353497883498065 -0.99973682529129482 -0.022898946564639016 0.0013850641548221847 1.4257167165430962e-07 0.060369388844563034 0.99817610514904309 9.1225395100983865e-16 -1.5744657074870956e-16 3.6475446852707786e-16 -4.4280201570104407e-16 -4.9276330373336511e-15 7.1623630903011382e-18 
6 -0.32908842760633461 0.078999868057739175 -1.1681094160873 0.9999982745309729 -0.0014355529013867004 0.0011790347511287051 0.0011811265855497884 0.0014571881086361256 -0.999998240769855 0.001433832300499748 0.99999790789315335 0.0014588811639999683 3.730036512890339e-17 -7.6984069929959631e-17 5.6287745721782155e-16 -3.1733468410066023e-21 -4.9233886716182795e-15 1.1593562365134768e-17 
7 -0.25400005212973947 0.0040884277004365616 -1.1680000000000001 6.123233995736766e-17 0 -1 -0.99999999939666639 3.473711597030993e-05 -6.1232339920424133e-17 3.473711597030993e-05 0.99999999939666639 2.127034894232523e-21 6.8521592692410656e-17 2.0545843427094168e-16 1.3543583577659133e-16 -1.8151803663640237e-15 -7.5184617688978856e-16 1.8152064098756306e-15 
8 -0.32900000000000001 0.003999999999999994 -1.2730000000000001 1 0 0 0 1 0 0 0 1 0 -1.0853819316628959e-17 0 0 0 0 
9 -0.32900000000000001 0.0040000000000000001 -1.4730000000000001 1 0 0 0 1 -3.552713678800501e-17 0 3.552713678800501e-17 1 0 0 0 0 0 0 
10 -0.32900000000000001 0.0040000000000000001 -1.4730000000000001 1 0 0 0 1 -3.552713678800501e-17 0 3.552713678800501e-17 1 0 0 0 0 0 0 
1 -0.077834160000000263 0.0040000000000000122 -0.17832060000000008 5.5495345766302431e-17 -0.90630777469782231 -0.42261828820139963 -1 -1.1298815334806543e-16 1.1099069153260486e-16 -1.483425866100842e-16 0.42261828820139963 -0.90630777469782231 0 0 0 0 0 0 
2 -0.077834160000000235 0.0040000000000000131 -0.17832060000000008 2.567360975395647e-16 -0.90630777469782242 -0.42261828820139952 -1 -2.3152113149170122e-16 -1.1099069153260487e-16 2.7466623816136518e-18 0.42261828820139952 -0.90630777469782242 0 5.4269096583144797e-18 2.1707638633257919e-17 0 0 0 
3 -0.16235781764028018 0.0039999999999999758 -0.35958215493956458 -7.4946766132674656e-16 -0.90630777469782231 0.42261828820139974 1 -7.7465332029891712e-16 1.1214217597173687e-16 2.2574733421954254e-16 0.42261828820139974 0.90630777469782231 -8.0061958827225652e-16 5.3481757756143523e-16 -2.5453344031848254e-15 -2.7506570050222689e-15 5.5568778036684029e-15 2.806220511142762e-15 
4 -0.37742603720901841 0.0051113412974165134 -0.347564424203122 0.99999897200246046 -2.0399977604434995e-06 -0.001433872330696224 2.0873828500644922e-06 0.99999999945182083 3.304544198285493e-05 0.0014338722624975774 -3.304840105273416e-05 0.99999897145854011 -3.0630775321996563e-15 2.4986365960855406e-17 -2.0991740018381392e-15 -4.3362152249397454e-16 -4.9310641165427809e-15 -2.2940447293677005e-19 
5 -0.33536579472026845 0.0041460926166068069 -1.043191529529891 -0.022940796770444558 0.99791341064080485 -0.060353497883498114 -0.99973682529129482 -0.022898946564639016 0.001385064154822189 1.4257167165734538e-07 0.060369388844563082 0.99817610514904309 9.1225395100983865e-16 -1.5744657074870956e-16 3.6475446852707801e-16 -4.4280201570104407e-16 -4.9276330373336511e-15 7.1623630903011382e-18 
6 -0.32908842760633467 0.078999868057739175 -1.1681094160873 0.9999982745309729 -0.0014355529013867498 0.0011790347511287051 0.0011811265855497884 0.0014571881086361256 -0.999998240769855 0.0014338323004997975 0.99999790789315335 0.0014588811639999683 3.730036512890339e-17 -7.6984069929959631e-17 5.6287745721782165e-16 -3.1733468410066023e-21 -4.9233886716182795e-15 1.1593562365134768e-17 
7 -0.25400005212973947 0.0040884277004365564 -1.1680000000000001 6.123233995736766e-17 0 -1 -0.99999999939666639 3.473711597030993e-05 -6.1232339920424133e-17 3.473711597030993e-05 0.99999999939666639 2.127034894232523e-21 6.8521592692410656e-17 2.0545843427094168e-16 1.3543583577659136e-16 -1.8151803663640237e-15 -7.5184617688978856e-16 1.8152064098756306e-15 
8 -0.32900000000000001 0.003999999999999994 -1.2730000000000001 1 0 0 0 1 0 0 0 1 0 -1.0853819316628959e-17 0 0 0 0 
9 -0.32900000000000001 0.0040000000000000001 -1.4730000000000001 1 0 0 0 1 -3.552713678800501e-17 0 3.552713678800501e-17 1 0 0 0 0 0 0 
10 -0.32900000000000001 0.0040000000000000001 -1.4730000000000001 1 0 0 0 1 -3.552713678800501e-17 0 3.552713678800501e-17 1 0 0 0 0 0 0 
1 -0.077834160000000263 0.0040000000000000122 -0.17832060000000008 5.5495345766302431e-17 -0.90630777469782231 -0.42261828820139963 -1 -1.1298815334806543e-16 1.1099069153260486e-16 -1.483425866100842e-16 0.42261828820139963 -0.90630777469782231 0 0 0 0 0 0 
2 -0.077834160000000235 0.0040000000000000131 -0.17832060000000008 2.567360975395647e-16 -0.90630777469782242 -0.42261828820139952 -1 -2.3152113149170122e-16 -1.1099069153260487e-16 2.7466623816136518e-18 0.42261828820139952 -0.90630777469782242 0 5.4269096583144797e-18 2.1707638633257919e-17 0 0 0 
3 -0.16235781764028018 0.0039999999999999758 -0.35958215493956458 -7.4946766132674656e-16 -0.90630777469782231 0.42261828820139974 1 -7.7465332029891712e-16 1.1214217597173687e-16 2.2574733421954254e-16 0.42261828820139974 0.90630777469782231 -8.0061958827225652e-16 5.3481757756143523e-16 -2.5453344031848254e-15 -2.7506570050222689e-15 5.5568778036684029e-15 2.806220511142762e-15 
4 -0.37742603720901841 0.0051113412974165134 -0.34756442420312206 0.99999897200246046 -2.0399977604434953e-06 -0.0014338723306962732 2.087382850064496e-06 0.99999999945182083 3.3045441982859267e-05 0.0014338722624976266 -3.3048401052738497e-05 0.99999897145854011 -3.0630775321996563e-15 2.4986365960855409e-17 -2.0991740018381392e-15 -4.3362152249397454e-16 -4.9310641165427809e-15 -2.2940447293677005e-19 
5 -0.3353657947202684 0.0041460926166068043 -1.043191529529891 -0.022940796770444558 0.99791341064080485 -0.060353497883498163 -0.99973682529129482 -0.022898946564639016 0.0013850641548221936 1.4257167166081483e-07 0.060369388844563131 0.99817610514904309 9.1225395100983865e-16 -1.5744657074870956e-16 3.6475446852707816e-16 -4.4280201570104407e-16 -4.9276330373336511e-15 7.1623630903011382e-18 
6 -0.32908842760633461 0.078999868057739175 -1.1681094160873 0.9999982745309729 -0.0014355529013867991 0.0011790347511287051 0.0011811265855497884 0.0014571881086361256 -0.999998240769855 0.0014338323004998467 0.99999790789315335 0.0014588811639999683 3.730036512890339e-17 -7.6984069929959631e-17 5.6287745721782165e-16 -3.1733468410066023e-21 -4.9233886716182795e-15 1.1593562365134768e-17 
7 -0.25400005212973947 0.0040884277004365572 -1.1680000000000001 6.123233995736766e-17 0 -1 -0.99999999939666639 3.473711597030993e-05 -6.1232339920424133e-17 3.473711597030993e-05 0.99999999939666639 2.127034894232523e-21 6.8521592692410656e-17 2.0545843427094168e-16 1.3543583577659136e-16 -1.8151803663640237e-15 -7.5184617688978856e-16 1.8152064098756306e-15 
8 -0.32900000000000001 0.003999999999999994 -1.2730000000000001 1 0 0 0 1 0 0 0 1 0 -1.0853819316628959e-17 0 0 0 0 
9 -0.32900000000000001 0.0040000000000000001 -1.4730000000000001 1 0 0 0 1 -3.552713678800501e-17 0 3.552713678800501e-17 1 0 0 0 0 0 0 
10 -0.32900000000000001 0.0040000000000000001 -1.4730000000000001 1 0 0 0 1 -3.552713678800501e-17 0 3.552713678800501e-17 1 0 0 0 0 0 0 
1 -0.077834160000000263 0.0040000000000000122 -0.17832060000000008 5.5495345766302431e-17 -0.90630777469782231 -0.42261828820139963 -1 -1.1298815334806543e-16 1.1099069153260486e-16 -1.483425866100842e-16 0.42261828820139963 -0.90630777469782231 0 0 0 0 0 0 
2 -0.077834160000000235 0.0040000000000000131 -0.17832060000000008 2.567360975395647e-16 -0.90630777469782242 -0.42261828820139952 -1 -2.3152113149170122e-16 -1.1099069153260487e-16 2.7466623816136518e-18 0.42261828820139952 -0.90630777469782242 0 5.4269096583144797e-18 2.1707638633257919e-17 0 0 0 
3 -0.16235781764028018 0.0039999999999999758 -0.35958215493956458 -7.4946766132674656e-16 -0.90630777469782231 0.42261828820139974 1 -7.7465332029891712e-16 1.1214217597173687e-16 2.2574733421954254e-16 0.42261828820139974 0.90630777469782231 -8.0061958827225652e-16 5.3481757756143523e-16 -2.5453344031848254e-15 -2.7506570050222689e-15 5.5568778036684029e-15 2.806220511142762e-15 
4 -0.37742603720901841 0.0051113412974165134 -0.34756442420312206 0.99999897200246046 -2.0399977604434915e-06 -0.0014338723306963226 2.0873828500644998e-06 0.99999999945182083 3.3045441982863496e-05 0.001433872262497676 -3.3048401052742725e-05 0.99999897145854011 -3.0630775321996563e-15 2.4986365960855412e-17 -2.0991740018381392e-15 -4.3362152249397454e-16 -4.9310641165427809e-15 -2.2940447293676985e-19 
5 -0.3353657947202684 0.0041460926166068035 -1.043191529529891 -0.022940796770444558 0.99791341064080485 -0.060353497883498211 -0.99973682529129482 -0.022898946564639016 0.0013850641548221979 1.4257167166406744e-07 0.060369388844563179 0.99817610514904309 9.1225395100983865e-16 -1.5744657074870956e-16 3.6475446852707831e-16 -4.4280201570104407e-16 -4.9276330373336511e-15 7.1623630903011382e-18 
6 -0.32908842760633461 0.078999868057739175 -1.1681094160873 0.9999982745309729 -0.0014355529013868485 0.0011790347511287051 0.0011811265855497886 0.0014571881086361256 -0.999998240769855 0.0014338323004998961 0.99999790789315335 0.0014588811639999683 3.730036512890339e-17 -7.6984069929959631e-17 5.6287745721782174e-16 -3.1733468410066023e-21 -4.9233886716182795e-15 1.1593562365134768e-17 
7 -0.25400005212973947 0.0040884277004365572 -1.1680000000000001 6.123233995736766e-17 0 -1 -0.99999999939666639 3.473711597030993e-05 -6.1232339920424133e-17 3.473711597030993e-05 0.99999999939666639 2.127034894232523e-21 6.8521592692410656e-17 2.0545843427094168e-16 1.3543583577659136e-16 -1.8151803663640237e-15 -7.5184617688978856e-16 1.8152064098756306e-15 
8 -0.32900000000000001 0.003999999999999994 -1.2730000000000001 1 0 0 0 1 0 0 0 1 0 -1.0853819316628959e-17 0 0 0 0 
9 -0.32900000000000001 0.0040000000000000001 -1.4730000000000001 1 0 0 0 1 -3.552713678800501e-17 0 3.552713678800501e-17 1 0 0 0 0 0 0 
10 -0.32900000000000001 0.0040000000000000001 -1.4730000000000001 1 0 0 0 1 -3.552713678800501e-17 0 3.552713678800501e-17 1 0 0 0 0 0 0 
1 -0.077834160000000263 0.0040000000000000122 -0.17832060000000008 5.5495345766302431e-17 -0.90630777469782231 -0.42261828820139963 -1 -1.1298815334806543e-16 1.1099069153260486e-16 -1.483425866100842e-16 0.42261828820139963 -0.90630777469782231 0 0 0 0 0 0 
2 -0.077834160000000235 0.0040000000000000131 -0.17832060000000008 2.567360975395647e-16 -0.90630777469782242 -0.42261828820139952 -1 -2.3152113149170122e-16 -1.1099069153260487e-16 2.7466623816136518e-18 0.42261828820139952 -0.90630777469782242 0 5.4269096583144797e-18 2.1707638633257919e-17 0 0 0 
3 -0.16235781764028018 0.0039999999999999758 -0.35958215493956458 -7.4946766132674656e-16 -0.90630777469782231 0.42261828820139974 1 -7.7465332029891712e-16 1.1214217597173687e-16 2.2574733421954254e-16 0.42261828820139974 0.90630777469782231 -8.0061958827225652e-16 5.3481757756143523e-16 -2.5453344031848254e-15 -2.7506570050222689e-15 5.5568778036684029e-15 2.806220511142762e-15 
4 -0.37742603720901841 0.0051113412974165134 -0.34756442420312206 0.99999897200246046 -2.0399977604434877e-06 -0.0014338723306963721 2.0873828500645041e-06 0.99999999945182083 3.3045441982867832e-05 0.0014338722624977255 -3.3048401052747062e-05 0.99999897145854011 -3.0630775321996567e-15 2.4986365960855415e-17 -2.0991740018381392e-15 -4.3362152249397454e-16 -4.9310641165427809e-15 -2.2940447293676966e-19 
5 -0.3353657947202684 0.0041460926166068009 -1.043191529529891 -0.022940796770444558 0.99791341064080485 -0.06035349788349826 -0.99973682529129482 -0.022898946564639016 0.0013850641548222022 1.4257167166732004e-07 0.060369388844563228 0.99817610514904309 9.1225395100983865e-16 -1.5744657074870956e-16 3.6475446852707836e-16 -4.4280201570104407e-16 -4.9276330373336511e-15 7.1623630903011382e-18 
6 -0.32908842760633461 0.078999868057739175 -1.1681094160873 0.9999982745309729 -0.0014355529013868975 0.0011790347511287051 0.0011811265855497886 0.0014571881086361254 -0.999998240769855 0.0014338323004999451 0.99999790789315335 0.0014588811639999683 3.730036512890339e-17 -7.6984069929959631e-17 5.6287745721782184e-16 -3.1733468410066023e-21 -4.9233886716182795e-15 1.1593562365134768e-17 
7 -0.25400005212973947 0.0040884277004365581 -1.1680000000000001 6.123233995736766e-17 0 -1 -0.99999999939666639 3.473711597030993e-05 -6.1232339920424133e-17 3.473711597030993e-05 0.99999999939666639 2.127034894232523e-21 6.8521592692410656e-17 2.0545843427094168e-16 1.3543583577659136e-16 -1.8151803663640237e-15 -7.5184617688978856e-16 1.8152064098756306e-15 
8 -0.32900000000000001 0.0039999999999999931 -1.2730000000000001 1 0 0 0 1 0 0 0 1 0 -1.0853819316628959e-17 0 0 0 0 
9 -0.32900000000000001 0.0040000000000000001 -1.4730000000000001 1 0 0 0 1 -3.552713678800501e-17 0 3.552713678800501e-17 1 0 0 0 0 0 0 
10 -0.32900000000000001 0.0040000000000000001 -1.4730000000000001 1 0 0 0 1 -3.552713678800501e-17 0 3.552713678800501e-17 1 0 0 0 0 0 0 
1 -0.077834160000000263 0.0040000000000000122 -0.17832060000000008 5.5495345766302431e-17 -0.90630777469782231 -0.42261828820139963 -1 -1.1298815334806543e-16 1.1099069153260486e-16 -1.483425866100842e-16 0.42261828820139963 -0.90630777469782231 0 0 0 0 0 0 
2 -0.077834160000000235 0.0040000000000000131 -0.17832060000000008 2.567360975395647e-16 -0.90630777469782242 -0.42261828820139952 -1 -2.3152113149170122e-16 -1.1099069153260487e-16 2.7466623816136518e-18 0.42261828820139952 -0.90630777469782242 0 5.4269096583144797e-18 2.1707638633257919e-17 0 0 0 
3 -0.16235781764028021 0.0040000000000000174 -0.35958215493956469 -9.507084131000087e-16 -0.9063077746978222 0.42261828820139996 1 -9.2841315846149173e-16 2.5857931969692642e-16 1.5801193195525262e-16 0.42261828820139996 0.9063077746978222 -8.0061958827225702e-16 5.3481757756143503e-16 -2.5453344031848254e-15 -2.7506570050222689e-15 5.5568778036684029e-15 2.8062205111427624e-15 
4 -0.37742603720901857 0.0051113412974165134 -0.34756442420312206 0.99999897200246046 -2.0399977604434835e-06 -0.0014338723306964215 2.0873828500645074e-06 0.99999999945182083 3.3045441982872169e-05 0.0014338722624977749 -3.3048401052751399e-05 0.99999897145854011 -3.0630775321996567e-15 2.4986365960855418e-17 -2.0991740018381396e-15 -4.3362152249397454e-16 -4.9310641165427809e-15 -2.2940447293676966e-19 
5 -0.3353657947202684 0.0041460926166068 -1.043191529529891 -0.022940796770444558 0.99791341064080485 -0.060353497883498308 -0.99973682529129482 -0.022898946564639016 0.001385064154822207 1.4257167167100633e-07 0.060369388844563276 0.99817610514904309 9.1225395100983865e-16 -1.5744657074870956e-16 3.647544685270785e-16 -4.4280201570104407e-16 -4.9276330373336511e-15 7.1623630903011382e-18 
6 -0.32908842760633467 0.078999868057739175 -1.1681094160873 0.9999982745309729 -0.0014355529013869469 0.0011790347511287053 0.0011811265855497888 0.0014571881086361254 -0.999998240769855 0.0014338323004999946 0.99999790789315335 0.0014588811639999683 3.7300365128903193e-17 -7.6984069929959631e-17 5.6287745721782194e-16 -3.1733468410066023e-21 -4.9233886716182795e-15 1.1593562365134768e-17 
7 -0.25400005212973942 0.0040884277004365468 -1.1680000000000001 6.123233995736766e-17 0 -1 -0.99999999939666639 3.473711597030993e-05 -6.1232339920424133e-17 3.473711597030993e-05 0.99999999939666639 2.127034894232523e-21 6.852159269241068e-17 2.0545843427094173e-16 1.3543583577659136e-16 -1.8151803663640237e-15 -7.5184617688978856e-16 1.8152064098756306e-15 
8 -0.32900000000000001 0.0039999999999999931 -1.2730000000000001 1 0 0 0 1 0 0 0 1 0 -1.0853819316628959e-17 0 0 0 0 
9 -0.32900000000000001 0.0040000000000000001 -1.4730000000000001 1 0 0 0 1 -3.552713678800501e-17 0 3.552713678800501e-17 1 0 0 0 0 0 0 
10 -0.32900000000000001 0.0040000000000000001 -1.4730000000000001 1 0 0 0 1 -3.552713678800501e-17 0 3.552713678800501e-17 1 0 0 0 0 0 0 
1 -0.077834160000000263 0.0040000000000000122 -0.17832060000000008 5.5495345766302431e-17 -0.90630777469782231 -0.42261828820139963 -1 -1.1298815334806543e-16 1.1099069153260486e-16 -1.483425866100842e-16 0.42261828820139963 -0.90630777469782231 0 0 0 0 0 0 
2 -0.077834160000000235 0.0040000000000000131 -0.17832060000000008 2.567360975395647e-16 -0.90630777469782242 -0.42261828820139952 -1 -2.3152113149170122e-16 -1.1099069153260487e-16 2.7466623816136518e-18 0.42261828820139952 -0.90630777469782242 0 5.4269096583144797e-18 2.1707638633257919e-17 0 0 0 
3 -0.16235781764028021 0.0040000000000000174 -0.35958215493956469 -9.507084131000087e-16 -0.9063077746978222 0.42261828820139996 1 -9.2841315846149173e-16 2.5857931969692642e-16 1.5801193195525262e-16 0.42261828820139996 0.9063077746978222 -8.0061958827225702e-16 5.3481757756143503e-16 -2.5453344031848254e-15 -2.7506570050222689e-15 5.5568778036684029e-15 2.8062205111427624e-15 
4 -0.37742603720901857 0.0051113412974165134 -0.34756442420312211 0.99999897200246046 -2.0399977604434796e-06 -0.0014338723306964705 2.0873828500645117e-06 0.99999999945182083 3.3045441982876506e-05 0.0014338722624978239 -3.3048401052755736e-05 0.99999897145854011 -3.0630775321996567e-15 2.4986365960855421e-17 -2.0991740018381396e-15 -4.3362152249397454e-16 -4.9310641165427809e-15 -2.2940447293676985e-19 
5 -0.3353657947202684 0.0041460926166067991 -1.043191529529891 -0.022940796770444558 0.99791341064080485 -0.060353497883498357 -0.99973682529129482 -0.022898946564639016 0.0013850641548222113 1.4257167167425894e-07 0.060369388844563325 0.99817610514904309 9.1225395100983865e-16 -1.5744657074870956e-16 3.6475446852707855e-16 -4.4280201570104407e-16 -4.9276330373336511e-15 7.1623630903011382e-18 
6 -0.32908842760633461 0.078999868057739175 -1.1681094160873 0.9999982745309729 -0.001435552901386996 0.0011790347511287051 0.0011811265855497888 0.0014571881086361254 -0.999998240769855 0.0014338323005000436 0.99999790789315335 0.0014588811639999683 3.7300365128903193e-17 -7.6984069929959631e-17 5.6287745721782194e-16 -3.1733468410069874e-21 -4.9233886716182795e-15 1.1593562365134768e-17 
7 -0.25400005212973942 0.0040884277004365477 -1.1680000000000001 6.123233995736766e-17 0 -1 -0.99999999939666639 3.473711597030993e-05 -6.1232339920424133e-17 3.473711597030993e-05 0.99999999939666639 2.127034894232523e-21 6.852159269241068e-17 2.0545843427094173e-16 1.3543583577659136e-16 -1.8151803663640237e-15 -7.5184617688978856e-16 1.8152064098756306e-15 
8 -0.32900000000000001 0.0039999999999999931 -1.2730000000000001 1 0 0 0 1 0 0 0 1 0 -1.0853819316628959e-17 0 0 0 0 
9 -0.32900000000000001 0.0040000000000000001 -1.4730000000000001 1 0 0 0 1 -3.552713678800501e-17 0 3.552713678800501e-17 1 0 0 0 0 0 0 
10 -0.32900000000000001 0.0040000000000000001 -1.4730000000000001 1 0 0 0 1 -3.552713678800501e-17 0 3.552713678800501e-17 1 0 0 0 0 0 0 
1 -0.077834160000000249 0.0040000000000000148 -0.17832060000000008 5.5495345766302431e-17 -0.90630777469782231 -0.42261828820139963 -1 -1.1298815334806543e-16 1.1099069153260486e-16 -1.483425866100842e-16 0.42261828820139963 -0.90630777469782231 -1.0595826277015825e-16 -3.9734348538809302e-17 0 0 0 0 
2 -0.077834160000000208 0.0040000000000000157 -0.17832060000000005 2.567360975395647e-16 -0.90630777469782242 -0.42261828820139952 -1 -2.3152113149170122e-16 -1.1099069153260487e-16 2.7466623816136518e-18 0.42261828820139952 -0.90630777469782242 -3.1206904297731566e-16 -2.8594247444432877e-17 1.8395220405655101e-16 -5.7581742346843762e-18 5.7507037190031171e-16 1.6911985041849416e-18 
3 -0.16235781764028007 0.0039999999999998925 -0.35958215493956436 -3.4698615778022212e-16 -0.90630777469782253 0.42261828820139918 1 -4.985385283191775e-16 -2.480800981615256e-16 4.3552842115228522e-16 0.42261828820139918 0.90630777469782253 -2.9965256880571182e-15 1.9018687996662753e-15 -8.5800908703440262e-15 -9.8779349519053048e-15 2.0392102269222704e-14 1.0933740448016311e-14 
4 -0.37742603720901802 0.0051113412974164996 -0.34756442420312184 0.99999897200246046 -2.0399977604435262e-06 -0.0014338723306956968 2.0873828500644651e-06 0.99999999945182083 3.304544198282956e-05 0.0014338722624970502 -3.304840105270879e-05 0.99999897145854011 -1.1512317833857302e-14 1.8177559544897394e-16 -6.9620357452283443e-15 -1.3156039310435876e-15 -1.9095855726176494e-14 -6.2768886398503039e-19 
5 -0.33536579472026845 0.0041460926166068173 -1.043191529529891 -0.022940796770444562 0.99791341064080497 -0.060353497883497587 -0.99973682529129482 -0.022898946564639019 0.0013850641548221604 1.4257167164064867e-07 0.060369388844562555 0.9981761051490432 3.2645007922532573e-15 -5.1999806648133457e-16 2.2583124804468871e-15 -1.3495300745809451e-15 -1.9032077281839646e-14 -8.1997866491234632e-16 
6 -0.32908842760633461 0.07899986805773912 -1.1681094160873 0.9999982745309729 -0.0014355529013862262 0.0011790347511287543 0.0011811265855498371 0.0014571881086363483 -0.999998240769855 0.0014338323004992736 0.99999790789315335 0.0014588811640001904 3.7228523400680642e-16 7.6404600644280898e-17 2.2689722165921941e-15 1.1993579773817125e-15 -1.9017630999946321e-14 -8.0443790333578008e-16 
7 -0.25400005212973953 0.0040884277004365425 -1.1680000000000001 6.123233995736766e-17 0 -1 -0.99999999939666639 3.4737115970087886e-05 -6.1232339920424133e-17 3.4737115970087886e-05 0.99999999939666639 2.1270348942189267e-21 6.5966132609610814e-16 7.0764590053221213e-16 4.6612459330663328e-16 -6.2472402905631529e-15 -2.5876016596522675e-15 6.2473299235704473e-15 
8 -0.32900000000000001 0.0039999999999999949 -1.2730000000000001 1 0 0 0 1 0 0 0 1 0 -3.9010793294107949e-17 0 0 0 0 
9 -0.32900000000000001 0.0040000000000000001 -1.4730000000000001 1 -4.9492719231354248e-34 0 4.9492719231354248e-34 1 -3.552713678800501e-17 1.7583346061426485e-50 3.552713678800501e-17 1 4.2575345561866159e-35 -1.6555978557837237e-18 2.5078696652322626e-51 1.1817032231039066e-49 -1.8611825763886526e-50 -8.5150691123732288e-33 
10 -0.32900000000000001 0.0040000000000000001 -1.4730000000000001 1 -4.9492719231354248e-34 8.7916730307132426e-51 4.9492719231354248e-34 1 -3.552713678800501e-17 8.7916730307132426e-51 3.552713678800501e-17 1 0 0 0 0 1.5125801255730005e-49 -8.5150691123732288e-33 
1 -0.077834160000000249 0.004000000000000014 -0.17832060000000008 5.5495345766302431e-17 -0.90630777469782231 -0.42261828820139963 -1 -1.1298815334806543e-16 1.1099069153260486e-16 -1.483425866100842e-16 0.42261828820139963 -0.90630777469782231 -8.6641587666541133e-17 -3.2490595374952888e-17 0 0 0 0 
2 -0.077834160000000208 0.0040000000000000148 -0.17832060000000005 2.567360975395647e-16 -0.90630777469782242 -0.42261828820139952 -1 -2.3152113149170122e-16 -1.1099069153260487e-16 2.7466623816136518e-18 0.42261828820139952 -0.90630777469782242 -2.5517743154946886e-16 -2.1711856758851261e-17 1.5709499260533299e-16 -4.7084327801392668e-18 4.702324173576752e-16 1.3828852949364388e-18 
3 -0.16235781764028007 0.0039999999999999064 -0.35958215493956441 -3.4698615778022212e-16 -0.90630777469782253 0.42261828820139918 1 -4.985385283191775e-16 -2.480800981615256e-16 4.3552842115228522e-16 0.42261828820139918 0.90630777469782253 -2.6965471466514043e-15 1.7196801543430295e-15 -7.7989451444194255e-15 -8.9233515546920191e-15 1.8384040996982378e-14 9.8037723870637594e-15 
4 -0.37742603720901802 0.0051113412974164996 -0.34756442420312189 0.99999897200246046 -2.0399977604435139e-06 -0.0014338723306958781 2.0873828500644774e-06 0.99999999945182083 3.3045441982842354e-05 0.0014338722624972315 -3.3048401052721583e-05 0.99999897145854011 -1.0355891699262646e-14 1.5632385393416406e-16 -6.3386125369243104e-15 -1.2091621994930588e-15 -1.7131581448574058e-14 -5.838320704193825e-19 
5 -0.33536579472026851 0.004146092616606813 -1.043191529529891 -0.022940796770444562 0.99791341064080497 -0.060353497883497767 -0.99973682529129482 -0.022898946564639016 0.0013850641548221738 1.4257167164997281e-07 0.060369388844562735 0.9981761051490432 2.950012244490509e-15 -4.7363674317530875e-16 1.9588244874560629e-15 -1.2397277294953761e-15 -1.7078374572226707e-14 -6.6828938841669135e-16 
6 -0.32908842760633455 0.07899986805773912 -1.1681094160873 0.9999982745309729 -0.0014355529013864066 0.0011790347511287465 0.0011811265855498296 0.0014571881086363481 -0.999998240769855 0.001433832300499454 0.99999790789315335 0.0014588811640001904 3.1589098136106778e-16 3.8792394258266161e-17 2.0284912542420933e-15 9.8070856564584691e-16 -1.7065256181250085e-14 -6.5421856911942304e-16 
7 -0.25400005212973953 0.0040884277004365442 -1.1680000000000001 6.123233995736766e-17 0 -1 -0.99999999939666639 3.4737115970087886e-05 -6.1232339920424133e-17 3.4737115970087886e-05 0.99999999939666639 2.1270348942189267e-21 5.6048196553926594e-16 6.4184583981112572e-16 4.2281329063751884e-16 -5.6667600521105285e-15 -2.3471672344414592e-15 5.666841356610029e-15 
8 -0.32900000000000001 0.0039999999999999949 -1.2730000000000001 1 0 0 0 1 0 0 0 1 0 -3.5238005187932733e-17 0 0 0 0 
9 -0.32900000000000001 0.0040000000000000001 -1.4730000000000001 1 -4.1753818108283337e-34 0 4.1753818108283337e-34 1 -3.552713678800501e-17 1.4833936073544627e-50 3.552713678800501e-17 1 3.4813665668843064e-35 -1.353774807289706e-18 2.0506735744413882e-51 9.6627332992879759e-50 -1.521880494637856e-50 -6.9627331337686099e-33 
10 -0.32900000000000001 0.0040000000000000001 -1.4730000000000001 1 -4.1753818108283337e-34 7.4169680367723136e-51 4.1753818108283337e-34 1 -3.552713678800501e-17 7.4169680367723136e-51 3.552713678800501e-17 1 0 0 0 0 1.2368298623088609e-49 -6.9627331337686099e-33 
1 -0.077834160000000263 0.004000000000000014 -0.17832060000000008 5.5495345766302431e-17 -0.90630777469782231 -0.42261828820139963 -1 -1.1298815334806543e-16 1.1099069153260486e-16 -1.483425866100842e-16 0.42261828820139963 -0.90630777469782231 -6.7324912562924062e-17 -2.5246842211096474e-17 0 0 0 0 
2 -0.077834160000000235 0.0040000000000000148 -0.17832060000000008 2.567360975395647e-16 -0.90630777469782242 -0.42261828820139952 -1 -2.3152113149170122e-16 -1.1099069153260487e-16 2.7466623816136518e-18 0.42261828820139952 -0.90630777469782242 -1.9828582012162214e-16 -1.4829466073269642e-17 1.3023778115411504e-16 -3.6586913255941575e-18 3.6539446281503889e-16 1.0745720856879299e-18 
3 -0.16235781764028012 0.0039999999999999619 -0.35958215493956458 -5.4822690955348432e-16 -0.90630777469782242 0.42261828820139952 1 -6.2089348059345975e-16 -3.4294964444730175e-17 2.9348273283306116e-16 0.42261828820139952 0.90630777469782242 -2.396568605245692e-15 1.5374915090197829e-15 -7.0177994184948272e-15 -7.9687681574787318e-15 1.6375979724742054e-14 8.6738043261112067e-15 
4 -0.37742603720901829 0.0051113412974165134 -0.34756442420312195 0.99999897200246046 -2.0399977604435029e-06 -0.0014338723306960394 2.087382850064488e-06 0.99999999945182083 3.3045441982853738e-05 0.0014338722624973928 -3.3048401052732967e-05 0.99999897145854011 -9.1994655646679909e-15 1.3087211241935422e-16 -5.7151893286202781e-15 -1.1027204679425307e-15 -1.5167307170971615e-14 -5.3997527685373845e-19 
5 -0.3353657947202684 0.0041460926166068078 -1.043191529529891 -0.022940796770444558 0.99791341064080485 -0.060353497883497927 -0.99973682529129482 -0.022898946564639016 0.0013850641548221855 1.4257167165821275e-07 0.060369388844562895 0.99817610514904309 2.6355236967277639e-15 -4.2727541986928308e-16 1.6593364944652394e-15 -1.1299253844098074e-15 -1.5124671862613775e-14 -5.1660011192103697e-16 
6 -0.32908842760633467 0.078999868057739175 -1.1681094160873 0.9999982745309729 -0.0014355529013865677 0.0011790347511287402 0.0011811265855498233 0.0014571881086361258 -0.999998240769855 0.0014338323004996153 0.99999790789315335 0.0014588811639999683 2.5949672871532914e-16 1.1801878722508564e-18 1.7880102918919918e-15 7.6205915390998164e-16 -1.5112881362553849e-14 -5.0399923490307073e-16 
7 -0.25400005212973947 0.0040884277004365607 -1.1680000000000001 6.123233995736766e-17 0 -1 -0.99999999939666639 3.473711597030993e-05 -6.1232339920424133e-17 3.473711597030993e-05 0.99999999939666639 2.127034894232523e-21 4.6130260498242393e-16 5.7604577909003931e-16 3.7950198796840425e-16 -5.0862798136579034e-15 -2.1067328092306505e-15 5.0863527896496107e-15 
8 -0.32900000000000001 0.003999999999999994 -1.2730000000000001 1 0 0 0 1 0 0 0 1 0 -3.1465217081757511e-17 0 0 0 0 
9 -0.32900000000000001 0.0040000000000000001 -1.4730000000000001 1 -3.5567252963817031e-34 0 3.5567252963817031e-34 1 -3.552713678800501e-17 1.2636026612191044e-50 3.552713678800501e-17 1 2.7051985775819963e-35 -1.0519517587956891e-18 1.5934774836505134e-51 7.5084343675368855e-50 -1.1825784128870592e-50 -5.410397155163991e-33 
10 -0.32900000000000001 0.0040000000000000001 -1.4730000000000001 1 -3.5567252963817031e-34 6.3180133060955219e-51 3.5567252963817031e-34 1 -3.552713678800501e-17 6.3180133060955219e-51 3.552713678800501e-17 1 0 0 0 0 9.6107959904472145e-50 -5.410397155163991e-33 
1 -0.077834160000000263 0.004000000000000014 -0.17832060000000008 5.5495345766302431e-17 -0.90630777469782231 -0.42261828820139963 -1 -1.1298815334806543e-16 1.1099069153260486e-16 -1.483425866100842e-16 0.42261828820139963 -0.90630777469782231 -4.8008237459307041e-17 -1.8003089047240097e-17 0 0 0 0 
2 -0.077834160000000235 0.0040000000000000148 -0.17832060000000008 2.567360975395647e-16 -0.90630777469782242 -0.42261828820139952 -1 -2.3152113149170122e-16 -1.1099069153260487e-16 2.7466623816136518e-18 0.42261828820139952 -0.90630777469782242 -1.4139420869377556e-16 -7.9470753876880582e-18 1.0338056970289713e-16 -2.6089498710490974e-18 2.6055650827240288e-16 7.662588764394271e-19 
3 -0.16235781764028012 0.0039999999999999619 -0.35958215493956458 -5.4822690955348432e-16 -0.90630777469782242 0.42261828820139952 1 -6.2089348059345975e-16 -3.4294964444730175e-17 2.9348273283306116e-16 0.42261828820139952 0.90630777469782242 -2.0965900638399793e-15 1.3553028636965379e-15 -6.2366536925702297e-15 -7.0141847602654468e-15 1.4367918452501737e-14 7.5438362651586603e-15 
4 -0.37742603720901829 0.0051113412974165134 -0.34756442420312206 0.99999897200246046 -2.0399977604434932e-06 -0.0014338723306961813 2.0873828500644981e-06 0.99999999945182083 3.3045441982864363e-05 0.0014338722624975347 -3.3048401052743593e-05 0.99999897145854011 -8.0430394300733388e-15 1.0542037090454422e-16 -5.0917661203162443e-15 -9.9627873639199863e-16 -1.3203032893369184e-14 -4.9611848328809441e-19 
5 -0.3353657947202684 0.0041460926166068035 -1.043191529529891 -0.022940796770444558 0.99791341064080485 -0.060353497883498072 -0.99973682529129482 -0.022898946564639016 0.0013850641548221968 1.4257167166623584e-07 0.060369388844563041 0.99817610514904309 2.3210351489650181e-15 -3.8091409656325762e-16 1.3598485014744162e-15 -1.020123039324239e-15 -1.3170969153000845e-14 -3.6491083542538249e-16 
6 -0.32908842760633461 0.078999868057739175 -1.1681094160873 0.9999982745309729 -0.0014355529013867089 0.0011790347511287358 0.0011811265855498191 0.0014571881086361256 -0.999998240769855 0.0014338323004997565 0.99999790789315335 0.0014588811639999683 2.0310247606958971e-16 -3.6432018513763684e-17 1.5475293295418908e-15 5.4340974217411686e-16 -1.3160506543857618e-14 -3.5377990068671369e-16 
7 -0.25400005212973947 0.0040884277004365624 -1.1680000000000001 6.123233995736766e-17 0 -1 -0.99999999939666639 3.473711597030993e-05 -6.1232339920424133e-17 3.473711597030993e-05 0.99999999939666639 2.127034894232523e-21 3.6212324442558217e-16 5.102457183689532e-16 3.361906852992899e-16 -4.5057995752052798e-15 -1.8662983840198426e-15 4.5058642226891939e-15 
8 -0.32900000000000001 0.003999999999999994 -1.2730000000000001 1 0 0 0 1 0 0 0 1 0 -2.7692428975582307e-17 0 0 0 0 
9 -0.32900000000000001 0.0040000000000000001 -1.4730000000000001 1 -3.0933023797955364e-34 0 3.0933023797955364e-34 1 -3.552713678800501e-17 1.0989617677365744e-50 3.552713678800501e-17 1 1.9290305882796894e-35 -7.501287103016729e-19 1.1362813928596405e-51 5.3541354357858028e-50 -8.432763311362638e-51 -3.8580611765593775e-33 
10 -0.32900000000000001 0.0040000000000000001 -1.4730000000000001 1 -3.0933023797955364e-34 5.4948088386828721e-51 3.0933023797955364e-34 1 -3.552713678800501e-17 5.4948088386828721e-51 3.552713678800501e-17 1 0 0 0 0 6.8532933578058279e-50 -3.8580611765593775e-33 
1 -0.077834160000000263 0.004000000000000014 -0.17832060000000008 5.5495345766302431e-17 -0.90630777469782231 -0.42261828820139963 -1 -1.1298815334806543e-16 1.1099069153260486e-16 -1.483425866100842e-16 0.42261828820139963 -0.90630777469782231 -2.869156235568997e-17 -1.0759335883383696e-17 0 0 0 0 
2 -0.077834160000000235 0.0040000000000000148 -0.17832060000000008 2.567360975395647e-16 -0.90630777469782242 -0.42261828820139952 -1 -2.3152113149170122e-16 -1.1099069153260487e-16 2.7466623816136518e-18 0.42261828820139952 -0.90630777469782242 -8.4502597265928865e-17 -1.0646847021064517e-18 7.6523358251679187e-17 -1.559208416503988e-18 1.5571855372976659e-16 4.579456671909274e-19 
3 -0.16235781764028018 0.0039999999999999758 -0.35958215493956458 -7.4946766132674656e-16 -0.90630777469782231 0.42261828820139974 1 -7.7465332029891712e-16 1.1214217597173687e-16 2.2574733421954254e-16 0.42261828820139974 0.90630777469782231 -1.7966115224342653e-15 1.1731142183732922e-15 -5.4555079666456299e-15 -6.0596013630521603e-15 1.2359857180261412e-14 6.4138682042061083e-15 
4 -0.37742603720901841 0.0051113412974165134 -0.34756442420312211 0.99999897200246046 -2.0399977604434847e-06 -0.0014338723306963036 2.0873828500645074e-06 0.99999999945182083 3.3045441982873795e-05 0.001433872262497657 -3.3048401052753025e-05 0.99999897145854011 -6.8866132954786835e-15 7.9968629389734414e-17 -4.4683429120122128e-15 -8.8983700484147133e-16 -1.1238758615766747e-14 -4.522616897224573e-19 
5 -0.33536579472026834 0.0041460926166068 -1.043191529529891 -0.022940796770444558 0.99791341064080485 -0.06035349788349819 -0.99973682529129482 -0.022898946564639016 0.0013850641548222066 1.4257167167317474e-07 0.060369388844563159 0.99817610514904309 2.0065466012022714e-15 -3.345527732572319e-16 1.0603605084835919e-15 -9.1032069423867038e-16 -1.1217266443387911e-14 -2.1322155892972806e-16 
6 -0.32908842760633461 0.078999868057739175 -1.1681094160873 0.9999982745309729 -0.0014355529013868312 0.001179034751128733 0.0011811265855498163 0.0014571881086361254 -0.999998240769855 0.0014338323004998788 0.99999790789315335 0.0014588811639999683 1.4670822342385344e-16 -7.4044224899778471e-17 1.3070483671917896e-15 3.2476033043825144e-16 -1.1208131725161385e-14 -2.0356056647035744e-16 
7 -0.25400005212973947 0.0040884277004365581 -1.1680000000000001 6.123233995736766e-17 0 -1 -0.99999999939666639 3.473711597030993e-05 -6.1232339920424133e-17 3.473711597030993e-05 0.99999999939666639 2.127034894232523e-21 2.6294388386874031e-16 4.444456576478668e-16 2.9287938263017561e-16 -3.9253193367526562e-15 -1.6258639588090346e-15 3.9253756557287764e-15 
8 -0.32900000000000001 0.0039999999999999931 -1.2730000000000001 1 0 0 0 1 0 0 0 1 0 -2.3919640869407097e-17 0 0 0 0 
9 -0.32900000000000001 0.0040000000000000001 -1.4730000000000001 1 -2.785113061069832e-34 0 2.785113061069832e-34 1 -3.552713678800501e-17 9.8947092690687275e-51 3.552713678800501e-17 1 1.1528625989773811e-35 -4.4830566180765598e-19 6.7908530206876684e-52 3.1998365040347162e-50 -5.0397424938546774e-51 -2.3057251979547614e-33 
10 -0.32900000000000001 0.0040000000000000001 -1.4730000000000001 1 -2.785113061069832e-34 4.9473546345343638e-51 2.785113061069832e-34 1 -3.552713678800501e-17 4.9473546345343638e-51 3.552713678800501e-17 1 0 0 0 0 4.0957907251644367e-50 -2.3057251979547614e-33 
1 -0.077834160000000263 0.0040000000000000131 -0.17832060000000008 5.5495345766302431e-17 -0.90630777469782231 -0.42261828820139963 -1 -1.1298815334806543e-16 1.1099069153260486e-16 -1.483425866100842e-16 0.42261828820139963 -0.90630777469782231 -9.3748872520728997e-18 -3.5155827195273066e-18 0 0 0 0 
2 -0.077834160000000235 0.0040000000000000148 -0.17832060000000008 2.567360975395647e-16 -0.90630777469782242 -0.42261828820139952 -1 -2.3152113149170122e-16 -1.1099069153260487e-16 2.7466623816136518e-18 0.42261828820139952 -0.90630777469782242 -2.7610985838082151e-17 5.8177059834751609e-18 4.9666146800461247e-17 -5.0946696195891252e-19 5.0880599187130314e-17 1.4963245794242461e-19 
