1 0.477634 -0.21590899999999999 0.46278000000000002 1 0 0 0 1 0 0 0 1 -0 -0 -0 0 0 0 
2 0.49669268873943334 -0.21590900000000013 0.47280934436971694 1 -4.7281738701648776e-16 0 4.7281738701648776e-16 1 0 0 0 1 0 0 0 0 0 0 
1 0.477634 -0.21590899999999999 0.46278000000000002 1 1.3714493947169243e-118 -3.0742842098690903e-30 1.3714493947169243e-118 1 8.9220729190507972e-89 3.0742842098690903e-30 -8.9220729190507972e-89 1 0 0 0 1.1905424385370378e-86 7.0670431783704524e-28 -1.3226008179883555e-116 
2 0.49609043301107464 -0.22066230450177873 0.47280934378901751 0.96839964123981925 0.24940355820755497 -7.6988764247756949e-30 -0.24940355820755497 0.96839964123981925 1.5550005689595822e-30 7.8434118426157777e-30 4.1426518143114338e-31 1 -0.059649466878666707 -0.23162747973514028 4.3303405201120892e-15 1.0818724877772432e-29 -2.4638225068384806e-28 -12.549965508647752 
1 0.477634 -0.21590899999999999 0.46278000000000002 1 8.2727501994202572e-175 -4.4173368415941945e-31 8.272750199291612e-175 1 3.7455826874956364e-144 4.4173368415941945e-31 -3.7455826874956364e-144 1 0 0 0 -2.6443023573045511e-140 3.1230933349792711e-28 -6.4252773280114776e-171 
2 0.4882856125600521 -0.23171332773524211 0.47280934434688582 0.5588849089320268 0.82924523427514496 2.2971151579066413e-30 -0.82924523427514496 0.5588849089320268 1.3775555018594084e-30 -1.4149166096661154e-31 -2.6747667784807873e-30 1 -0.36174417396830183 -0.24380629111235672 -1.0280476831628102e-14 8.3931518816840517e-28 1.7715268816938519e-27 -22.888507382382009 
1 0.477634 -0.21590899999999999 0.46278000000000002 1 -5.6849125627648508e-235 -8.7023721142902562e-30 5.6849125627648508e-235 1 -2.0603032608127506e-224 8.7023721142902562e-30 2.0603032608127506e-224 1 0 0 0 -6.9029094360607688e-222 -1.7965837159060549e-26 -1.5546155345581967e-232 
2 0.47041054611031941 -0.23354570360819343 0.47280934913836387 -0.37901211173538424 0.92539171120011909 2.5021510713122488e-29 -0.92539171120011909 -0.37901211173538424 -2.2050388236382358e-29 -1.092179088850275e-29 -3.1512062825684883e-29 1 -0.42633544560293135 0.17459958686568935 2.9967685083417021e-14 -1.0440809326733106e-26 -3.6973945589153135e-26 -24.172849491284339 
1 0.477634 -0.21590899999999999 0.46278000000000002 1 7.5233201873902573e-289 -3.86349567414932e-30 -7.5233201873902573e-289 1 -1.2667688344583212e-277 3.86349567414932e-30 1.2667688344583212e-277 1 0 0 0 4.1166684627373175e-275 -2.1117601579236164e-27 -2.3509242581991226e-286 
2 0.45988233820241214 -0.22284532190598241 0.47280934288766752 -0.93142066885604879 0.36394441557434376 3.5507732645619065e-32 -0.36394441557434376 -0.93142066885604879 1.5196647270676159e-30 5.8614612705191239e-31 1.4025242955161837e-30 1 -0.1050878571373155 0.26893122714496254 -1.328003429833012e-14 1.8530075783922302e-28 -1.9435528705241665e-27 -15.15003647385246 
1 0.477634 -0.21590899999999999 0.46278000000000002 1 0 1.4210984632533246e-28 0 1 0 -1.4210984632533246e-28 0 1 0 0 0 0 1.6176442014452175e-25 0 
2 0.45857673414057615 -0.2161419574039638 0.47280934427658289 -0.99992529350312864 0.012223232497259857 1.4129781659143261e-28 -0.012223232497259857 -0.99992529350312864 -6.6227613290400544e-30 1.4120630917504079e-28 -8.3493826292938092e-30 1 -0.00063873447649114132 0.052151975045837351 1.9890528856418859e-14 7.3586248789704043e-27 1.6146997466048318e-25 -2.7365058849383717 
1 0.477634 -0.21590899999999999 0.46278000000000002 1 0 -6.5808677675371644e-28 0 1 0 6.5808677675371644e-28 0 1 0 0 0 0 1.1959170202141545e-26 0 
2 0.45880450061682487 -0.21885580456580811 0.47280934411386388 -0.98797440578975548 0.15461750710828204 -6.5967712515007177e-28 -0.15461750710828204 -0.98797440578975548 -2.0207206826773693e-30 -6.5205655452775402e-28 1.0000121227132705e-28 1 0.029088832729505146 -0.18584840010199183 6.9925644862738409e-15 -9.1217698581544895e-27 1.1492317656922606e-26 9.8698957981321698 
1 0.477634 -0.21590899999999999 0.46278000000000002 1 0 1.8947503800599344e-30 0 1 0 -1.8947503800599344e-30 0 1 0 0 0 0 -1.9409917714901226e-27 0 
2 0.46417885415234617 -0.22940690391175048 0.47280934245106204 -0.70598483381842658 0.70822695120869883 2.2716827818635005e-30 -0.70822695120869883 -0.70598483381842658 2.4813015817649033e-31 1.7795060566703524e-30 -1.4336908422269132e-30 1 0.28542696742527002 -0.28452654549545109 -1.311012301898715e-14 2.5179908185285717e-28 -1.7868105738460511e-27 21.146074799504312 
1 0.477634 -0.21590899999999999 0.46278000000000002 1 0 -6.6639934803616178e-29 0 1 0 6.6639934803616178e-29 0 1 0 0 0 0 -1.0790009268088381e-27 0 
2 0.48096570440743591 -0.23467418472996684 0.47280934733548541 0.1748127751982595 0.98460169288270205 -3.0950755923077475e-29 -0.98460169288270205 0.1748127751982595 -5.383157424928711e-29 -4.7592071598991816e-29 3.9884613565670444e-29 1 0.46787738722379829 0.083092594534330655 -1.0302902333371971e-14 8.9192253529349177e-27 -1.4149582892249082e-27 24.933180665409935 
1 0.477634 -0.21590899999999999 0.46278000000000002 1 0 -1.0931443807798931e-29 0 1 0 1.0931443807798931e-29 0 1 0 0 0 0 1.472786952015678e-26 0 
2 0.49422392134500276 -0.22529026588298301 0.47280934427313898 0.87046501089662065 0.49223029651246181 -1.4165939589911321e-29 -0.49223029651246181 0.87046501089662065 4.5642234207222194e-31 1.2555619664266149e-29 6.5756049657543133e-30 1 0.16524673963771447 0.29221763363122344 -2.1483062925217186e-14 -4.3321522039974433e-28 1.3705615955367953e-26 17.614661971326882 
1 0.477634 -0.21590899999999999 0.46278000000000002 1 0 6.2014141691596594e-30 0 1 0 -6.2014141691596594e-30 0 1 0 0 0 0 1.8515402347352939e-27 0 
2 0.49667069670636499 -0.21682446856036122 0.47280934358761756 0.99884568658285822 0.048034304354477968 4.5715281375809859e-30 -0.048034304354477968 0.99884568658285822 -2.1418510577424464e-31 -4.5765393938738909e-30 -5.652304892727416e-33 1 0.0050011843888192178 0.10405074859331834 -5.1447708148033768e-16 8.0271409403345217e-29 4.2339444556346422e-27 5.4658342009613552 
1 0.477634 -0.21590899999999999 0.46278000000000002 1 0 3.5916409368397751e-31 0 1 0 -3.5916409368397751e-31 0 1 0 0 0 0 -1.9404701253063883e-28 0 
2 0.49662873393971313 -0.21746905018984325 0.47280934419816562 0.99664422615930692 0.081855277553230313 5.323465783844793e-31 -0.081855277553230313 0.99664422615930692 -2.1237793002752002e-32 -5.3229856910341255e-31 -2.2408853155614715e-32 1 -0.011166035924719479 -0.13596158647111545 -2.2281209172936102e-15 1.6862384141379843e-30 -8.6175219988331741e-29 -7.1579287760893013 
1 0.477634 -0.21590899999999999 0.46278000000000002 1 0 -2.2858801934320065e-30 0 1 0 2.2858801934320065e-30 0 1 0 0 0 0 1.1601449519090832e-27 0 
2 0.49321981532354758 -0.22687787583009575 0.47280934366948163 0.81777987068969749 0.57553113129937794 -6.6489833596568969e-31 -0.57553113129937794 0.81777987068969749 2.8961248875016675e-31 7.1042147849662852e-31 1.4583042789717444e-31 1 -0.20900127878209707 -0.29698724686780598 1.6139489907042478e-14 1.9300039039026576e-28 3.3552408390464448e-27 -19.054439672441298 
1 0.477634 -0.21590899999999999 0.46278000000000002 1 0 -5.0841822774935279e-31 0 1 0 5.0841822774935279e-31 0 1 0 0 0 0 2.5036947461901569e-27 0 
2 0.47841386655255791 -0.23495171031852996 0.47280934603748248 0.040920140078536976 0.99916242029809799 4.8403245926097923e-31 -0.99916242029809799 0.040920140078536976 -1.1731780931025937e-29 -1.1741761305486466e-29 -3.5609244297502814e-33 1 -0.47821624927383477 -0.019617920242680116 1.71459374458697e-14 -4.6944981715693714e-27 -1.1438213417852171e-26 -25.114504040318216 
1 0.477634 -0.21590899999999999 0.46278000000000002 1 0 -2.5638349902879541e-29 0 1 0 2.5638349902879541e-29 0 1 0 0 0 0 4.2208958105952423e-27 0 
2 0.462777879095568 -0.22784754149397865 0.47280934488698906 -0.77949492577520252 0.62640854136155544 -1.2341508746178416e-29 -0.62640854136155544 -0.77949492577520252 3.2092141749499578e-30 -7.609864273809126e-30 1.0232392656993845e-29 1 -0.23720609706394258 0.29517742896045851 1.352578394791272e-16 -2.656106031871952e-28 1.2293303170137583e-27 -19.869114807430076 
1 0.477634 -0.21590899999999999 0.46278000000000002 1 0 8.8398396410795589e-28 0 1 0 -8.8398396410795589e-28 0 1 0 0 0 0 5.1889381888207386e-25 0 
2 0.45868495937080883 -0.21795050686788298 0.4728093436104629 -0.9942464401083777 0.10711683495986062 8.6714485048649848e-28 -0.10711683495986062 -0.9942464401083777 -5.2291350969220916e-29 8.5655439664291421e-28 -1.4487630138546092e-28 1 -0.016709448703705249 0.15505134789397948 2.702562057911738e-15 2.2295832411619113e-26 5.1743288711066658e-25 -8.1825618729524443 
1 0.477634 -0.21590899999999999 0.46278000000000002 1 0 7.469569533564332e-33 0 1 0 -7.469569533564332e-33 0 1 0 0 0 0 9.5234386455264013e-30 0 
2 0.45858522639571703 -0.21652368894091864 0.47280934436384758 -0.99947975433637959 0.032252452181039983 5.3396947813160567e-32 -0.032252452181039983 -0.99947975433637959 8.8804311428450743e-34 5.3397809850688366e-32 -8.3460139225225563e-34 1 0.0027270419747739659 -0.084514398585596284 3.882926941415412e-15 -2.4547409954498244e-30 1.4836844818438418e-28 4.4368183345716252 
1 0.477634 -0.21590899999999999 0.46278000000000002 1 0 5.5133260840842096e-28 0 1 0 -5.5133260840842096e-28 0 1 0 0 0 0 -2.4298592481395985e-25 0 
2 0.46054872837119692 -0.2243545722252899 0.47280934278078451 -0.8964550935799892 0.44313459038365849 5.4386062389962799e-28 -0.44313459038365849 -0.8964550935799892 6.5719475043645242e-29 5.1666919914610718e-28 -1.8208889664728384e-28 1 0.14112349887072087 -0.28547631816057595 -2.4051381300212591e-14 3.315433452393744e-26 -2.3813755321720442e-25 16.709118302136766 
1 0.477634 -0.21590899999999999 0.46278000000000002 1 0 6.1011430996673118e-30 0 1 0 -6.1011430996673118e-30 0 1 0 0 0 0 4.4398036835590608e-28 0 
2 0.47280561360904289 -0.2343459113527207 0.47280934605589608 -0.25334492307883649 0.96737601270146156 1.1196537540348535e-29 -0.96737601270146156 -0.25334492307883649 -1.3505622771817365e-30 1.5300843913038306e-30 -1.1173419938070381e-29 1 0.45555780986287941 -0.11929967537381515 7.6874784415567992e-15 1.9399768863520082e-27 4.2899274078718848e-27 24.708403779048794 
1 0.477634 -0.21590899999999999 0.46278000000000002 1 0 -4.3806343051230947e-29 0 1 0 4.3806343051230947e-29 0 1 0 0 0 0 -6.6185136560148415e-27 0 
2 0.49011043193218673 -0.2303163547350113 0.47280934509858202 0.65463302603817497 0.75594682433363136 -8.5511937451160388e-29 -0.75594682433363136 0.65463302603817497 1.7898503601182275e-29 6.9509255333678078e-29 5.2925525984823684e-29 1 0.31445057321011061 0.27232170342417128 1.1764278439612346e-14 -1.3406510394558297e-26 -2.1256148194845949e-26 21.826774875187628 
1 0.477634 -0.21590899999999999 0.46278000000000002 1 0 -6.7676918038837011e-30 0 1 0 6.7676918038837011e-30 0 1 0 0 0 0 -5.4910397384761362e-27 0 
2 0.49635052976936928 -0.21950418693948312 0.47280934366798455 0.98204679257741567 0.18863747556731728 -4.4634194857216598e-30 -0.18863747556731728 0.98204679257741567 -1.6608823711137101e-31 4.351956324110379e-30 1.0050746047245667e-30 1 0.039069414475160047 0.20349108806106686 7.3850778027733062e-14 -5.984975598009812e-28 -1.2849928960320543e-27 10.871705697218326 
1 0.477634 -0.21590899999999999 0.46278000000000002 1 0 1.5461637408604171e-30 0 1 0 -1.5461637408604171e-30 0 1 0 0 0 0 -1.8829529505596771e-28 0 
2 0.4966923336930823 -0.21602538240385388 0.47280934433642841 0.99998135338775573 0.0061067894013391187 1.8339443663704431e-30 -0.0061067894013391187 0.99998135338775573 -2.4466778019116452e-33 -1.8339251108670351e-30 -8.7528798395372215e-33 1 -0.00019986823261069551 -0.032726971557691012 3.0008827659795636e-16 -2.6790018814152566e-30 -2.2687105860790773e-28 -1.7172065976894737 
1 0.477634 -0.21590899999999999 0.46278000000000002 1 0 6.0811007760366936e-30 0 1 0 -6.0811007760366936e-30 0 1 0 0 0 0 1.5983004901023599e-27 0 
2 0.49568748776963001 -0.22201682450204147 0.47280934346888315 0.94725716201213839 0.32047444362493166 -1.0780457746618277e-30 -0.32047444362493166 0.94725716201213839 -1.9392548264028243e-31 9.5903841987149933e-31 5.2918342216462583e-31 1 -0.08669300844035549 -0.25626329828167049 9.9647862919299472e-15 1.0410581458196068e-28 4.0967897166958406e-28 -14.194608579691735 
1 0.477634 -0.21590899999999999 0.46278000000000002 1 0 3.664504212716578e-30 0 1 0 -3.664504212716578e-30 0 1 0 0 0 0 -1.7743638937019034e-27 0 
2 0.48617946806745088 -0.2329445090972832 0.47280934443085693 0.44837673316297622 0.89384467619273611 -1.8464714609587988e-30 -0.89384467619273611 0.44837673316297622 -2.3308731108073315e-30 -1.2555236794325605e-30 2.6955679559610611e-30 1 -0.40451612095783068 -0.20291448471269552 1.0184897613540864e-14 1.1664521326128489e-27 -1.3644597083365156e-27 -23.74482510828588 
1 0.477634 -0.21590899999999999 0.46278000000000002 1 0 -5.01286796867482e-29 0 1 0 5.01286796867482e-29 0 1 0 0 0 0 5.1322203250587104e-26 0 
2 0.46818596733952622 -0.2324609368738299 0.4728093481532466 -0.49573520119296083 0.86847372458709116 -4.8539956990471376e-29 -0.86847372458709116 -0.49573520119296083 1.2711182143148333e-29 -1.3023637644804035e-29 4.84570576759459e-29 1 -0.38726725187122174 0.22102990423878369 -9.1476831683683231e-15 -1.3490399394498751e-26 6.3938312898721481e-26 -23.39611519386672 
1 0.477634 -0.21590899999999999 0.46278000000000002 1 0 5.1784738305294977e-28 0 1 0 -5.1784738305294977e-28 0 1 0 0 0 0 3.475494029050308e-25 0 
2 0.45939842622153132 -0.22144957954894454 0.47280934265155067 -0.95681101452916173 0.29071065077784164 5.1486765304190178e-28 -0.29071065077784164 -0.95681101452916173 7.4764429892328564e-30 4.9480452306217383e-28 -1.4252396747867392e-28 1 -0.074831358669540035 0.24627569241649411 3.2369214606625176e-15 -9.0257230869886912e-27 3.470490713698846e-25 -13.505478593174685 
1 0.477634 -0.21590899999999999 0.46278000000000002 1 0 -4.7363591858797485e-29 0 1 0 4.7363591858797485e-29 0 1 0 0 0 0 -4.1417457047208009e-26 0 
2 0.45857541885171405 -0.21597322252714787 0.47280934430687521 -0.99999432210943751 0.0033698292073414764 -4.8828478003739638e-29 -0.0033698292073414764 -0.99999432210943751 2.379084519654678e-30 -4.8820183652484133e-29 2.543614642800169e-30 1 -6.4687897916379622e-05 0.019013478420382264 2.1461380013752865e-15 -2.0300512140198041e-27 -4.1804011674950729e-26 -0.99753843168094591 
1 0.477634 -0.21590899999999999 0.46278000000000002 1 0 2.7412820970287242e-28 0 1 0 -2.7412820970287242e-28 0 1 0 0 0 0 1.1194351359913534e-24 0 
2 0.45901709736081037 -0.21998878221279938 0.47280934416794701 -0.97681959236628368 0.21406420525012448 2.7392396163008672e-28 -0.21406420525012448 -0.97681959236628368 -7.8397344230523023e-30 2.6589608602021611e-28 -6.6295321328695972e-29 1 0.04724565822081582 -0.21555455674752591 -1.3802495272885127e-14 -2.5409509336519775e-26 1.119265782570135e-24 11.578272154680228 
1 0.477634 -0.21590899999999999 0.46278000000000002 1 0 -9.0320432651275815e-31 0 1 0 9.0320432651275815e-31 0 1 0 0 0 0 -3.3318886030176531e-27 0 
2 0.46590567551229484 -0.23093167068732062 0.47280934285723908 -0.61537991620918275 0.78823065071486487 1.8775527246084277e-30 -0.78823065071486487 -0.61537991620918275 -7.3524657376657666e-31 5.7586435307195341e-31 -1.9324005808271331e-30 1 0.33484715518702279 -0.2614181298213481 -1.152898509947993e-14 6.4046404986097761e-28 -2.6596397711037128e-27 22.289499180236678 
1 0.477634 -0.21590899999999999 0.46278000000000002 1 0 -7.4298603000648153e-29 0 1 0 7.4298603000648153e-29 0 1 0 0 0 0 -1.0115585070335302e-27 0 
2 0.48349501597417793 -0.23404406657405696 0.47280934787607126 0.30752518603242762 0.95153994133495035 -5.6102161580916407e-29 -0.95153994133495035 0.30752518603242762 1.4641426515685823e-29 3.1184729804788306e-29 4.8880840126452703e-29 1 0.44412689359466939 0.14355855565955056 -3.9130810831784145e-29 -4.0304466278984466e-27 1.8672479776161146e-27 24.490243116296121 
1 0.477634 -0.21590899999999999 0.46278000000000002 1 0 -1.0147181140085011e-29 0 1 0 1.0147181140085011e-29 0 1 0 0 0 0 -8.3834950201614702e-27 0 
2 0.49501939861505251 -0.22371807283423176 0.47280934407628977 0.9122032549340322 0.40973799151135232 -2.7050028671449058e-30 -0.40973799151135232 0.9122032549340322 -3.7985138223663084e-30 9.1111699571099163e-31 4.5733591144908616e-30 1 0.12526439371328058 0.2788643559611696 1.146283428173196e-14 2.5455708357918649e-27 -2.6666071675944968e-27 16.04061912989069 
1 0.477634 -0.21590899999999999 0.46278000000000002 1 0 2.0826888633369456e-31 0 1 0 -2.0826888633369456e-31 0 1 0 0 0 0 -3.6182429528449252e-28 0 
2 0.49668724639003975 -0.21636462171080464 0.47280934390455076 0.99971420090414598 0.023906411495344872 -4.980229642755193e-30 -0.023906411495344872 0.99971420090414598 4.3581747820062649e-31 4.9892251295968753e-30 -3.1663350277837939e-31 1 0.0016856512034598052 0.070618936889731365 2.3391849235546104e-14 3.1148872878777438e-28 6.0428982506778989e-27 3.7064964375419023 
1 0.477634 -0.21590899999999999 0.46278000000000002 1 0 -8.4046402963294133e-31 0 1 0 8.4046402963294133e-31 0 1 0 0 0 0 3.7372507401550864e-28 0 
2 0.49653637284006036 -0.21834498873792429 0.47280934401055641 0.99179798321374912 0.12781533747222923 -6.536738013218637e-31 -0.12781533747222923 0.99179798321374912 2.2533197032895962e-32 6.5119244601377713e-31 6.1201158140124674e-32 1 -0.021699680318695392 -0.16838837911510524 -1.3302882480448303e-14 5.5978448878406595e-30 9.0038481139488164e-29 -8.9083700978507192 
1 0.477634 -0.21590899999999999 0.46278000000000002 1 0 2.1540819665410256e-30 0 1 0 -2.1540819665410256e-30 0 1 0 0 0 0 2.0704585001588053e-27 0 
2 0.49190312366586514 -0.22854332064726474 0.47280934348912101 0.74869381335795726 0.66291596287879528 5.2805195587337282e-30 -0.66291596287879528 0.74869381335795726 -2.3260308452461425e-30 -5.4954553024017572e-30 -1.7590558042627139e-30 1 -0.25811964843750845 -0.29153132003227478 -6.6477972781473627e-15 1.2673331127023598e-27 3.6251695447840545e-27 -20.430195490713071 
1 0.477634 -0.21590899999999999 0.46278000000000002 1 0 -1.6988235967205837e-29 0 1 0 1.6988235967205837e-29 0 1 0 0 0 0 9.6346950780220639e-27 0 
2 0.47573420401628103 -0.23487275765452489 0.47280934512431533 -0.099681146139250984 0.99501943152099559 -2.002256020074045e-29 -0.99501943152099559 -0.099681146139250984 -1.0309765508996654e-30 -3.0217134510396213e-30 1.9820067544299305e-29 1 -0.4748803309279423 0.047513590105138864 3.5451493966512222e-14 1.0524955287235617e-26 4.440465933811144e-26 -25.042923568811865 
1 0.477634 -0.21590899999999999 0.46278000000000002 1 0 -9.2565327341088752e-31 0 1 0 9.2565327341088752e-31 0 1 0 0 0 0 -7.9465497301466606e-28 0 
2 0.46159039729459367 -0.22619667851053013 0.47280934389210266 -0.84180088570539635 0.53978817032759263 -1.4581655357794412e-29 -0.53978817032759263 -0.84180088570539635 -4.4763370771308262e-30 -1.4691124195876187e-29 4.1028205496867486e-30 1 -0.18946760923601716 0.29547460171096795 -4.0007373553250905e-15 -2.0190756621851629e-28 7.1990831224244895e-28 -18.416854139626313 
1 0.477634 -0.21590899999999999 0.46278000000000002 1 0 1.4979451944315422e-27 0 1 0 -1.4979451944315422e-27 0 1 0 0 0 0 2.3042551971431801e-25 0 
2 0.4586188028664695 -0.21719591032714983 0.47280934370376193 -0.99771767561220071 0.067523623799285157 1.4931831669997089e-27 -0.067523623799285157 -0.99771767561220071 -1.231237195394112e-29 1.4889438626703192e-27 -1.1310940955907251e-28 1 -0.0082491645327242742 0.12183936239272218 -2.7525020303133941e-27 -4.3967589488926194e-27 2.296025106673161e-25 -6.4074411169947769 
1 0.477634 -0.21590899999999999 0.46278000000000002 1 0 -5.5352914459067279e-30 0 1 0 5.5352914459067279e-30 0 1 0 0 0 0 -1.0566769725643941e-26 0 
2 0.45861402193606315 -0.21712310969558501 0.47280934433583638 -0.99796885091035636 0.063703788055836597 -5.4352134479912526e-30 -0.063703788055836597 -0.99796885091035636 9.5505566089329227e-32 -5.4180896528040391e-30 4.4155526557477861e-31 1 0.0075469674841710088 -0.11823823964207307 -1.7677662881940012e-14 -1.8109743086731532e-28 -1.0558298948792813e-26 6.2166148765434555 
1 0.477634 -0.21590899999999999 0.46278000000000002 1 0 3.1061169654150659e-28 0 1 0 -3.1061169654150659e-28 0 1 0 0 0 0 -2.4645416738912736e-25 0 
2 0.46147808947739716 -0.22601942737597935 0.47280934283334675 -0.84769210640501858 0.53048854157146752 3.0616499464396453e-28 -0.53048854157146752 -0.84769210640501858 4.8446899579991446e-29 2.8523417431907255e-28 -1.2134896713515754e-28 1 0.18463987739324417 -0.29502131042536983 -1.8671876064715947e-14 4.07174780113868e-26 -2.3907481876525039e-25 18.261461210919759 
1 0.477634 -0.21590899999999999 0.46278000000000002 1 0 6.5846295937285958e-32 0 1 0 -6.5846295937285958e-32 0 1 0 0 0 0 -1.375237668622261e-26 0 
2 0.4754524399590041 -0.23484239106427315 0.47280934736222568 -0.1144672614943533 0.99342702099650149 3.8790723301883276e-30 -0.99342702099650149 -0.1144672614943533 3.5503217272686207e-30 3.9710123238747971e-30 -3.4471796636646062e-30 1 0.47373381073324944 -0.054578861470924084 2.5922582325155443e-16 2.0532615771983698e-28 -4.8351627552572342e-27 25.02065525593224 
1 0.477634 -0.21590899999999999 0.46278000000000002 1 0 6.8132752581396369e-31 0 1 0 -6.8132752581396369e-31 0 1 0 0 0 0 -4.1573840175509771e-27 0 
2 0.49174334061226965 -0.22872148778672496 0.47280934472911296 0.74031097512033506 0.6722645759791146 -6.6554152753035185e-31 -0.6722645759791146 0.74031097512033506 -3.8801710348913154e-29 -2.5592307657747453e-29 2.9172752017542379e-29 1 0.26338309025480622 0.29005143939747696 2.1747492693894304e-14 1.6294583925987235e-26 1.4348580576248144e-26 20.557724604674465 
1 0.477634 -0.21590899999999999 0.46278000000000002 1 0 -5.2988012527711272e-30 0 1 0 5.2988012527711272e-30 0 1 0 0 0 0 -1.2022093431035255e-27 0 
2 0.49652138571002796 -0.21845856885613438 0.47280934430202726 0.99101178295260128 0.13377460913456704 -7.572176532739393e-30 -0.13377460913456704 0.99101178295260128 6.9757388308448834e-31 7.597433840094021e-30 3.2166101834842526e-31 1 0.0231591114658397 0.1717250402462025 4.1726615342518817e-14 -1.6003812888949009e-27 -3.2696961611867349e-27 9.0916798742404783 
1 0.477634 -0.21590899999999999 0.46278000000000002 1 0 3.3941717263586322e-32 0 1 0 -3.3941717263586322e-32 0 1 0 0 0 0 -4.9593152326898454e-29 0 
2 0.49668786944728144 -0.21633757467099288 0.47280934436047289 0.99974712733417814 0.022487360606763471 -4.7722393801959625e-31 -0.022487360606763471 0.99974712733417814 7.5896586862548343e-33 4.7727393252195534e-31 3.1437673153962374e-33 1 -0.0015087950547902603 -0.067078080638500209 3.0207144247121245e-31 1.5241510821766431e-30 2.5144728082376725e-29 -3.5204132845748117 
1 0.477634 -0.21590899999999999 0.46278000000000002 1 0 -4.9904009536763701e-30 0 1 0 4.9904009536763701e-30 0 1 0 0 0 0 1.044023475202222e-27 0 
2 0.49508631558308097 -0.22356737877879074 0.4728093430812923 0.91571382130879142 0.40183105587305085 -6.0819646451670955e-30 -0.40183105587305085 0.91571382130879142 8.5366632929215297e-31 5.912368728753666e-30 1.6622082186312925e-30 1 -0.1215619420165248 -0.27703674279470308 -5.2559266415043049e-15 -4.6784883004144069e-28 7.2663126789047135e-28 -15.873773893564831 
1 0.477634 -0.21590899999999999 0.46278000000000002 1 0 2.4830980316841591e-30 0 1 0 -2.4830980316841591e-30 0 1 0 0 0 0 3.7368087838960682e-28 0 
2 0.48374081374427852 -0.23396281657185675 0.47280934476894593 0.32042200173964597 0.94727490244445844 3.9117143575988053e-30 -0.94727490244445844 0.32042200173964597 -2.6667044130826144e-29 -2.6514420972205928e-29 4.8392388243937952e-30 1 -0.44101669094387874 -0.1491698746048814 -9.5401776252375859e-15 1.1082350952241248e-26 3.0221583139307546e-27 -24.427106286499388 
1 0.477634 -0.21590899999999999 0.46278000000000002 1 0 5.368115518460258e-29 0 1 0 -5.368115518460258e-29 0 1 0 0 0 0 -1.0823471384901384e-25 0 
2 0.46610230817105347 -0.2310830753464842 0.47280934674363057 -0.60506374905819371 0.79617702778693833 4.4239415759882578e-29 -0.79617702778693833 -0.60506374905819371 1.9927871198237649e-29 4.2633780016552478e-29 -2.3164774092779477e-29 1 -0.33958262421357538 0.25803179392437603 1.9330790681746836e-14 1.4636843903862434e-26 -1.2723537728280627e-25 -22.377201839787944 
1 0.477634 -0.21590899999999999 0.46278000000000002 1 0 2.813632834969589e-27 0 1 0 -2.813632834969589e-27 0 1 0 0 0 0 -5.0082686783525334e-25 0 
2 0.45904895336682139 -0.2201315884656708 0.4728093426211466 -0.97514752366637347 0.22155655505387231 2.810011808251048e-27 -0.22155655505387231 -0.97514752366637347 -5.312273734669183e-29 2.7284063656077129e-27 -6.7437904167081031e-28 1 -0.049579443322943867 0.21820308620064116 1.7237071470996214e-15 -2.4888253321814414e-26 -5.0019350555906919e-25 -11.740895522680843 
1 0.477634 -0.21590899999999999 0.46278000000000002 1 0 -5.7777399747964848e-31 0 1 0 5.7777399747964848e-31 0 1 0 0 0 0 2.6600374734020049e-28 0 
2 0.45857548736704956 -0.21599098793331856 0.47280934434369493 -0.99999074634424578 0.0043020025428085057 -1.7134303669858987e-30 -0.0043020025428085057 -0.99999074634424578 6.3393137898617561e-33 -1.7133872397470802e-30 1.3710436923732875e-32 1 6.7628066536701466e-05 -0.015763764442551405 -6.5369822959968652e-30 -7.7196802795791562e-30 5.4472086493132885e-28 0.82722175579268642 
1 0.477634 -0.21590899999999999 0.46278000000000002 1 0 -2.4424332755792133e-30 0 1 0 2.4424332755792133e-30 0 1 0 0 0 0 -1.7881364301858724e-25 0 
2 0.45936662050666149 -0.22134374670914531 0.47280934434503014 -0.95848038188228968 0.28515847795003429 -4.9235538362638953e-30 -0.28515847795003429 -0.95848038188228968 -3.2278720964150164e-31 -4.8111752706033399e-30 1.0946079100901596e-30 1 0.072516109690586611 -0.24375631487975147 -3.6389660935013386e-15 2.8391516055903868e-27 -1.7889976882315891e-25 13.343766432460997 
1 0.477634 -0.21590899999999999 0.46278000000000002 1 0 -6.7521068623575709e-31 0 1 0 6.7521068623575709e-31 0 1 0 0 0 0 -9.3635363176685337e-27 0 
2 0.46800211665762659 -0.23235469186078678 0.47280934363742627 -0.50538129763795381 0.86289613743357196 -6.3161089687982543e-30 -0.86289613743357196 -0.50538129763795381 4.2200384778794879e-31 -2.8278978564356537e-30 5.663418884988838e-30 1 0.38326097523487834 -0.22446622978645348 -8.0888250630440362e-15 -2.976817282084531e-27 -6.7931263167987179e-27 23.304891685395823 
1 0.477634 -0.21590899999999999 0.46278000000000002 1 0 -3.397183278069125e-29 0 1 0 3.397183278069125e-29 0 1 0 0 0 0 -3.3553467113962479e-27 0 
2 0.4859709079991224 -0.2330474950540101 0.47280934795444046 0.43743479142248715 0.89925013386330122 2.5719311851973656e-29 -0.89925013386330122 0.43743479142248715 -1.1534154498650154e-29 -2.1622611792409145e-29 -1.8082654158407529e-29 1 0.40763155986110389 0.19830978433118138 1.6825483603515204e-14 -2.2601850561066333e-28 -2.8727413330720308e-27 23.785148507564948 
1 0.477634 -0.21590899999999999 0.46278000000000002 1 0 5.0189530916399495e-30 0 1 0 -5.0189530916399495e-30 0 1 0 0 0 0 1.336301460415779e-27 0 
2 0.49563472236232997 -0.22217061150089923 0.4728093438529683 0.94448887396001358 0.32854340195131854 5.6740437370490789e-30 -0.32854340195131854 0.94448887396001358 -1.4930599074541485e-30 -5.8496061613174588e-30 -4.5399116144446615e-31 1 0.089690832359056311 0.25782104813964579 1.6128548043510279e-14 7.2386476900197829e-28 6.5831140984016694e-28 14.323200280025134 
1 0.477634 -0.21590899999999999 0.46278000000000002 1 0 9.4254051607452553e-31 0 1 0 -9.4254051607452553e-31 0 1 0 0 0 0 3.4862194131801519e-28 0 
2 0.49669190930438806 -0.21608159339891664 0.47280934415784592 0.99995899319815706 0.0090560434036112778 2.4989828831948182e-30 -0.0090560434036112778 0.99995899319815706 -7.0489289174263164e-32 -2.4995187619611702e-30 4.7855501178856017e-32 1 0.00031837950477290531 0.035456231825860079 6.7070654322988752e-15 -9.5850331292981288e-29 -3.6993129288601978e-27 1.8606227670112938 
1 0.477634 -0.21590899999999999 0.46278000000000002 1 0 1.2934993495194292e-30 0 1 0 -1.2934993495194292e-30 0 1 0 0 0 0 -2.0637747077916806e-28 0 
2 0.49636041836831557 -0.21945231653076938 0.47280934373937528 0.98256559728102988 0.18591623662223006 -2.3067698984838716e-30 -0.18591623662223006 0.98256559728102988 7.6443538854361826e-31 2.4086736936725875e-30 -3.2224193584755136e-31 1 -0.038022180402644698 -0.20095188563654981 1.4994972783697305e-16 1.5373285327076684e-28 5.0357679402733601e-28 -10.730953946395207 
1 0.477634 -0.21590899999999999 0.46278000000000002 1 0 4.7333737938207736e-31 0 1 0 -4.7333737938207736e-31 0 1 0 0 0 0 1.0675899582513038e-27 0 
2 0.49022239525033789 -0.23021865624466759 0.47280934349152703 0.66050711244461813 0.75081978823821138 2.1805663067292756e-30 -0.75081978823821138 0.66050711244461813 1.4713426395047823e-30 -3.3556638573294771e-31 -2.6090446108937997e-30 1 -0.31090529134629785 -0.27351671052836196 -1.5026788517953468e-14 -2.0697742973501293e-28 1.1354238333390436e-27 -21.726814683271684 
1 0.477634 -0.21590899999999999 0.46278000000000002 1 0 -5.2603549894854385e-29 0 1 0 5.2603549894854385e-29 0 1 0 0 0 0 3.5347331182474185e-27 0 
2 0.4729904053588817 -0.23439333237712059 0.4728093446139946 -0.24364715023298272 0.9698639420987597 -2.1032887533496681e-30 -0.9698639420987597 -0.24364715023298272 -2.7799219868796229e-30 -3.2086064077928175e-30 1.3625838517224635e-30 1 -0.45662811370221823 0.11473185419045899 1.8478969310335697e-14 -9.4679732595823883e-28 1.385352673642228e-26 -24.703727418128175 
1 0.477634 -0.21590899999999999 0.46278000000000002 1 0 9.6547147767636528e-31 0 1 0 -9.6547147767636528e-31 0 1 0 0 0 0 1.1205752381927892e-27 0 
2 0.4606193271419976 -0.22449589441921844 0.47280934318422557 -0.89275179448892228 0.45054881360049004 -1.6772297631932111e-29 -0.45054881360049004 -0.89275179448892228 -1.4494058518608374e-29 -2.1503779678424772e-29 -5.3828579524937541e-30 1 -0.14418528787138943 0.2857035490817269 -8.2184703239411986e-29 -4.4260546629278633e-27 5.4377680276681439e-27 -16.79122905602414 
1 0.477634 -0.21590899999999999 0.46278000000000002 1 0 5.0716231050577426e-27 0 1 0 -5.0716231050577426e-27 0 1 0 0 0 0 1.2238269790659914e-24 0 
2 0.45858807939417207 -0.21660664830539386 0.4728093438594736 -0.99932979706552572 0.036605418956422282 5.0723403981299227e-27 -0.036605418956422282 -0.99932979706552572 -1.3349805479463921e-28 5.0640541484848187e-27 -3.1908372936970085e-28 1 -0.0031711244139265176 0.086518389172980173 8.7354981727391242e-15 2.1575232913997901e-26 1.2238245695202171e-24 -4.5425649844562672 
1 0.477634 -0.21590899999999999 0.46278000000000002 1 0 5.6735694055400461e-29 0 1 0 -5.6735694055400461e-29 0 1 0 0 0 0 -1.1033585510315029e-26 0 
2 0.45868520261475393 -0.21795270535897132 0.47280934426154031 -0.99423399526120093 0.10723228369735653 5.6673858487912962e-29 -0.10723228369735653 -0.99423399526120093 4.8297715134678057e-31 5.6398867494218184e-29 -5.5970749687963367e-30 1 0.016505448969617406 -0.15304722639060253 7.8595680750843943e-15 -1.7067046957486624e-28 -1.0854207477041926e-26 8.0769667419041991 
1 0.477634 -0.21590899999999999 0.46278000000000002 1 0 -9.0127981856887011e-30 0 1 0 9.0127981856887011e-30 0 1 0 0 0 0 1.4148394533054255e-26 0 
2 0.4627317382650577 -0.22778993682263862 0.47280934318841367 -0.78191403233385892 0.62338627354105669 -8.5043469042963877e-30 -0.62338627354105669 -0.78191403233385892 -1.5868862743742646e-30 -7.6389113014199816e-30 4.0606844799185113e-30 1 0.23502430403737404 -0.29475983754521445 -1.5991092625522975e-14 -1.6004633446905579e-27 1.204594205325188e-26 19.780810701847198 
1 0.477634 -0.21590899999999999 0.46278000000000002 1 0 1.6345538552376772e-29 0 1 0 -1.6345538552376772e-29 0 1 0 0 0 0 3.9536152069218676e-27 0 
2 0.47829029777444543 -0.23495634279412883 0.47280934857725898 0.034434252872039557 0.99940696526947637 3.9250568313597599e-31 -0.99940696526947637 0.034434252872039557 7.6850636816757139e-30 7.6669905320593787e-30 -6.5690233978649731e-31 1 0.477651259878419 0.016462044803492476 -1.8755845550124316e-15 -5.1033098635919929e-27 6.9186935351242813e-27 25.076873959333724 
1 0.477634 -0.21590899999999999 0.46278000000000002 1 0 1.893094715561099e-29 0 1 0 -1.893094715561099e-29 0 1 0 0 0 0 -7.7235297360472639e-27 0 
2 0.49314600535765396 -0.22698199553371751 0.47280934415595599 0.81390791233085868 0.58099389862994544 1.2421234486885977e-29 -0.58099389862994544 0.81390791233085868 1.2544647509422882e-29 -2.8213773663553956e-30 -1.7426849315653496e-29 1 0.21127291284830452 0.29597152741281824 5.4610415905160724e-16 -2.1650441039104624e-27 -9.4460930612321668e-28 19.08069357236834 
1 0.477634 -0.21590899999999999 0.46278000000000002 1 0 -1.073583991569186e-29 0 1 0 1.073583991569186e-29 0 1 0 0 0 0 -3.0939601452722031e-27 0 
2 0.49662090654196417 -0.21756158101120038 0.47280934429411881 0.99623358487420588 0.086710116876223806 -1.6071295152184353e-29 -0.086710116876223806 0.99623358487420588 2.5091420480004449e-31 1.6032520783056179e-29 1.1435747232543853e-30 1 0.011925640149201795 0.13698002274691851 5.7818027591379222e-16 -5.2486943136964425e-29 -5.4903323469330038e-27 7.2144245085231713 
1 0.477634 -0.21590899999999999 0.46278000000000002 1 0 1.7795792987894406e-31 0 1 0 -1.7795792987894406e-31 0 1 0 0 0 0 -9.2518799641459492e-29 0 
2 0.49666828255855472 -0.21687321869222712 0.47280934431913124 0.99871938854823195 0.050592320937526511 4.439744082754234e-31 -0.050592320937526511 0.99871938854823195 -1.0355864240112054e-32 -4.439297767711152e-31 -1.2119093349745435e-32 1 -0.0052145984201052188 -0.10293658677117162 1.9849079676053184e-14 -5.2451338219317758e-30 -1.7113000921714271e-28 -5.4078812157616225 
1 0.477634 -0.21590899999999999 0.46278000000000002 1 0 1.6202038188652445e-29 0 1 0 -1.6202038188652445e-29 0 1 0 0 0 0 -1.9261507907166616e-28 0 
2 0.49422137293564417 -0.2252948027144146 0.47280934269283653 0.87033065086515227 0.49246782449682985 1.146775823803849e-29 -0.49246782449682985 0.87033065086515227 -1.0785435400541267e-31 -1.0033856290355807e-29 -5.5536330012222426e-30 1 -0.16480599823142389 -0.29127130884718688 4.7990261853267842e-15 -3.7213429420781277e-28 -6.4412465174194985e-28 -17.559577850629154 
1 0.477634 -0.21590899999999999 0.46278000000000002 1 0 1.2054324937280517e-29 0 1 0 -1.2054324937280517e-29 0 1 0 0 0 0 2.755326562480792e-28 0 
2 0.48100002712442858 -0.23466807996123976 0.47280934540610547 0.17661448511858877 0.98428010426214341 -9.1645055498663975e-30 -0.98428010426214341 0.17661448511858877 1.5515565329431044e-29 1.6890246689194587e-29 6.2801668961521979e-30 1 -0.46679184425085385 -0.083746179283119782 -8.0001516662782916e-15 -3.4420129028823398e-27 -3.8507458562301126e-27 -24.882735122819184 
1 0.477634 -0.21590899999999999 0.46278000000000002 1 0 3.02407106561253e-29 0 1 0 -3.02407106561253e-29 0 1 0 0 0 0 -3.0431433244169772e-26 0 
2 0.46422718573493432 -0.22945486318367603 0.47280934534591418 -0.70344994186026377 0.71074480602871204 2.6960592133726921e-29 -0.71074480602871204 -0.70344994186026377 8.1506338433253249e-30 2.47584476389738e-29 -1.3428537923293462e-29 1 -0.28605851085692552 0.2830799320100964 -9.3967664182490078e-15 6.3959983933733619e-28 -4.4041944159558416e-26 -21.114859767537304 
1 0.477634 -0.21590899999999999 0.46278000000000002 1 0 -9.144347919245163e-27 0 1 0 9.144347919245163e-27 0 1 0 0 0 0 -1.1576884080229334e-24 0 
2 0.4588170855353314 -0.21893520238858757 0.47280934279423487 -0.98731349881791486 0.15878304396857731 -9.1444902386778271e-27 -0.15878304396857731 -0.98731349881791486 1.6693707361034984e-28 -9.0019718757562176e-27 1.616809221866866e-27 1 -0.029855492233008121 0.18563616220819662 5.1087997214027808e-16 8.3050700301145447e-26 -1.1569263460037322e-24 -9.8654092739733166 
1 0.477634 -0.21590899999999999 0.46278000000000002 1 0 -4.0454455210981776e-32 0 1 0 4.0454455210981776e-32 0 1 0 0 0 0 -7.3625481649933063e-29 0 
2 0.45857790627002082 -0.21622349909540534 0.47280934436196453 -0.99986383638848619 0.016501778161717752 -8.9058540333767549e-31 -0.016501778161717752 -0.99986383638848619 -7.3964981150942735e-33 -8.9058619338386439e-31 7.300751778743881e-33 1 0.00086079755154407913 -0.052158382167629358 2.4895985410674964e-15 2.8426259776314535e-30 -4.983649528255984e-28 2.7371919490654024 
1 0.477634 -0.21590899999999999 0.46278000000000002 1 0 -4.6195168867689749e-29 0 1 0 4.6195168867689749e-29 0 1 0 0 0 0 -1.5544360289050737e-25 0 
2 0.45991209248158865 -0.22292096658442706 0.47280934419024195 -0.92985966752540783 0.36791439046269719 -5.0555590977452458e-29 -0.36791439046269719 -0.92985966752540783 -4.0943155145252885e-30 -4.8515962614732987e-29 1.4792990575870251e-29 1 0.10620510868066896 -0.26843579328240852 1.4868534452650214e-14 1.1178752109713335e-26 -1.5598117775938089e-25 15.14698498494586 
1 0.477634 -0.21590899999999999 0.46278000000000002 1 0 -1.5144439803867267e-29 0 1 0 1.5144439803867267e-29 0 1 0 0 0 0 2.3689388642515311e-27 0 
2 0.47047499092283518 -0.23357201680698009 0.47280934468103158 -0.37563124959438027 0.92676920769313675 -2.4512529332951089e-29 -0.92676920769313675 -0.37563124959438027 2.0533431902227918e-30 -7.3046967825304433e-30 2.3488757256843354e-29 1 0.42631797771135643 -0.17279251314596034 7.43543931882322e-15 -5.3659594182884981e-29 8.6079152123616425e-27 24.136884257703834 
1 0.477634 -0.21590899999999999 0.46278000000000002 1 0 -5.773423693245962e-29 0 1 0 5.773423693245962e-29 0 1 0 0 0 0 8.7464342242356163e-27 0 
2 0.4883038065621591 -0.23170100442579999 0.47280934744261227 0.55984140877300648 0.82859978096971243 -8.9490964985073994e-29 -0.82859978096971243 0.55984140877300648 -2.2104126084363404e-29 3.17852738776692e-29 8.652699907216669e-29 1 0.36014201699485004 0.2433436302522046 9.546162088105269e-15 6.1990602482235546e-27 1.211809050590275e-26 22.806028451764064 
1 0.477634 -0.21590899999999999 0.46278000000000002 1 0 6.2192847890242925e-30 0 1 0 -6.2192847890242925e-30 0 1 0 0 0 0 -2.0923415066786453e-27 0 
2 0.49608032860903578 -0.22070137060006831 0.47280934367052141 0.96786949057692995 0.25145307556352148 3.2783232742199744e-31 -0.25145307556352148 0.96786949057692995 -3.9519983972372927e-31 -4.1667312289732047e-31 3.0006742055008159e-31 1 0.059785798966346032 0.23009445260137781 1.2390394730741718e-14 2.614141805169381e-28 -3.2552163453335019e-27 12.473985905258401 
1 0.477634 -0.21590899999999999 0.46278000000000002 1 0 -1.9896365537264413e-30 0 1 0 1.9896365537264413e-30 0 1 0 0 0 0 9.1690171230177878e-27 0 
2 0.49669245111061083 -0.2160042823025729 0.47280934431306948 0.99998750236833045 0.0049995106908839399 -2.4677327123300671e-30 -0.0049995106908839399 0.99998750236833045 -5.7896095312330271e-32 2.4674124193680951e-30 7.0232827825794141e-32 1 -8.4887674330405837e-06 -0.0013520770864829629 1.3197158348767473e-28 -1.4924406417181755e-28 1.0998525814521271e-26 -0.07068106617379212 
1 0.477634 -0.21590899999999999 0.46278000000000002 1 0 7.0477397066882792e-31 0 1 0 -7.0477397066882792e-31 0 1 0 0 0 0 1.7272467234261291e-27 0 
2 0.49605302412994096 -0.22080527506678679 0.47280934340159958 0.96643660988428837 0.25690519472241852 1.7988928702917306e-30 -0.25690519472241852 0.96643660988428837 -8.4387813044003447e-31 -1.9553126025324445e-30 3.5340979641089077e-31 1 -0.061757339072916723 -0.23232217540066091 -3.0579726050734364e-15 -2.0859161775200107e-28 8.0883582647035278e-28 -12.613169393459984 
1 0.477634 -0.21590899999999999 0.46278000000000002 1 0 1.2531796759376626e-29 0 1 0 -1.2531796759376626e-29 0 1 0 0 0 0 -2.948948903180547e-28 0 
2 0.48813775136275223 -0.23181198874525533 0.47280934382784401 0.55112737410102741 0.83442112719927353 1.3241769139254872e-29 -0.83442112719927353 0.55112737410102741 1.004141766285072e-29 1.080869590745032e-30 -1.6583312080068198e-29 1 -0.3640449868760855 -0.24045242775674444 9.8649814209704135e-15 -1.9306902795864681e-28 -1.3146652311268868e-27 -22.891179962147664 
1 0.477634 -0.21590899999999999 0.46278000000000002 1 0 3.8373936337467891e-30 0 1 0 -3.8373936337467891e-30 0 1 0 0 0 0 9.5365227675967826e-27 0 
