       1 -5.654319e-19 -1.832302e-20 5.000000e-03 1.000000e+00 0.000000e+00 0.000000e+00 0.000000e+00 1.000000e+00 0.000000e+00 0.000000e+00 0.000000e+00 1.000000e+00 0.000000e+00 0.000000e+00 0.000000e+00 0.000000e+00 0.000000e+00 0.000000e+00
       2 4.400354e-03 -4.980601e-02 5.000000e-03 9.961199e-01 -8.800705e-02 0.000000e+00 8.800705e-02 9.961199e-01 0.000000e+00 0.000000e+00 0.000000e+00 1.000000e+00 0.000000e+00 0.000000e+00 0.000000e+00 0.000000e+00 0.000000e+00 0.000000e+00
       1 -5.654319e-19 -1.832302e-20 5.000000e-03 1.000000e+00 0.000000e+00 0.000000e+00 0.000000e+00 1.000000e+00 0.000000e+00 0.000000e+00 0.000000e+00 1.000000e+00 0.000000e+00 0.000000e+00 0.000000e+00 0.000000e+00 0.000000e+00 0.000000e+00
       2 4.365019e-03 -4.980910e-02 5.000000e-03 9.961820e-01 -8.730038e-02 0.000000e+00 8.730038e-02 9.961820e-01 0.000000e+00 0.000000e+00 0.000000e+00 1.000000e+00 -7.066970e-03 -6.181741e-04 0.000000e+00 0.000000e+00 0.000000e+00 -1.418791e-01
       1 -5.654319e-19 -1.832302e-20 5.000000e-03 1.000000e+00 0.000000e+00 0.000000e+00 0.000000e+00 1.000000e+00 0.000000e+00 0.000000e+00 0.000000e+00 1.000000e+00 0.000000e+00 -4.513898e-34 1.301043e-16 0.000000e+00 0.000000e+00 0.000000e+00
       2 4.264079e-03 -4.981784e-02 5.000000e-03 9.963569e-01 -8.528158e-02 -3.006089e-32 8.528158e-02 9.963569e-01 -1.530410e-36 2.995151e-32 -2.562116e-33 1.000000e+00 -1.337429e-02 -1.156923e-03 1.301043e-16 8.530011e-33 -4.509134e-30 -2.684846e-01
       1 -5.654319e-19 -1.832302e-20 5.000000e-03 1.000000e+00 0.000000e+00 0.000000e+00 0.000000e+00 1.000000e+00 0.000000e+00 0.000000e+00 0.000000e+00 1.000000e+00 0.000000e+00 -4.513898e-34 1.301043e-16 0.000000e+00 0.000000e+00 0.000000e+00
       2 4.100515e-03 -4.983158e-02 5.000000e-03 9.966315e-01 -8.201029e-02 5.022711e-33 8.201029e-02 9.966315e-01 6.613523e-34 -5.060030e-33 -2.472105e-34 1.000000e+00 -1.948766e-02 -1.622451e-03 1.301043e-16 -1.002217e-31 6.765281e-30 -3.911006e-01
       1 -5.654319e-19 -1.832302e-20 5.000000e-03 1.000000e+00 0.000000e+00 0.000000e+00 0.000000e+00 1.000000e+00 0.000000e+00 0.000000e+00 0.000000e+00 1.000000e+00 0.000000e+00 -4.513898e-34 1.301043e-16 0.000000e+00 0.000000e+00 0.000000e+00
       2 3.877178e-03 -4.984945e-02 5.000000e-03 9.969890e-01 -7.754357e-02 -5.343101e-32 7.754357e-02 9.969890e-01 1.462669e-33 5.315670e-32 -5.601496e-33 1.000000e+00 -2.532219e-02 -1.994473e-03 1.301043e-16 -8.072990e-32 -1.052286e-29 -5.080094e-01
       1 -5.654319e-19 -1.832302e-20 5.000000e-03 1.000000e+00 0.000000e+00 0.000000e+00 0.000000e+00 1.000000e+00 0.000000e+00 0.000000e+00 0.000000e+00 1.000000e+00 0.000000e+00 -4.513898e-34 1.301043e-16 0.000000e+00 0.000000e+00 0.000000e+00
       2 3.597437e-03 -4.987042e-02 5.000000e-03 9.974083e-01 -7.194873e-02 -6.131537e-32 7.194873e-02 9.974083e-01 -3.696492e-33 6.142242e-32 -7.246511e-34 1.000000e+00 -3.079445e-02 -2.251592e-03 1.301043e-16 9.011393e-31 1.742482e-30 -6.175269e-01
       1 -5.654319e-19 -1.832302e-20 5.000000e-03 1.000000e+00 0.000000e+00 0.000000e+00 0.000000e+00 1.000000e+00 0.000000e+00 0.000000e+00 0.000000e+00 1.000000e+00 0.000000e+00 -4.513898e-34 1.301043e-16 0.000000e+00 0.000000e+00 0.000000e+00
       2 3.265356e-03 -4.989326e-02 5.000000e-03 9.978652e-01 -6.530713e-02 4.979861e-37 6.530713e-02 9.978652e-01 -2.548088e-35 1.167160e-36 2.545901e-35 1.000000e+00 -3.582496e-02 -2.378218e-03 1.301043e-16 -8.780087e-31 9.592871e-30 -7.180649e-01
       1 -5.654319e-19 -1.832302e-20 5.000000e-03 1.000000e+00 0.000000e+00 0.000000e+00 0.000000e+00 1.000000e+00 0.000000e+00 0.000000e+00 0.000000e+00 1.000000e+00 0.000000e+00 -4.513898e-34 1.301043e-16 0.000000e+00 0.000000e+00 0.000000e+00
       2 2.885732e-03 -4.991666e-02 5.000000e-03 9.983331e-01 -5.771464e-02 1.144853e-36 5.771464e-02 9.983331e-01 1.165858e-35 -1.815816e-36 -1.157307e-35 1.000000e+00 -4.033963e-02 -2.367173e-03 1.301043e-16 1.965974e-31 -3.071003e-30 -8.081624e-01
       1 -5.654319e-19 -1.832302e-20 5.000000e-03 1.000000e+00 0.000000e+00 0.000000e+00 0.000000e+00 1.000000e+00 0.000000e+00 0.000000e+00 0.000000e+00 1.000000e+00 0.000000e+00 -4.513898e-34 1.301043e-16 0.000000e+00 0.000000e+00 0.000000e+00
       2 2.464050e-03 -4.993925e-02 5.000000e-03 9.987850e-01 -4.928099e-02 -2.262947e-36 4.928099e-02 9.987850e-01 2.124479e-35 1.213234e-36 -2.133049e-35 1.000000e+00 -4.427112e-02 -2.219021e-03 1.301043e-16 6.966805e-32 6.484545e-33 -8.865081e-01
       1 -5.654319e-19 -1.832302e-20 5.000000e-03 1.000000e+00 0.000000e+00 0.000000e+00 0.000000e+00 1.000000e+00 0.000000e+00 0.000000e+00 0.000000e+00 1.000000e+00 0.000000e+00 -4.513898e-34 1.301043e-16 0.000000e+00 0.000000e+00 0.000000e+00
       2 2.006422e-03 -4.995973e-02 5.000000e-03 9.991945e-01 -4.012843e-02 1.444204e-36 4.012843e-02 9.991945e-01 -1.564600e-35 -8.151912e-37 1.569135e-35 1.000000e+00 -4.756013e-02 -1.942294e-03 1.301043e-16 -4.258942e-32 -3.523112e-33 -9.519611e-01
       1 -5.654319e-19 -1.832302e-20 5.000000e-03 1.000000e+00 0.000000e+00 0.000000e+00 0.000000e+00 1.000000e+00 0.000000e+00 0.000000e+00 0.000000e+00 1.000000e+00 0.000000e+00 -4.513898e-34 1.301043e-16 0.000000e+00 0.000000e+00 0.000000e+00
       2 1.519502e-03 -4.997691e-02 5.000000e-03 9.995381e-01 -3.039004e-02 -3.630127e-38 3.039004e-02 9.995381e-01 -1.288841e-39 3.632367e-38 1.850486e-40 1.000000e+00 -5.015649e-02 -1.553000e-03 1.301043e-16 -4.196780e-33 -2.746992e-34 -1.003568e+00
       1 -5.654319e-19 -1.832302e-20 5.000000e-03 1.000000e+00 0.000000e+00 0.000000e+00 0.000000e+00 1.000000e+00 0.000000e+00 0.000000e+00 0.000000e+00 1.000000e+00 0.000000e+00 -4.513898e-34 1.301043e-16 0.000000e+00 0.000000e+00 0.000000e+00
       2 1.010394e-03 -4.998979e-02 5.000000e-03 9.997958e-01 -2.020788e-02 -2.763501e-37 2.020788e-02 9.997958e-01 -1.938147e-38 2.766854e-37 1.379306e-38 1.000000e+00 -5.202024e-02 -1.073708e-03 1.301043e-16 7.345663e-34 8.238985e-34 -1.040576e+00
       1 -5.654319e-19 -1.832302e-20 5.000000e-03 1.000000e+00 0.000000e+00 0.000000e+00 0.000000e+00 1.000000e+00 0.000000e+00 0.000000e+00 0.000000e+00 1.000000e+00 0.000000e+00 -4.513898e-34 1.301043e-16 0.000000e+00 0.000000e+00 0.000000e+00
       2 4.865413e-04 -4.999764e-02 5.000000e-03 9.999527e-01 -9.730826e-03 -1.931936e-38 9.730826e-03 9.999527e-01 7.197511e-39 1.924841e-38 -7.385163e-39 1.000000e+00 -5.312252e-02 -5.322334e-04 1.301043e-16 1.565333e-35 1.039477e-34 -1.062447e+00
       1 -5.654319e-19 -1.832302e-20 5.000000e-03 1.000000e+00 0.000000e+00 0.000000e+00 0.000000e+00 1.000000e+00 0.000000e+00 0.000000e+00 0.000000e+00 1.000000e+00 0.000000e+00 -4.513896e-34 1.301042e-16 0.000000e+00 0.000000e+00 0.000000e+00
       2 -4.438428e-05 -4.999998e-02 5.000000e-03 9.999996e-01 8.876855e-04 5.483235e-39 -8.876855e-04 9.999996e-01 6.108961e-39 -5.477810e-39 -6.113826e-39 1.000000e+00 -5.344620e-02 3.997475e-05 1.301043e-16 1.771991e-35 -2.303916e-35 -1.068863e+00
       1 -5.654319e-19 -1.832302e-20 5.000000e-03 1.000000e+00 0.000000e+00 0.000000e+00 0.000000e+00 1.000000e+00 0.000000e+00 0.000000e+00 0.000000e+00 1.000000e+00 0.000000e+00 -4.513883e-34 1.301038e-16 0.000000e+00 0.000000e+00 0.000000e+00
       2 -5.746014e-04 -4.999670e-02 5.000000e-03 9.999340e-01 1.149203e-02 -1.256097e-39 -1.149203e-02 9.999340e-01 5.937773e-40 1.262838e-39 -5.793030e-40 1.000000e+00 -5.298629e-02 6.096777e-04 1.301042e-16 1.835870e-36 -3.044682e-36 -1.059734e+00
       1 -5.654319e-19 -1.832302e-20 5.000000e-03 1.000000e+00 0.000000e+00 0.000000e+00 0.000000e+00 1.000000e+00 0.000000e+00 0.000000e+00 0.000000e+00 1.000000e+00 0.000000e+00 -4.513763e-34 1.301004e-16 0.000000e+00 0.000000e+00 0.000000e+00
       2 -1.096341e-03 -4.998798e-02 5.000000e-03 9.997596e-01 2.192682e-02 3.447648e-38 -2.192682e-02 9.997596e-01 -3.925171e-39 -3.455426e-38 3.168268e-39 1.000000e+00 -5.175007e-02 1.143791e-03 1.301042e-16 -9.099419e-38 5.376247e-36 -1.035193e+00
       1 -5.654319e-19 -1.832302e-20 5.000000e-03 1.000000e+00 0.000000e+00 0.000000e+00 0.000000e+00 1.000000e+00 0.000000e+00 0.000000e+00 0.000000e+00 1.000000e+00 0.000000e+00 -4.512740e-34 1.300709e-16 0.000000e+00 0.000000e+00 0.000000e+00
       2 -1.601967e-03 -4.997433e-02 5.000000e-03 9.994866e-01 3.203933e-02 1.753144e-37 -3.203933e-02 9.994866e-01 -2.565971e-38 -1.760465e-37 2.002958e-38 1.000000e+00 -4.975691e-02 1.611320e-03 1.301034e-16 2.792929e-36 1.935703e-35 -9.956025e-01
       1 -5.654319e-19 -1.832302e-20 5.000000e-03 1.000000e+00 0.000000e+00 0.000000e+00 0.000000e+00 1.000000e+00 0.000000e+00 0.000000e+00 0.000000e+00 1.000000e+00 0.000000e+00 -4.503956e-34 1.298177e-16 0.000000e+00 0.000000e+00 0.000000e+00
       2 -2.084094e-03 -4.995655e-02 5.000000e-03 9.991309e-01 4.168188e-02 3.061838e-37 -4.168188e-02 9.991309e-01 -1.385957e-38 -3.064954e-37 1.085210e-39 1.000000e+00 -4.703782e-02 1.985169e-03 1.300965e-16 -3.155448e-36 1.261725e-35 -9.415423e-01
       1 -5.654319e-19 -1.832302e-20 5.000000e-03 1.000000e+00 0.000000e+00 0.000000e+00 0.000000e+00 1.000000e+00 0.000000e+00 0.000000e+00 0.000000e+00 1.000000e+00 0.000000e+00 -4.428563e-34 1.276447e-16 0.000000e+00 0.000000e+00 0.000000e+00
       2 -2.535701e-03 -4.993566e-02 5.000000e-03 9.987132e-01 5.071403e-02 6.185801e-37 -5.071403e-02 9.987132e-01 -5.200230e-38 -6.204214e-37 2.056470e-38 1.000000e+00 -4.363472e-02 2.243720e-03 1.300376e-16 5.838386e-36 4.033999e-35 -8.738034e-01
       1 -5.654319e-19 -1.832302e-20 5.000000e-03 1.000000e+00 0.000000e+00 0.000000e+00 0.000000e+00 1.000000e+00 0.000000e+00 0.000000e+00 0.000000e+00 1.000000e+00 0.000000e+00 -3.781505e-34 1.089945e-16 0.000000e+00 0.000000e+00 0.000000e+00
       2 -2.950234e-03 -4.991289e-02 5.000000e-03 9.982577e-01 5.900468e-02 -1.168564e-34 -5.900468e-02 9.982577e-01 2.570238e-35 1.181694e-34 -1.876253e-35 1.000000e+00 -3.959956e-02 2.372075e-03 1.295319e-16 -3.769211e-33 -1.765792e-32 -7.933753e-01
       1 -5.654319e-19 -1.832302e-20 5.000000e-03 1.000000e+00 0.000000e+00 0.000000e+00 0.000000e+00 1.000000e+00 0.000000e+00 0.000000e+00 0.000000e+00 1.000000e+00 0.000000e+00 -2.741978e-34 7.903213e-17 0.000000e+00 0.000000e+00 0.000000e+00
       2 -3.321700e-03 -4.988954e-02 5.000000e-03 9.977908e-01 6.643400e-02 -1.559715e-34 -6.643400e-02 9.977908e-01 3.207418e-35 1.577578e-34 -2.164151e-35 1.000000e+00 -3.499324e-02 2.362906e-03 1.251919e-16 4.738553e-34 -2.396383e-35 -7.014314e-01
       1 -5.654319e-19 -1.832302e-20 5.000000e-03 1.000000e+00 0.000000e+00 0.000000e+00 0.000000e+00 1.000000e+00 0.000000e+00 0.000000e+00 0.000000e+00 1.000000e+00 0.000000e+00 -4.732162e-34 1.363953e-16 0.000000e+00 0.000000e+00 0.000000e+00
       2 -3.644752e-03 -4.986698e-02 5.000000e-03 9.973396e-01 7.289503e-02 -4.435187e-34 -7.289503e-02 9.973396e-01 9.494498e-35 4.492598e-34 -6.236208e-35 1.000000e+00 -2.988441e-02 2.216862e-03 8.794368e-17 -8.912366e-33 -4.121772e-32 -5.993115e-01
       1 -5.654319e-19 -1.832302e-20 5.000000e-03 1.000000e+00 0.000000e+00 0.000000e+00 0.000000e+00 1.000000e+00 0.000000e+00 0.000000e+00 0.000000e+00 1.000000e+00 0.000000e+00 -6.428202e-34 1.852803e-16 0.000000e+00 0.000000e+00 0.000000e+00
       2 -3.914758e-03 -4.984651e-02 5.000000e-03 9.969302e-01 7.829515e-02 2.964276e-32 -7.829515e-02 9.969302e-01 -4.855186e-33 -2.993190e-32 2.519398e-33 1.000000e+00 -2.434833e-02 1.942510e-03 1.585706e-16 7.306511e-31 4.529772e-30 -4.885017e-01
       1 -5.654319e-19 -1.832302e-20 5.000000e-03 1.000000e+00 0.000000e+00 0.000000e+00 0.000000e+00 1.000000e+00 0.000000e+00 0.000000e+00 0.000000e+00 1.000000e+00 0.000000e+00 -2.864055e-34 8.255077e-17 0.000000e+00 0.000000e+00 0.000000e+00
       2 -4.127863e-03 -4.982932e-02 5.000000e-03 9.965863e-01 8.255727e-02 -1.349465e-32 -8.255727e-02 9.965863e-01 2.216429e-33 1.363157e-32 -1.094781e-33 1.000000e+00 -1.846558e-02 1.555815e-03 1.470324e-16 -1.307842e-30 -7.974908e-30 -3.706131e-01
       1 -5.654319e-19 -1.832302e-20 5.000000e-03 1.000000e+00 0.000000e+00 0.000000e+00 0.000000e+00 1.000000e+00 0.000000e+00 0.000000e+00 0.000000e+00 1.000000e+00 0.000000e+00 -5.400570e-34 1.556608e-16 0.000000e+00 0.000000e+00 0.000000e+00
       2 -4.281038e-03 -4.981639e-02 5.000000e-03 9.963278e-01 8.562076e-02 -1.739156e-32 -8.562076e-02 9.963278e-01 5.609772e-33 1.780800e-32 -4.100094e-33 1.000000e+00 -1.232091e-02 1.079207e-03 1.476525e-16 -1.363938e-31 1.568397e-30 -2.473584e-01
       1 -5.654319e-19 -1.832302e-20 5.000000e-03 1.000000e+00 0.000000e+00 0.000000e+00 0.000000e+00 1.000000e+00 0.000000e+00 0.000000e+00 0.000000e+00 1.000000e+00 0.000000e+00 -3.358059e-34 9.678947e-17 0.000000e+00 0.000000e+00 0.000000e+00
       2 -4.372110e-03 -4.980848e-02 5.000000e-03 9.961696e-01 8.744221e-02 1.080285e-32 -8.744221e-02 9.961696e-01 -3.261128e-33 -1.104663e-32 2.304011e-33 1.000000e+00 -6.002127e-03 5.402755e-04 9.492205e-17 1.489984e-30 4.425657e-30 -1.205266e-01
       1 -5.654319e-19 -1.832302e-20 5.000000e-03 1.000000e+00 0.000000e+00 0.000000e+00 0.000000e+00 1.000000e+00 0.000000e+00 0.000000e+00 0.000000e+00 1.000000e+00 0.000000e+00 -4.214447e-34 1.214732e-16 0.000000e+00 0.000000e+00 0.000000e+00
       2 -4.399795e-03 -4.980604e-02 5.000000e-03 9.961208e-01 8.799589e-02 -7.145684e-33 -8.799589e-02 9.961208e-01 1.466456e-33 7.247007e-33 -8.319763e-34 1.000000e+00 4.010056e-04 -2.981740e-05 6.649193e-17 -1.154504e-30 -4.101490e-30 8.041606e-03
       1 -5.654319e-19 -1.832302e-20 5.000000e-03 1.000000e+00 0.000000e+00 0.000000e+00 0.000000e+00 1.000000e+00 0.000000e+00 0.000000e+00 0.000000e+00 1.000000e+00 0.000000e+00 -5.366886e-34 1.546900e-16 0.000000e+00 0.000000e+00 0.000000e+00
       2 -4.363704e-03 -4.980922e-02 5.000000e-03 9.961843e-01 8.727408e-02 2.916098e-32 -8.727408e-02 9.961843e-01 -3.138807e-33 -2.932365e-32 5.818324e-34 1.000000e+00 6.797796e-03 -5.981301e-04 9.581587e-17 9.263788e-31 6.344706e-30 1.364812e-01
       1 -5.654319e-19 -1.832302e-20 5.000000e-03 1.000000e+00 0.000000e+00 0.000000e+00 0.000000e+00 1.000000e+00 0.000000e+00 0.000000e+00 0.000000e+00 1.000000e+00 0.000000e+00 -5.326644e-34 1.535301e-16 0.000000e+00 0.000000e+00 0.000000e+00
       2 -4.264356e-03 -4.981782e-02 5.000000e-03 9.963564e-01 8.528712e-02 -2.459193e-33 -8.528712e-02 9.963564e-01 -2.099268e-34 2.432329e-33 4.188994e-34 1.000000e+00 1.309763e-02 -1.131829e-03 1.882568e-16 -6.576769e-31 -6.561920e-30 2.629287e-01
       1 -5.654319e-19 -1.832302e-20 5.000000e-03 1.000000e+00 0.000000e+00 0.000000e+00 0.000000e+00 1.000000e+00 0.000000e+00 0.000000e+00 0.000000e+00 1.000000e+00 0.000000e+00 -6.253010e-34 1.802307e-16 0.000000e+00 0.000000e+00 0.000000e+00
       2 -4.103167e-03 -4.983136e-02 5.000000e-03 9.966271e-01 8.206334e-02 1.136855e-32 -8.206334e-02 9.966271e-01 -4.628756e-33 -1.171005e-32 3.680202e-33 1.000000e+00 1.921099e-02 -1.600072e-03 1.636739e-16 7.895415e-31 3.657104e-30 3.855493e-01
       1 -5.654319e-19 -1.832302e-20 5.000000e-03 1.000000e+00 0.000000e+00 0.000000e+00 0.000000e+00 1.000000e+00 0.000000e+00 0.000000e+00 0.000000e+00 1.000000e+00 0.000000e+00 -4.434927e-34 1.278281e-16 0.000000e+00 0.000000e+00 0.000000e+00
       2 -3.882434e-03 -4.984904e-02 5.000000e-03 9.969808e-01 7.764868e-02 3.206577e-32 -7.764868e-02 9.969808e-01 -4.666550e-33 -3.233131e-32 2.162596e-33 1.000000e+00 2.505049e-02 -1.975778e-03 1.690072e-16 -1.637918e-31 2.406790e-30 5.025629e-01
       1 -5.654319e-19 -1.832302e-20 5.000000e-03 1.000000e+00 0.000000e+00 0.000000e+00 0.000000e+00 1.000000e+00 0.000000e+00 0.000000e+00 0.000000e+00 1.000000e+00 0.000000e+00 -3.549891e-34 1.023186e-16 0.000000e+00 0.000000e+00 0.000000e+00
       2 -3.605310e-03 -4.986985e-02 5.000000e-03 9.973970e-01 7.210620e-02 3.569510e-33 -7.210620e-02 9.973970e-01 -8.764365e-34 -3.623415e-33 6.167713e-34 1.000000e+00 3.053194e-02 -2.237189e-03 8.875902e-17 -5.915724e-31 -5.304980e-30 6.122698e-01
       1 -5.654319e-19 -1.832302e-20 5.000000e-03 1.000000e+00 0.000000e+00 0.000000e+00 0.000000e+00 1.000000e+00 0.000000e+00 0.000000e+00 0.000000e+00 1.000000e+00 0.000000e+00 -5.434782e-34 1.566469e-16 0.000000e+00 0.000000e+00 0.000000e+00
       2 -3.275765e-03 -4.989258e-02 5.000000e-03 9.978516e-01 6.551531e-02 -1.254516e-33 -6.551531e-02 9.978516e-01 3.448303e-34 1.274412e-33 -2.618995e-34 1.000000e+00 3.557552e-02 -2.369135e-03 1.239613e-16 -8.831233e-33 6.992613e-31 7.130753e-01
       1 -5.654319e-19 -1.832302e-20 5.000000e-03 1.000000e+00 0.000000e+00 0.000000e+00 0.000000e+00 1.000000e+00 0.000000e+00 0.000000e+00 0.000000e+00 1.000000e+00 0.000000e+00 -2.547034e-34 7.341326e-17 0.000000e+00 0.000000e+00 0.000000e+00
       2 -2.898537e-03 -4.991592e-02 5.000000e-03 9.983183e-01 5.797075e-02 1.659177e-32 -5.797075e-02 9.983183e-01 -2.873459e-33 -1.673045e-32 1.906789e-33 1.000000e+00 4.010694e-02 -2.363919e-03 1.344426e-16 5.970142e-31 2.912363e-30 8.035132e-01
       1 -5.654319e-19 -1.832302e-20 5.000000e-03 1.000000e+00 0.000000e+00 0.000000e+00 0.000000e+00 1.000000e+00 0.000000e+00 0.000000e+00 0.000000e+00 1.000000e+00 0.000000e+00 -2.411199e-34 6.949809e-17 0.000000e+00 0.000000e+00 0.000000e+00
       2 -2.479071e-03 -4.993851e-02 5.000000e-03 9.987701e-01 4.958141e-02 -1.777906e-33 -4.958141e-02 9.987701e-01 7.647405e-34 1.813637e-33 -6.756489e-34 1.000000e+00 4.405864e-02 -2.221783e-03 1.340957e-16 -7.200729e-31 -3.645583e-30 8.822671e-01
       1 -5.654319e-19 -1.832302e-20 5.000000e-03 1.000000e+00 0.000000e+00 0.000000e+00 0.000000e+00 1.000000e+00 0.000000e+00 0.000000e+00 0.000000e+00 1.000000e+00 0.000000e+00 -4.941374e-34 1.424254e-16 0.000000e+00 0.000000e+00 0.000000e+00
       2 -2.023441e-03 -4.995904e-02 5.000000e-03 9.991808e-01 4.046883e-02 4.193120e-32 -4.046883e-02 9.991808e-01 -5.672198e-33 -4.212639e-32 3.970645e-33 1.000000e+00 4.737104e-02 -1.950912e-03 1.837272e-16 1.159552e-30 7.474583e-30 9.481899e-01
       1 -5.654319e-19 -1.832302e-20 5.000000e-03 1.000000e+00 0.000000e+00 0.000000e+00 0.000000e+00 1.000000e+00 0.000000e+00 0.000000e+00 0.000000e+00 1.000000e+00 0.000000e+00 -6.448006e-34 1.858511e-16 0.000000e+00 0.000000e+00 0.000000e+00
       2 -1.538274e-03 -4.997633e-02 5.000000e-03 9.995266e-01 3.076548e-02 8.823778e-34 -3.076548e-02 9.995266e-01 -9.192957e-35 -8.847883e-34 6.473928e-35 1.000000e+00 4.999363e-02 -1.566976e-03 1.887322e-16 -1.109766e-30 -8.351390e-30 1.000321e+00
       1 -5.654319e-19 -1.832302e-20 5.000000e-03 1.000000e+00 0.000000e+00 0.000000e+00 0.000000e+00 1.000000e+00 0.000000e+00 0.000000e+00 0.000000e+00 1.000000e+00 0.000000e+00 -4.068549e-34 1.172679e-16 0.000000e+00 0.000000e+00 0.000000e+00
       2 -1.030644e-03 -4.998938e-02 5.000000e-03 9.997875e-01 2.061289e-02 -6.107287e-32 -2.061289e-02 9.997875e-01 4.752237e-33 6.115785e-32 -3.492339e-33 1.000000e+00 5.188609e-02 -1.092230e-03 8.661703e-17 -5.945274e-31 -7.224059e-30 1.037902e+00
       1 -5.654319e-19 -1.832302e-20 5.000000e-03 1.000000e+00 0.000000e+00 0.000000e+00 0.000000e+00 1.000000e+00 0.000000e+00 0.000000e+00 0.000000e+00 1.000000e+00 0.000000e+00 -6.107744e-34 1.760437e-16 0.000000e+00 0.000000e+00 0.000000e+00
       2 -5.079739e-04 -4.999742e-02 5.000000e-03 9.999484e-01 1.015948e-02 2.129452e-32 -1.015948e-02 9.999484e-01 -4.210907e-33 -2.133620e-32 3.994348e-33 1.000000e+00 5.301910e-02 -5.542265e-04 7.534615e-17 1.680641e-30 1.543657e-29 1.060384e+00
       1 -5.654319e-19 -1.832302e-20 5.000000e-03 1.000000e+00 0.000000e+00 0.000000e+00 0.000000e+00 1.000000e+00 0.000000e+00 0.000000e+00 0.000000e+00 1.000000e+00 0.000000e+00 -6.010116e-34 1.732298e-16 0.000000e+00 0.000000e+00 0.000000e+00
       2 2.208334e-05 -5.000000e-02 5.000000e-03 9.999999e-01 -4.416668e-04 -1.485821e-31 4.416668e-04 9.999999e-01 1.013153e-32 1.485776e-31 -1.019715e-32 1.000000e+00 5.337506e-02 1.578884e-05 1.251246e-16 -2.694373e-30 -2.959000e-29 1.067441e+00
       1 -5.654319e-19 -1.832302e-20 5.000000e-03 1.000000e+00 0.000000e+00 0.000000e+00 0.000000e+00 1.000000e+00 0.000000e+00 0.000000e+00 0.000000e+00 1.000000e+00 0.000000e+00 -6.397276e-34 1.843889e-16 0.000000e+00 0.000000e+00 0.000000e+00
       2 5.517591e-04 -4.999696e-02 5.000000e-03 9.999391e-01 -1.103518e-02 -3.013473e-32 1.103518e-02 9.999391e-01 7.800478e-33 3.004681e-32 -8.132545e-33 1.000000e+00 5.294850e-02 5.847044e-04 7.668462e-17 8.234706e-31 2.628711e-29 1.058973e+00
       1 -5.654319e-19 -1.832302e-20 5.000000e-03 1.000000e+00 0.000000e+00 0.000000e+00 0.000000e+00 1.000000e+00 0.000000e+00 0.000000e+00 0.000000e+00 1.000000e+00 0.000000e+00 -4.492515e-34 1.294879e-16 0.000000e+00 0.000000e+00 0.000000e+00
       2 1.073292e-03 -4.998848e-02 5.000000e-03 9.997696e-01 -2.146584e-02 -1.135012e-32 2.146584e-02 9.997696e-01 1.476323e-33 1.131582e-32 -1.719623e-33 1.000000e+00 5.174615e-02 1.119481e-03 6.816140e-17 1.137753e-30 -3.126763e-30 1.035104e+00
       1 -5.654319e-19 -1.832302e-20 5.000000e-03 1.000000e+00 0.000000e+00 0.000000e+00 0.000000e+00 1.000000e+00 0.000000e+00 0.000000e+00 0.000000e+00 1.000000e+00 0.000000e+00 -4.731919e-34 1.363883e-16 0.000000e+00 0.000000e+00 0.000000e+00
       2 1.579049e-03 -4.997506e-02 5.000000e-03 9.995012e-01 -3.158097e-02 -4.916744e-32 3.158097e-02 9.995012e-01 4.982460e-35 4.914134e-32 -1.602555e-33 1.000000e+00 4.978687e-02 1.589084e-03 1.480888e-16 -4.245473e-31 -6.599373e-30 9.961872e-01
       1 -5.654319e-19 -1.832302e-20 5.000000e-03 1.000000e+00 0.000000e+00 0.000000e+00 0.000000e+00 1.000000e+00 0.000000e+00 0.000000e+00 0.000000e+00 1.000000e+00 0.000000e+00 -6.151144e-34 1.772947e-16 0.000000e+00 0.000000e+00 0.000000e+00
       2 2.061642e-03 -4.995748e-02 5.000000e-03 9.991496e-01 -4.123284e-02 2.587590e-32 4.123284e-02 9.991496e-01 -1.231268e-33 -2.580312e-32 2.297157e-33 1.000000e+00 4.710114e-02 1.966296e-03 9.437030e-17 2.074439e-31 1.314950e-29 9.427917e-01
       1 -5.654319e-19 -1.832302e-20 5.000000e-03 1.000000e+00 0.000000e+00 0.000000e+00 0.000000e+00 1.000000e+00 0.000000e+00 0.000000e+00 0.000000e+00 1.000000e+00 0.000000e+00 -5.160273e-34 1.487347e-16 0.000000e+00 0.000000e+00 0.000000e+00
       2 2.514042e-03 -4.993676e-02 5.000000e-03 9.987351e-01 -5.028084e-02 2.219667e-32 5.028084e-02 9.987351e-01 8.889089e-35 -2.217306e-32 1.027289e-33 1.000000e+00 4.373037e-02 2.229302e-03 1.943636e-16 -1.671420e-31 -4.308352e-30 8.756990e-01
       1 -5.654319e-19 -1.832302e-20 5.000000e-03 1.000000e+00 0.000000e+00 0.000000e+00 0.000000e+00 1.000000e+00 0.000000e+00 0.000000e+00 0.000000e+00 1.000000e+00 0.000000e+00 -4.329428e-34 1.247873e-16 0.000000e+00 0.000000e+00 0.000000e+00
       2 2.929683e-03 -4.991410e-02 5.000000e-03 9.982819e-01 -5.859365e-02 -1.202045e-32 5.859365e-02 9.982819e-01 -1.497499e-33 1.208754e-32 7.906039e-34 1.000000e+00 3.972604e-02 2.362943e-03 7.519677e-17 1.976396e-31 -4.948420e-30 7.958893e-01
       1 -5.654319e-19 -1.832302e-20 5.000000e-03 1.000000e+00 0.000000e+00 0.000000e+00 0.000000e+00 1.000000e+00 0.000000e+00 0.000000e+00 0.000000e+00 1.000000e+00 0.000000e+00 -6.270012e-34 1.807208e-16 0.000000e+00 0.000000e+00 0.000000e+00
       2 3.302553e-03 -4.989082e-02 5.000000e-03 9.978162e-01 -6.605106e-02 2.338967e-32 6.605106e-02 9.978162e-01 1.989252e-33 -2.346998e-32 -4.399958e-34 1.000000e+00 3.514861e-02 2.359584e-03 1.422456e-16 -5.470103e-31 7.021018e-30 7.045271e-01
       1 -5.654319e-19 -1.832302e-20 5.000000e-03 1.000000e+00 0.000000e+00 0.000000e+00 0.000000e+00 1.000000e+00 0.000000e+00 0.000000e+00 0.000000e+00 1.000000e+00 0.000000e+00 -4.098765e-34 1.181389e-16 0.000000e+00 0.000000e+00 0.000000e+00
       2 3.627286e-03 -4.986826e-02 5.000000e-03 9.973651e-01 -7.254571e-02 -3.852061e-32 7.254571e-02 9.973651e-01 -2.956454e-33 3.863359e-32 1.541583e-34 1.000000e+00 3.006633e-02 2.219539e-03 8.280154e-17 9.222913e-31 -1.105616e-29 6.029437e-01
       1 -5.654319e-19 -1.832302e-20 5.000000e-03 1.000000e+00 0.000000e+00 0.000000e+00 0.000000e+00 1.000000e+00 0.000000e+00 0.000000e+00 0.000000e+00 1.000000e+00 0.000000e+00 -5.459501e-34 1.573594e-16 0.000000e+00 0.000000e+00 0.000000e+00
       2 3.899224e-03 -4.984773e-02 5.000000e-03 9.969546e-01 -7.798448e-02 2.023998e-32 7.798448e-02 9.969546e-01 -1.371486e-33 -2.007138e-32 2.945714e-33 1.000000e+00 2.455410e-02 1.951024e-03 7.259756e-17 -5.212230e-31 1.190536e-29 4.926174e-01
       1 -5.654319e-19 -1.832302e-20 5.000000e-03 1.000000e+00 0.000000e+00 0.000000e+00 0.000000e+00 1.000000e+00 0.000000e+00 0.000000e+00 0.000000e+00 1.000000e+00 0.000000e+00 -5.489150e-34 1.582140e-16 0.000000e+00 0.000000e+00 0.000000e+00
       2 4.114485e-03 -4.983042e-02 5.000000e-03 9.966085e-01 -8.228969e-02 1.679827e-32 8.228969e-02 9.966085e-01 1.034848e-33 -1.682645e-32 3.509858e-34 1.000000e+00 1.869219e-02 1.569670e-03 8.405836e-17 -2.269737e-31 -3.450105e-30 3.751525e-01
       1 -5.654319e-19 -1.832302e-20 5.000000e-03 1.000000e+00 0.000000e+00 0.000000e+00 0.000000e+00 1.000000e+00 0.000000e+00 0.000000e+00 0.000000e+00 1.000000e+00 0.000000e+00 -3.502229e-34 1.009449e-16 0.000000e+00 0.000000e+00 0.000000e+00
       2 4.270006e-03 -4.981734e-02 5.000000e-03 9.963467e-01 -8.540011e-02 7.994498e-33 8.540011e-02 9.963467e-01 -3.008730e-35 -7.962723e-33 7.127084e-34 1.000000e+00 1.256509e-02 1.097599e-03 1.247249e-16 2.511558e-31 -1.149756e-30 2.522554e-01
       1 -5.654319e-19 -1.832302e-20 5.000000e-03 1.000000e+00 0.000000e+00 0.000000e+00 0.000000e+00 1.000000e+00 0.000000e+00 0.000000e+00 0.000000e+00 1.000000e+00 0.000000e+00 -5.810704e-34 1.674821e-16 0.000000e+00 0.000000e+00 0.000000e+00
       2 4.363582e-03 -4.980923e-02 5.000000e-03 9.961846e-01 -8.727163e-02 1.935334e-32 8.727163e-02 9.961846e-01 -9.102040e-34 -1.920006e-32 2.595729e-33 1.000000e+00 6.260390e-03 5.621392e-04 1.170482e-16 8.710607e-32 2.143616e-30 1.257103e-01
       1 -5.654319e-19 -1.832302e-20 5.000000e-03 1.000000e+00 0.000000e+00 0.000000e+00 0.000000e+00 1.000000e+00 0.000000e+00 0.000000e+00 0.000000e+00 1.000000e+00 0.000000e+00 -5.316101e-34 1.532262e-16 0.000000e+00 0.000000e+00 0.000000e+00
       2 4.393892e-03 -4.980656e-02 5.000000e-03 9.961313e-01 -8.787783e-02 -6.743580e-33 8.787783e-02 9.961313e-01 -4.578013e-34 6.757721e-33 -1.365810e-34 1.000000e+00 -1.323327e-04 -5.745878e-06 1.288627e-16 -1.113863e-31 -4.482536e-30 -2.646658e-03
       1 -5.654319e-19 -1.832302e-20 5.000000e-03 1.000000e+00 0.000000e+00 0.000000e+00 0.000000e+00 1.000000e+00 0.000000e+00 0.000000e+00 0.000000e+00 1.000000e+00 0.000000e+00 -3.873850e-34 1.116561e-16 0.000000e+00 0.000000e+00 0.000000e+00
       2 4.360511e-03 -4.980950e-02 5.000000e-03 9.961899e-01 -8.721023e-02 -3.438824e-32 8.721023e-02 9.961899e-01 -7.889363e-34 3.432602e-32 -2.213076e-33 1.000000e+00 -6.522518e-03 -5.732417e-04 1.849956e-16 7.888299e-32 -2.841775e-30 -1.309532e-01
       1 -5.654319e-19 -1.832302e-20 5.000000e-03 1.000000e+00 0.000000e+00 0.000000e+00 0.000000e+00 1.000000e+00 0.000000e+00 0.000000e+00 0.000000e+00 1.000000e+00 0.000000e+00 -3.404525e-34 9.812874e-17 0.000000e+00 0.000000e+00 0.000000e+00
       2 4.263920e-03 -4.981786e-02 5.000000e-03 9.963572e-01 -8.527841e-02 2.687692e-32 8.527841e-02 9.963572e-01 1.562926e-33 -2.691230e-32 7.347891e-34 1.000000e+00 -1.281965e-02 -1.107562e-03 1.727148e-16 -3.858813e-31 1.057194e-29 -2.573479e-01
       1 -5.654319e-19 -1.832302e-20 5.000000e-03 1.000000e+00 0.000000e+00 0.000000e+00 0.000000e+00 1.000000e+00 0.000000e+00 0.000000e+00 0.000000e+00 1.000000e+00 0.000000e+00 -5.980363e-34 1.723722e-16 0.000000e+00 0.000000e+00 0.000000e+00
       2 4.105495e-03 -4.983116e-02 5.000000e-03 9.966233e-01 -8.210990e-02 -3.384583e-32 8.210990e-02 9.966233e-01 -1.619652e-33 3.386453e-32 -1.164895e-33 1.000000e+00 -1.893425e-02 -1.577828e-03 9.492376e-17 6.001611e-31 -1.217131e-29 -3.799966e-01
       1 -5.654319e-19 -1.832302e-20 5.000000e-03 1.000000e+00 0.000000e+00 0.000000e+00 0.000000e+00 1.000000e+00 0.000000e+00 0.000000e+00 0.000000e+00 1.000000e+00 0.000000e+00 -6.184848e-34 1.782661e-16 0.000000e+00 0.000000e+00 0.000000e+00
       2 3.887494e-03 -4.984865e-02 5.000000e-03 9.969729e-01 -7.774988e-02 1.467421e-32 7.774988e-02 9.969729e-01 2.679500e-33 -1.483812e-32 -1.530470e-33 1.000000e+00 -2.477893e-02 -1.956843e-03 1.918170e-16 -7.583407e-31 1.031432e-29 -4.971190e-01
       1 -5.654319e-19 -1.832302e-20 5.000000e-03 1.000000e+00 0.000000e+00 0.000000e+00 0.000000e+00 1.000000e+00 0.000000e+00 0.000000e+00 0.000000e+00 1.000000e+00 0.000000e+00 -2.644324e-34 7.621745e-17 0.000000e+00 0.000000e+00 0.000000e+00
       2 3.613030e-03 -4.986929e-02 5.000000e-03 9.973858e-01 -7.226060e-02 -3.243986e-32 7.226060e-02 9.973858e-01 -1.191572e-33 3.244116e-32 -1.155666e-33 1.000000e+00 -3.026948e-02 -2.222660e-03 1.876951e-16 7.348841e-31 -9.496341e-30 -6.070136e-01
       1 -5.654319e-19 -1.832302e-20 5.000000e-03 1.000000e+00 0.000000e+00 0.000000e+00 0.000000e+00 1.000000e+00 0.000000e+00 0.000000e+00 0.000000e+00 1.000000e+00 0.000000e+00 -2.425947e-34 6.992317e-17 0.000000e+00 0.000000e+00 0.000000e+00
       2 3.286036e-03 -4.989190e-02 5.000000e-03 9.978381e-01 -6.572072e-02 1.662788e-31 6.572072e-02 9.978381e-01 1.271047e-35 -1.659202e-31 1.091528e-32 1.000000e+00 -3.532597e-02 -2.359853e-03 1.187693e-16 -4.103424e-31 3.216943e-29 -7.080833e-01
       1 -5.654319e-19 -1.832302e-20 5.000000e-03 1.000000e+00 0.000000e+00 0.000000e+00 0.000000e+00 1.000000e+00 0.000000e+00 0.000000e+00 0.000000e+00 1.000000e+00 0.000000e+00 -5.545808e-34 1.598470e-16 0.000000e+00 0.000000e+00 0.000000e+00
       2 2.911211e-03 -4.991518e-02 5.000000e-03 9.983035e-01 -5.822423e-02 4.175900e-32 5.822423e-02 9.983035e-01 -3.064683e-33 -4.150972e-32 5.490870e-33 1.000000e+00 -3.987396e-02 -2.360425e-03 6.717060e-17 3.720901e-31 -2.861655e-29 -7.988580e-01
       1 -5.654319e-19 -1.832302e-20 5.000000e-03 1.000000e+00 0.000000e+00 0.000000e+00 0.000000e+00 1.000000e+00 0.000000e+00 0.000000e+00 0.000000e+00 1.000000e+00 0.000000e+00 -2.329422e-34 6.714102e-17 0.000000e+00 0.000000e+00 0.000000e+00
       2 2.493965e-03 -4.993776e-02 5.000000e-03 9.987553e-01 -4.987930e-02 8.137031e-35 4.987930e-02 9.987553e-01 4.286680e-34 -1.026507e-34 -4.240758e-34 1.000000e+00 -4.384568e-02 -2.224281e-03 9.037737e-17 -4.087103e-31 -2.453223e-32 -8.780163e-01
       1 -5.654319e-19 -1.832302e-20 5.000000e-03 1.000000e+00 0.000000e+00 0.000000e+00 0.000000e+00 1.000000e+00 0.000000e+00 0.000000e+00 0.000000e+00 1.000000e+00 0.000000e+00 -5.739332e-34 1.654250e-16 0.000000e+00 0.000000e+00 0.000000e+00
       2 2.040341e-03 -4.995836e-02 5.000000e-03 9.991671e-01 -4.080683e-02 -2.761702e-33 4.080683e-02 9.991671e-01 1.177075e-33 2.711369e-33 -1.288791e-33 1.000000e+00 -4.718128e-02 -1.959259e-03 1.481421e-16 -2.173767e-31 1.650284e-30 -9.444054e-01
       1 -5.654319e-19 -1.832302e-20 5.000000e-03 1.000000e+00 0.000000e+00 0.000000e+00 0.000000e+00 1.000000e+00 0.000000e+00 0.000000e+00 0.000000e+00 1.000000e+00 0.000000e+00 -3.394990e-34 9.785394e-17 0.000000e+00 0.000000e+00 0.000000e+00
       2 1.556934e-03 -4.997576e-02 5.000000e-03 9.995151e-01 -3.113868e-02 4.613041e-32 3.113868e-02 9.995151e-01 4.874708e-34 -4.612322e-32 9.492053e-34 1.000000e+00 -4.982994e-02 -1.580689e-03 7.577280e-17 1.494408e-31 7.484362e-30 -9.970582e-01
       1 -5.654319e-19 -1.832302e-20 5.000000e-03 1.000000e+00 0.000000e+00 0.000000e+00 0.000000e+00 1.000000e+00 0.000000e+00 0.000000e+00 0.000000e+00 1.000000e+00 0.000000e+00 -6.203705e-34 1.788096e-16 0.000000e+00 0.000000e+00 0.000000e+00
       2 1.050792e-03 -4.998896e-02 5.000000e-03 9.997791e-01 -2.101584e-02 -2.605191e-33 2.101584e-02 9.997791e-01 6.011470e-34 2.591982e-33 -6.557645e-34 1.000000e+00 -5.175093e-02 -1.110513e-03 1.759547e-16 -3.014435e-32 -9.754002e-30 -1.035207e+00
       1 -5.654319e-19 -1.832302e-20 5.000000e-03 1.000000e+00 0.000000e+00 0.000000e+00 0.000000e+00 1.000000e+00 0.000000e+00 0.000000e+00 0.000000e+00 1.000000e+00 0.000000e+00 -3.410012e-34 9.828691e-17 0.000000e+00 0.000000e+00 0.000000e+00
       2 5.293143e-04 -4.999720e-02 5.000000e-03 9.999440e-01 -1.058629e-02 9.762242e-33 1.058629e-02 9.999440e-01 -1.339509e-33 -9.747515e-33 1.442780e-33 1.000000e+00 -5.291453e-02 -5.760182e-04 9.514644e-17 3.650917e-31 4.288376e-30 -1.058297e+00
       1 -5.654319e-19 -1.832302e-20 5.000000e-03 1.000000e+00 0.000000e+00 0.000000e+00 0.000000e+00 1.000000e+00 0.000000e+00 0.000000e+00 0.000000e+00 1.000000e+00 0.000000e+00 -4.131840e-34 1.190922e-16 0.000000e+00 0.000000e+00 0.000000e+00
       2 1.374311e-07 -5.000000e-02 5.000000e-03 1.000000e+00 -2.748638e-06 5.988119e-32 2.748638e-06 1.000000e+00 -8.960242e-33 -5.988116e-32 8.960407e-33 1.000000e+00 -5.330266e-02 -8.245372e-06 7.969407e-17 8.724501e-31 6.910286e-30 -1.065993e+00
       1 -5.654319e-19 -1.832302e-20 5.000000e-03 1.000000e+00 0.000000e+00 0.000000e+00 0.000000e+00 1.000000e+00 0.000000e+00 0.000000e+00 0.000000e+00 1.000000e+00 0.000000e+00 -4.965796e-34 1.431293e-16 0.000000e+00 0.000000e+00 0.000000e+00
       2 -5.289837e-04 -4.999721e-02 5.000000e-03 9.999440e-01 1.057967e-02 6.598896e-32 -1.057967e-02 9.999440e-01 -1.323600e-32 -6.612530e-32 1.253711e-32 1.000000e+00 -5.290932e-02 5.598243e-04 7.245074e-17 2.313852e-31 -1.574203e-30 -1.058184e+00
       1 -5.654319e-19 -1.832302e-20 5.000000e-03 1.000000e+00 0.000000e+00 0.000000e+00 0.000000e+00 1.000000e+00 0.000000e+00 0.000000e+00 0.000000e+00 1.000000e+00 0.000000e+00 -6.218791e-34 1.792445e-16 0.000000e+00 0.000000e+00 0.000000e+00
       2 -1.050296e-03 -4.998897e-02 5.000000e-03 9.997794e-01 2.100591e-02 1.351590e-32 -2.100591e-02 9.997794e-01 -1.358505e-33 -1.354145e-32 1.074291e-33 1.000000e+00 -5.174077e-02 1.095200e-03 6.734644e-17 -1.960080e-30 -8.181692e-30 -1.034986e+00
       1 -5.654319e-19 -1.832302e-20 5.000000e-03 1.000000e+00 0.000000e+00 0.000000e+00 0.000000e+00 1.000000e+00 0.000000e+00 0.000000e+00 0.000000e+00 1.000000e+00 0.000000e+00 -2.356939e-34 6.793414e-17 0.000000e+00 0.000000e+00 0.000000e+00
       2 -1.556169e-03 -4.997578e-02 5.000000e-03 9.995156e-01 3.112337e-02 1.520245e-33 -3.112337e-02 9.995156e-01 -7.631973e-34 -1.543262e-33 7.155124e-34 1.000000e+00 -4.981530e-02 1.566811e-03 1.203996e-16 4.862769e-31 8.202822e-31 -9.967413e-01
       1 -5.654319e-19 -1.832302e-20 5.000000e-03 1.000000e+00 0.000000e+00 0.000000e+00 0.000000e+00 1.000000e+00 0.000000e+00 0.000000e+00 0.000000e+00 1.000000e+00 0.000000e+00 -4.810484e-34 1.386528e-16 0.000000e+00 0.000000e+00 0.000000e+00
       2 -2.039212e-03 -4.995840e-02 5.000000e-03 9.991680e-01 4.078424e-02 -1.316939e-33 -4.078424e-02 9.991680e-01 1.503172e-34 1.321974e-33 -9.648178e-35 1.000000e+00 -4.716288e-02 1.947323e-03 1.289907e-16 -1.645115e-31 1.910766e-31 -9.440096e-01
       1 -5.654319e-19 -1.832302e-20 5.000000e-03 1.000000e+00 0.000000e+00 0.000000e+00 0.000000e+00 1.000000e+00 0.000000e+00 0.000000e+00 0.000000e+00 1.000000e+00 0.000000e+00 -5.129583e-34 1.478502e-16 0.000000e+00 0.000000e+00 0.000000e+00
       2 -2.492389e-03 -4.993785e-02 5.000000e-03 9.987568e-01 4.984778e-02 -6.274514e-32 -4.984778e-02 9.987568e-01 5.003207e-33 6.291654e-32 -1.869282e-33 1.000000e+00 -4.382443e-02 2.214726e-03 7.267214e-17 -5.982230e-31 -9.083981e-30 -8.775628e-01
       1 -5.654319e-19 -1.832302e-20 5.000000e-03 1.000000e+00 0.000000e+00 0.000000e+00 0.000000e+00 1.000000e+00 0.000000e+00 0.000000e+00 0.000000e+00 1.000000e+00 0.000000e+00 -6.408406e-34 1.847097e-16 0.000000e+00 0.000000e+00 0.000000e+00
       2 -2.909121e-03 -4.991530e-02 5.000000e-03 9.983060e-01 5.818242e-02 -6.972950e-32 -5.818242e-02 9.983060e-01 1.684859e-32 7.059167e-32 -1.276302e-32 1.000000e+00 -3.985094e-02 2.353605e-03 1.854963e-16 -1.454902e-30 2.008609e-30 -7.983716e-01
       1 -5.654319e-19 -1.832302e-20 5.000000e-03 1.000000e+00 0.000000e+00 0.000000e+00 0.000000e+00 1.000000e+00 0.000000e+00 0.000000e+00 0.000000e+00 1.000000e+00 0.000000e+00 -4.692789e-34 1.352604e-16 0.000000e+00 0.000000e+00 0.000000e+00
       2 -3.283381e-03 -4.989208e-02 5.000000e-03 9.978416e-01 6.566763e-02 2.977812e-32 -6.566763e-02 9.978416e-01 -4.549115e-33 -3.001257e-32 2.583838e-33 1.000000e+00 -3.530242e-02 2.356021e-03 1.559759e-16 3.731026e-30 1.527939e-29 -7.075916e-01
       1 -5.654319e-19 -1.832302e-20 5.000000e-03 1.000000e+00 0.000000e+00 0.000000e+00 0.000000e+00 1.000000e+00 0.000000e+00 0.000000e+00 0.000000e+00 1.000000e+00 0.000000e+00 -6.389765e-34 1.841724e-16 0.000000e+00 0.000000e+00 0.000000e+00
       2 -3.609780e-03 -4.986953e-02 5.000000e-03 9.973905e-01 7.219559e-02 1.495897e-31 -7.219559e-02 9.973905e-01 -1.570448e-32 -1.503331e-31 4.863787e-33 1.000000e+00 -3.024675e-02 2.221951e-03 9.362103e-17 5.121118e-31 1.301807e-29 -6.065455e-01
       1 -5.654319e-19 -1.832302e-20 5.000000e-03 1.000000e+00 0.000000e+00 0.000000e+00 0.000000e+00 1.000000e+00 0.000000e+00 0.000000e+00 0.000000e+00 1.000000e+00 0.000000e+00 -2.359694e-34 6.801355e-17 0.000000e+00 0.000000e+00 0.000000e+00
       2 -3.883636e-03 -4.984895e-02 5.000000e-03 9.969789e-01 7.767271e-02 1.246900e-32 -7.767271e-02 9.969789e-01 -2.512046e-33 -1.262645e-32 1.535956e-33 1.000000e+00 -2.475844e-02 1.959267e-03 9.770112e-17 -2.504734e-30 -2.657255e-29 -4.967042e-01
       1 -5.654319e-19 -1.832302e-20 5.000000e-03 1.000000e+00 0.000000e+00 0.000000e+00 0.000000e+00 1.000000e+00 0.000000e+00 0.000000e+00 0.000000e+00 1.000000e+00 0.000000e+00 -5.687395e-34 1.639280e-16 0.000000e+00 0.000000e+00 0.000000e+00
       2 -4.101037e-03 -4.983153e-02 5.000000e-03 9.966306e-01 8.202074e-02 -2.534277e-32 -8.202074e-02 9.966306e-01 5.017250e-33 2.566890e-32 -2.921713e-33 1.000000e+00 -1.891746e-02 1.583263e-03 7.877578e-17 -4.137128e-31 1.180698e-30 -3.796648e-01
       1 -5.654319e-19 -1.832302e-20 5.000000e-03 1.000000e+00 0.000000e+00 0.000000e+00 0.000000e+00 1.000000e+00 0.000000e+00 0.000000e+00 0.000000e+00 1.000000e+00 0.000000e+00 -3.130851e-34 9.024064e-17 0.000000e+00 0.000000e+00 0.000000e+00
       2 -4.258891e-03 -4.981829e-02 5.000000e-03 9.963658e-01 8.517783e-02 1.317161e-32 -8.517783e-02 9.963658e-01 -4.720047e-34 -1.316394e-32 -6.516396e-34 1.000000e+00 -1.280805e-02 1.115752e-03 7.787773e-17 1.134366e-30 7.673180e-30 -2.571276e-01
       1 -5.654319e-19 -1.832302e-20 5.000000e-03 1.000000e+00 0.000000e+00 0.000000e+00 0.000000e+00 1.000000e+00 0.000000e+00 0.000000e+00 0.000000e+00 1.000000e+00 0.000000e+00 -3.830904e-34 1.104183e-16 0.000000e+00 0.000000e+00 0.000000e+00
       2 -4.354960e-03 -4.980998e-02 5.000000e-03 9.961996e-01 8.709920e-02 1.289443e-33 -8.709920e-02 9.961996e-01 7.277485e-36 -1.283909e-33 -1.195593e-34 1.000000e+00 -6.517551e-03 5.838018e-04 1.061709e-16 -3.411115e-31 -3.707670e-30 -1.308716e-01
       1 -5.654319e-19 -1.832302e-20 5.000000e-03 1.000000e+00 0.000000e+00 0.000000e+00 0.000000e+00 1.000000e+00 0.000000e+00 0.000000e+00 0.000000e+00 1.000000e+00 0.000000e+00 -5.676401e-34 1.636111e-16 0.000000e+00 0.000000e+00 0.000000e+00
       2 -4.387885e-03 -4.980709e-02 5.000000e-03 9.961419e-01 8.775770e-02 3.015121e-32 -8.775770e-02 9.961419e-01 -5.591642e-33 -3.052559e-32 2.924068e-33 1.000000e+00 -1.353779e-04 1.817358e-05 6.781759e-17 8.644358e-31 4.923369e-30 -2.728849e-03
       1 -5.654319e-19 -1.832302e-20 5.000000e-03 1.000000e+00 0.000000e+00 0.000000e+00 0.000000e+00 1.000000e+00 0.000000e+00 0.000000e+00 0.000000e+00 1.000000e+00 0.000000e+00 -5.885045e-34 1.696249e-16 0.000000e+00 0.000000e+00 0.000000e+00
       2 -4.357207e-03 -4.980979e-02 5.000000e-03 9.961957e-01 8.714413e-02 1.549612e-32 -8.714413e-02 9.961957e-01 -1.506855e-33 -1.556848e-32 1.507267e-34 1.000000e+00 6.248049e-03 -5.484475e-04 1.626654e-16 -8.854902e-31 -3.642073e-30 1.254415e-01
       1 -5.654319e-19 -1.832302e-20 5.000000e-03 1.000000e+00 0.000000e+00 0.000000e+00 0.000000e+00 1.000000e+00 0.000000e+00 0.000000e+00 0.000000e+00 1.000000e+00 0.000000e+00 -3.239991e-34 9.338639e-17 0.000000e+00 0.000000e+00 0.000000e+00
