1 0.477634 -0.21590899999999999 0.46278000000000002 1 0 0 0 1 0 0 0 1 -0 -0 -0 0 0 0 
2 0.49669268873943334 -0.21590900000000013 0.47280934436971689 1 -3.053113317719181e-16 -2.7755575615628901e-17 3.053113317719181e-16 1 -7.3955709864469824e-32 2.7755575615628901e-17 6.5481618109165986e-32 1 0 0 0 0 0 0 
1 0.477634 -0.21590899999999999 0.46278000000000002 1 0 -6.7178561009845673e-35 0 1 0 6.7178561009845673e-35 0 1 0 0 0 0 7.0704616097047525e-32 0 
2 0.49609047742298651 -0.22066216605489045 0.47280934284756188 0.96840144474628964 0.24939655533567223 -1.1102228467384898e-16 -0.24939655533567223 0.96840144474628964 -5.5511142336924491e-17 9.366985319561204e-17 8.1445645801748937e-17 1 -0.059668663826289881 -0.23162794564988071 2.7258394244232795e-14 -1.3322676295501878e-15 3.9968028886505635e-14 -12.549697457639633 
1 0.477634 -0.21590899999999999 0.46278000000000002 1 0 0 0 1 0 0 0 1 0 0 0 0 0 0 
2 0.4882843224394452 -0.23171421102170997 0.47280934328827939 0.55881812981153201 0.82929023736804097 -1.6653343473644038e-16 -0.82929023736804097 0.55881812981153201 8.3266717368220189e-17 1.6211417836165733e-16 9.1573600347043597e-17 1 -0.36189193486368409 -0.24387628691556035 -1.300105015777072e-14 2.9309887850104133e-14 -3.8857805861880479e-15 -22.895959668564007 
1 0.477634 -0.21590899999999999 0.46278000000000002 1 0 0 0 1 0 0 0 1 0 0 0 0 0 0 
2 0.47040368748870659 -0.23354293215686847 0.47280934589095447 -0.37937115136961891 0.92524457821080464 1.1102232024046665e-16 -0.92524457821080464 -0.37937115136961891 4.440892809618666e-16 4.5300986490885419e-16 6.5751861966534064e-17 1 -0.4263393486540647 0.17467846350864641 1.4854048038314562e-15 2.708944180085382e-13 -4.8183679268731794e-14 -24.175386031479157 
1 0.477634 -0.21590899999999999 0.46278000000000002 1 0 0 0 1 0 0 0 1 0 0 0 0 0 0 
2 0.45988045495765556 -0.22284047857335859 0.47280934378544814 -0.93151973690451795 0.36369077491371393 5.5511147817228227e-17 -0.36369077491371393 -0.93151973690451795 -4.1633360862921173e-17 3.6568060535474154e-17 -5.8971189723476638e-17 1 -0.10497636158475129 0.26893802759821084 4.5761417662449892e-14 -1.7763568394002505e-14 4.929390229335695e-14 -15.145637213333714 
1 0.477634 -0.21590899999999999 0.46278000000000002 1 0 0 0 1 0 0 0 1 0 0 0 0 0 0 
2 0.4585767039138175 -0.21613957829212579 0.47280934414487452 -0.9999268113962293 0.012098423491085206 1.3877787479361683e-16 -0.012098423491085206 -0.9999268113962293 -1.9559006728725371e-16 1.3640138637003537e-16 -1.972547458237635e-16 1 -0.00061961547591542166 0.052085197651627842 -1.3730013011284893e-14 4.0634162701280729e-14 7.815970093361102e-14 -2.7334831652890514 
1 0.477634 -0.21590899999999999 0.46278000000000002 1 0 0 0 1 0 0 0 1 0 0 0 0 0 0 
2 0.45880445779566442 -0.21885552708590286 0.47280934417662612 -0.98797668581518561 0.15460293750651083 5.5511150102979854e-17 -0.15460293750651083 -0.98797668581518561 -6.9388937628724817e-17 4.4115988516674417e-17 -7.7136839500949714e-17 1 0.029098617742248707 -0.18590710588324044 8.0505093441079845e-15 8.0380146982861334e-14 1.2878587085651816e-14 9.8727541801257779 
1 0.477634 -0.21590899999999999 0.46278000000000002 1 0 0 0 1 0 0 0 1 0 0 0 0 0 0 
2 0.46418040703890845 -0.2294084414955368 0.47280934317586987 -0.70590324279994066 0.7083082745560213 2.775557212765498e-17 -0.7083082745560213 -0.70590324279994066 2.4980014914889482e-16 1.9652826099816977e-16 1.566752339330592e-16 1 0.28552593346820898 -0.28449623868073015 9.9809666118068859e-15 1.3367085216486885e-13 -7.1942451995710144e-14 21.150083571690576 
1 0.477634 -0.21590899999999999 0.46278000000000002 1 0 0 0 1 0 0 0 1 0 0 0 0 0 0 
2 0.48097168137212437 -0.23467312488018396 0.47280934729546531 0.17512593513447339 0.98454604099720811 -6.9388960408934043e-18 -0.98454604099720811 0.17512593513447339 1.1102233665429447e-16 1.105217826732072e-16 -1.2611227901444838e-17 1 0.46787255690724722 0.083132035536904555 2.7537583975681344e-14 3.4416913763379853e-14 -1.8207657603852567e-14 24.935830838738152 
1 0.477634 -0.21590899999999999 0.46278000000000002 1 0 0 0 1 0 0 0 1 0 0 0 0 0 0 
2 0.49422575125006829 -0.22528702425603297 0.47280934398100799 0.87056161087425932 0.49205942900427663 -8.3266723439900768e-17 -0.49205942900427663 0.87056161087425932 2.7755574479966921e-16 2.090627341930434e-16 -2.0065719990931026e-16 1 0.16515985749377576 0.29219766223688504 6.7230470522722622e-14 3.7747582837255322e-14 8.8373752760162461e-14 17.608550961057126 
1 0.477634 -0.21590899999999999 0.46278000000000002 1 0 0 0 1 0 0 0 1 0 0 0 0 0 0 
2 0.49667067056162534 -0.21682499556700327 0.4728093436680697 0.99884435899078705 0.048061902919919769 -1.1102229426271314e-16 -0.048061902919919769 0.99884435899078705 -1.665334413940697e-16 1.0289007825332432e-16 1.7167693124859065e-16 1 0.0049860637264504673 0.10396472028491703 -2.1964005695639698e-14 2.0650148258027912e-14 -1.1057821325266559e-13 5.4614269793673182 
1 0.477634 -0.21590899999999999 0.46278000000000002 1 0 0 0 1 0 0 0 1 0 0 0 0 0 0 
2 0.49662843601839429 -0.2174726640284404 0.47280934427588939 0.99662863521923417 0.082044886867169764 0 -0.082044886867169764 0.99662863521923417 1.4918621746056122e-16 1.2239966333692732e-17 -1.4868325630123902e-16 1 -0.011201404840582584 -0.1360474018674056 -4.6897454993890376e-15 -7.9269923958236177e-14 -4.75175454539567e-14 -7.1620884527794493 
1 0.477634 -0.21590899999999999 0.46278000000000002 1 0 0 0 1 0 0 0 1 0 0 0 0 0 0 
2 0.49321603174124784 -0.22688326825164723 0.47280934260794311 0.81758093644265506 0.57581369588222819 -5.5511140936771813e-17 -0.57581369588222819 0.81758093644265506 -1.3877785234192953e-17 3.739383178372564e-17 4.3310287872963358e-17 1 -0.20917256263782386 -0.29693862249383041 -1.6654393463296995e-14 -5.9952043329758453e-14 -4.3298697960381105e-14 -19.058229943124484 
1 0.477634 -0.21590899999999999 0.46278000000000002 1 0 0 0 1 0 0 0 1 0 0 0 0 0 0 
2 0.47840417273031993 -0.23495209494852648 0.47280934717807099 0.040412354835476984 0.99918308711499493 -1.214306792150867e-17 -0.99918308711499493 0.040412354835476984 -5.5511167641182498e-17 -5.4975089883439433e-17 1.4376485096907214e-17 1 -0.47824908924294857 -0.019389691017492265 -2.513289789710202e-14 7.8242967660457907e-14 1.40391170910803e-14 -25.116851016989564 
1 0.477634 -0.21590899999999999 0.46278000000000002 1 0 0 0 1 0 0 0 1 0 0 0 0 0 0 
2 0.46277383882301965 -0.22784250219879496 0.47280934541129016 -0.77970708406784783 0.62614444264435831 2.220446292697314e-16 -0.62614444264435831 -0.77970708406784783 1.110223146348657e-16 2.4264577573896317e-16 -5.2467125425854855e-17 1 -0.23704096826500282 0.2951261455534826 -8.0982817241040299e-15 -1.6875389974302379e-14 2.2204460492503131e-16 -19.859272537964461 
1 0.477634 -0.21590899999999999 0.46278000000000002 1 0 0 0 1 0 0 0 1 0 0 0 0 0 0 
2 0.4586851104362254 -0.21795196480061352 0.47280934295351901 -0.99423821107979227 0.10719318835100707 -5.5511142956057812e-17 -0.10719318835100707 -0.99423821107979227 4.0592523286617276e-16 -1.167887952457547e-17 4.0953679375948007e-16 1 -0.016678242485795622 0.15488266025832023 2.7724116375698942e-14 3.3306690738754696e-15 1.3322676295501878e-13 -8.1734692656046235 
1 0.477634 -0.21590899999999999 0.46278000000000002 1 0 0 0 1 0 0 0 1 0 0 0 0 0 0 
2 0.45858548324718262 -0.21653159624699983 0.47280934435846605 -0.99946627172787073 0.032667593703701474 2.7755575582757972e-16 -0.032667593703701474 -0.99946627172787073 7.1991024167778492e-17 2.7975939000142867e-16 6.2885521861341455e-17 1 0.0027678553804756601 -0.084682030393324351 9.362946461287592e-16 -5.5289106626332796e-14 1.865174681370263e-14 4.4452562518589769 
1 0.477634 -0.21590899999999999 0.46278000000000002 1 0 0 0 1 0 0 0 1 0 0 0 0 0 0 
2 0.4605549062323252 -0.22436706353037944 0.47280934253998003 -0.89613081476527057 0.44378999856703893 2.7755570269823158e-17 -0.44378999856703893 -0.89613081476527057 -1.1102228107929263e-16 -2.4397956160917325e-17 -1.1180813169095757e-16 1 0.14140737424527289 -0.28548860774604257 2.513272787568873e-14 1.0746958878371515e-13 -9.3258734068513149e-15 16.716296139368566 
1 0.477634 -0.21590899999999999 0.46278000000000002 1 0 0 0 1 0 0 0 1 0 0 0 0 0 0 
2 0.47282326989741963 -0.23435053316971927 0.47280934564404792 -0.25241893361983658 0.96761804548604013 4.8572263842808098e-17 -0.96761804548604013 -0.25241893361983658 3.6082253140371729e-16 3.6139895164689323e-16 4.4079039598526086e-17 1 0.45565677789458331 -0.11887693782923954 -3.5637545349121009e-14 1.2301271112846734e-13 -2.1843638009499955e-14 24.710715566456852 
1 0.477634 -0.21590899999999999 0.46278000000000002 1 0 0 0 1 0 0 0 1 0 0 0 0 0 0 
2 0.4901211863436053 -0.23030698643749831 0.47280934794747581 0.65519916981531234 0.75545618527703218 -8.3266758205516764e-17 -0.75545618527703218 0.65519916981531234 8.3266758205516764e-17 1.1746069836379163e-16 8.3480766648577815e-18 1 0.31411387718110773 0.27236069236990929 -2.8049057907033856e-14 -8.8817841970012523e-16 2.0650148258027912e-14 21.812819689089974 
1 0.477634 -0.21590899999999999 0.46278000000000002 1 0 0 0 1 0 0 0 1 0 0 0 0 0 0 
2 0.49635074336782509 -0.21950314330530063 0.47280934220125931 0.98205740280467524 0.18858223033079211 -1.3877784640104266e-16 -0.18858223033079211 0.98205740280467524 7.6327815520573464e-17 1.5068188109058109e-16 -4.8787260477076045e-17 1 0.038995336039390233 0.20317796056535356 4.613969077486446e-14 -2.9309887850104133e-14 4.4408920985006262e-16 10.85474279220945 
1 0.477634 -0.21590899999999999 0.46278000000000002 1 0 0 0 1 0 0 0 1 0 0 0 0 0 0 
2 0.49669226305880809 -0.21603648935723543 0.47280934429148896 0.99997762415998648 0.006689632228221571 -2.2204460309660849e-16 -0.006689632228221571 0.99997762415998648 5.1608022985344552e-17 2.2238487335589129e-16 -5.012147147950108e-17 1 -0.00022170666814278555 -0.033031224803599379 1.6382518417553871e-14 -8.1823436914874037e-14 -1.4266365866433262e-14 -1.7328915986351445 
1 0.477634 -0.21590899999999999 0.46278000000000002 1 0 0 0 1 0 0 0 1 0 0 0 0 0 0 
2 0.49568021025666442 -0.22203831024013246 0.47280934287364756 0.94687499537101416 0.32160183945546994 -8.3266713734024132e-17 -0.32160183945546994 0.94687499537101416 8.3266713734024132e-17 1.0562189748373786e-16 -5.2064440879189464e-17 1 -0.087103171636787463 -0.25641443460671559 3.3477078537875369e-14 2.6645352591003757e-14 -1.021405182655144e-14 -14.20884268716835 
1 0.477634 -0.21590899999999999 0.46278000000000002 1 0 0 0 1 0 0 0 1 0 0 0 0 0 0 
2 0.48615166256375714 -0.2329584423422599 0.4728093435457375 0.44691926798800913 0.89457429423221302 -4.163335981240427e-17 -0.89457429423221302 0.44691926798800913 2.2204458566615612e-16 2.1724212920162688e-16 -6.1991870215921959e-17 1 -0.40490830831230712 -0.20227693586594142 3.3064579883661244e-14 9.0594198809412774e-14 3.2973623831367149e-14 -23.750489613757701 
1 0.477634 -0.21590899999999999 0.46278000000000002 1 0 0 0 1 0 0 0 1 0 0 0 0 0 0 
2 0.46816188830393202 -0.23244713727016159 0.47280935062190449 -0.49699933753174919 0.8677509196151868 1.3877796941097018e-17 -0.8677509196151868 -0.49699933753174919 1.1102237552877615e-16 1.0323702434908347e-16 4.3135576031133061e-17 1 -0.38667548382788935 0.2214026388603304 2.5405570350244256e-14 -1.5987211554602254e-14 1.3766765505351941e-14 -23.378760591413876 
1 0.477634 -0.21590899999999999 0.46278000000000002 1 0 0 0 1 0 0 0 1 0 0 0 0 0 0 
2 0.45939594524986616 -0.22144142722968779 0.47280934179982703 -0.95694106364031062 0.29028227765220355 2.4980011296636605e-16 -0.29028227765220355 -0.95694106364031062 -2.7755568107374006e-17 2.309870362717647e-16 -9.9072988616266043e-17 1 -0.074554890217978717 0.24582911239928423 -8.0721337844232612e-15 -3.9968028886505635e-15 -3.1530333899354446e-14 -13.477901700591442 
1 0.477634 -0.21590899999999999 0.46278000000000002 1 0 0 0 1 0 0 0 1 0 0 0 0 0 0 
2 0.45857545885313222 -0.21598494993262568 0.47280934398856078 -0.99999205822646653 0.0039854088868360405 2.4980017051829962e-16 -0.0039854088868360405 -0.99999205822646653 3.4586047914643044e-16 2.5117658208911233e-16 3.4486217658131409e-16 1 -7.1169875121546812e-05 0.018512229712271552 4.5467277539363322e-14 1.1185496973098452e-14 -7.4579231679194891e-14 -0.97154771136759577 
1 0.477634 -0.21590899999999999 0.46278000000000002 1 0 0 0 1 0 0 0 1 0 0 0 0 0 0 
2 0.45902380216588157 -0.22001929113474059 0.47280934339007219 -0.97646737312992271 0.21566517848913014 1.3877786376736796e-16 -0.21566517848913014 -0.97646737312992271 1.3877786376736795e-17 1.3850501135747704e-16 -1.637834715157919e-17 1 0.047697780262773076 -0.21593517201467397 2.1671550667638733e-15 3.9523939676655573e-14 -2.6201263381153694e-14 11.602936568925394 
1 0.477634 -0.21590899999999999 0.46278000000000002 1 0 0 0 1 0 0 0 1 0 0 0 0 0 0 
2 0.46594266644084259 -0.23096049102432917 0.47280934181990791 -0.61343899313563588 0.78974211088224067 2.7755568166042701e-17 -0.78974211088224067 -0.61343899313563588 -5.5511136332085402e-17 -2.6813134194688224e-17 -5.5972436571555968e-17 1 0.33568981454952274 -0.26072940954887336 -2.1577891320638822e-14 -8.7041485130612273e-14 5.4622972811557702e-14 22.303066361393942 
1 0.477634 -0.21590899999999999 0.46278000000000002 1 0 0 0 1 0 0 0 1 0 0 0 0 0 0 
2 0.48353960739149965 -0.23402954930417166 0.47280935207091512 0.30986473956872701 0.95078064934663298 2.7755598115667268e-17 -0.95078064934663298 0.30986473956872701 -8.3266794347001791e-17 -8.7768937979940399e-17 -5.8804205436184536e-19 1 0.4434659795478722 0.1444808692309974 3.9990431944495216e-15 -4.6851411639181606e-14 -1.9484414082171497e-14 24.472693533776386 
1 0.477634 -0.21590899999999999 0.46278000000000002 1 0 0 0 1 0 0 0 1 0 0 0 0 0 0 
2 0.49502848158837642 -0.22369784269158885 0.47280934225769755 0.91268012758493555 0.40867466854644396 2.7755569445099795e-17 -0.40867466854644396 0.91268012758493555 -1.3877784722549897e-17 -3.10034557339932e-17 1.3229801878791441e-18 1 0.12462569724232003 0.27833829748029076 -7.0697250221855564e-15 -2.886579864025407e-14 3.5527136788005009e-14 16.000452007342385 
1 0.477634 -0.21590899999999999 0.46278000000000002 1 0 0 0 1 0 0 0 1 0 0 0 0 0 0 
2 0.4966870501304867 -0.21637295154485273 0.47280934341613468 0.99970365051932941 0.02434360569690697 -1.387778641480935e-16 -0.02434360569690697 0.99970365051932941 1.8388066999622389e-16 1.432130559257958e-16 -1.8044782345088505e-16 1 0.0016967928049955033 0.069869770924424729 -7.4069219823763556e-15 9.4368957093138306e-15 6.8833827526759706e-15 3.6672441078167295 
1 0.477634 -0.21590899999999999 0.46278000000000002 1 0 0 0 1 0 0 0 1 0 0 0 0 0 0 
2 0.49653147312116858 -0.21838271917838067 0.47280934388839663 0.99154082397608956 0.12979520171723385 -5.5511148418781746e-17 -0.12979520171723385 0.99154082397608956 -5.8980595194955611e-17 4.7386171592286078e-17 6.5686748664777564e-17 1 -0.022134282910733796 -0.16907551054388303 -1.8731690026007625e-14 -2.6645352591003757e-15 1.7319479184152442e-14 -8.946842474130893 
1 0.477634 -0.21590899999999999 0.46278000000000002 1 0 0 0 1 0 0 0 1 0 0 0 0 0 0 
2 0.49186057086898965 -0.22859125542219183 0.47280934097426619 0.74646051968296812 0.66542970519404454 -1.1102226278158237e-16 -0.66542970519404454 0.74646051968296812 2.4980009125856034e-16 2.4909813705594826e-16 -1.1258839434499372e-16 1 -0.25943865966648627 -0.29100959435785612 6.1716958861852702e-15 -7.1054273576010019e-14 -2.708944180085382e-14 -20.456427623701735 
1 0.477634 -0.21590899999999999 0.46278000000000002 1 0 0 0 1 0 0 0 1 0 0 0 0 0 0 
2 0.4756634483461642 -0.23486547298553168 0.47280935143693703 -0.10339187515125188 0.99464069902287222 2.428614673049025e-17 -0.99464069902287222 -0.10339187515125188 2.4980036637075683e-16 2.5097260127384301e-16 1.6713383319554034e-18 1 -0.47446772189643865 0.049293225881302138 7.8154980238284284e-15 -1.6875389974302379e-14 -1.6396606294932781e-14 -25.02991403490163 
1 0.477634 -0.21590899999999999 0.46278000000000002 1 0 0 0 1 0 0 0 1 0 0 0 0 0 0 
2 0.46156718316971207 -0.22616037222489763 0.4728093439906581 -0.84301980207880822 0.53788252741933074 1.1102229803264269e-16 -0.53788252741933074 -0.84301980207880822 1.6653344704896403e-16 1.8316942711236295e-16 8.0674039305019311e-17 1 -0.18826381497748829 0.29505841406682431 4.2125975903489829e-15 -1.1102230246251565e-14 4.1300296516055823e-14 -18.363690391196673 
1 0.477634 -0.21590899999999999 0.46278000000000002 1 0 0 0 1 0 0 0 1 0 0 0 0 0 0 
2 0.45861875588516449 -0.21719536925918828 0.47280934261854368 -0.99771959707077473 0.067495226652934684 0 -0.067495226652934684 -0.99771959707077473 -1.5612508405888172e-17 -1.05376979347627e-18 -1.5576905595986831e-17 1 -0.008164821015361607 0.12077828613944919 -7.9606711826616836e-15 2.8199664825478976e-14 -2.7755575615628914e-14 -6.3516750545518343 
1 0.477634 -0.21590899999999999 0.46278000000000002 1 0 0 0 1 0 0 0 1 0 0 0 0 0 0 
2 0.4586167179134647 -0.21716464234370675 0.47280934423316584 -0.99782733050215777 0.06588337045823954 1.1102230086671074e-16 -0.06588337045823954 -0.99782733050215777 9.1940342905244832e-17 1.1683842577172118e-16 8.4426063549465831e-17 1 0.0078754869622530907 -0.11927257494975267 2.9776147078589062e-14 4.2632564145606011e-14 2.8643754035329039e-14 6.271679907698049 
1 0.477634 -0.21590899999999999 0.46278000000000002 1 0 0 0 1 0 0 0 1 0 0 0 0 0 0 
2 0.46152110566163462 -0.22608787510614925 0.47280934101114902 -0.84543439602227788 0.53407928439740682 8.3266697409460374e-17 -0.53407928439740682 -0.84543439602227788 6.9388914507883647e-17 1.0745571183862024e-16 1.4192756861034086e-17 1 0.18633445806170304 -0.29494558964089151 5.70944068618958e-15 -4.8849813083506888e-15 1.865174681370263e-14 18.305374949594636 
1 0.477634 -0.21590899999999999 0.46278000000000002 1 0 0 0 1 0 0 0 1 0 0 0 0 0 0 
2 0.47555106407998377 -0.23485348203248219 0.47280934894447912 -0.10929413300691677 0.99400945291796217 2.775558898137906e-17 -0.99400945291796217 -0.10929413300691677 1.3877794490689532e-16 1.4098011212779827e-16 -1.2421702649715633e-17 1 0.47393129776175486 -0.052120805420888247 3.1553020160619831e-14 3.4416913763379853e-14 -8.4862672444785403e-15 25.01763373155023 
1 0.477634 -0.21590899999999999 0.46278000000000002 1 0 0 0 1 0 0 0 1 0 0 0 0 0 0 
2 0.49179141656425884 -0.22866829328340454 0.47280934696034932 0.74283609286168861 0.66947332967190021 2.7755583184489585e-17 -0.66947332967190021 0.74283609286168861 -1.9428908229142709e-16 -1.5068920780840336e-16 1.2574332008354115e-16 1 0.26150412152641889 0.29014544266057124 -7.3042213413581407e-15 2.6645352591003757e-14 -3.1086244689504383e-15 20.49405345641765 
1 0.477634 -0.21590899999999999 0.46278000000000002 1 0 0 0 1 0 0 0 1 0 0 0 0 0 0 
2 0.49652358655971535 -0.21844238887929657 0.47280934175546957 0.99112606784812274 0.13292523324003738 -1.1102227191111305e-16 -0.13292523324003738 0.99112606784812274 -6.5919473947223377e-17 1.0127470635333133e-16 8.0092170396551825e-17 1 0.022837029425289524 0.17031995140319831 1.3060017534353728e-14 -2.9309887850104133e-14 -4.9071857688431919e-14 9.0165212452565449 
1 0.477634 -0.21590899999999999 0.46278000000000002 1 0 0 0 1 0 0 0 1 0 0 0 0 0 0 
2 0.49668691451373348 -0.21637811321439587 0.47280934434846333 0.9996970149063219 0.024614597038937019 5.5511151107067763e-17 -0.024614597038937019 0.9996970149063219 1.0321604658970413e-16 -5.2953710660991693e-17 -1.0455115828182707e-16 1 -0.0016864497366564646 -0.068492556621921746 -9.5523438076960957e-15 -8.4376949871511897e-15 -2.964295475749168e-14 -3.5947796300423938 
1 0.477634 -0.21590899999999999 0.46278000000000002 1 0 0 0 1 0 0 0 1 0 0 0 0 0 0 
2 0.49504779891707695 -0.22365459320642211 0.47280934163349747 0.91369218113631734 0.40640693661693217 0 -0.40640693661693217 0.91369218113631734 -4.1633351432131902e-17 -1.6920082816628892e-17 3.8040067678039421e-17 1 -0.12346381957649509 -0.27756276058086982 -1.2998658981624124e-14 3.1086244689504383e-14 2.7533531010703882e-14 -15.939359639155395 
1 0.477634 -0.21590899999999999 0.46278000000000002 1 0 0 0 1 0 0 0 1 0 0 0 0 0 0 
2 0.48361788061731575 -0.23400392947191953 0.47280934567091948 0.31397462871262194 0.94943137325705185 -6.9388948543141488e-17 -0.94943137325705185 0.31397462871262194 1.3877789708628298e-16 1.5354645876394753e-16 2.2307305992993576e-17 1 -0.44225978222905082 -0.14625529963679562 1.9981646255653718e-14 -1.532107773982716e-14 -9.8254737679326354e-15 -24.4415960909833 
1 0.477634 -0.21590899999999999 0.46278000000000002 1 0 0 0 1 0 0 0 1 0 0 0 0 0 0 
2 0.46601659137132678 -0.23101749292608895 0.47280935038675309 -0.60956361661725378 0.79273715523904498 1.3877796597584286e-17 -0.79273715523904498 -0.60956361661725378 -5.5511186390337144e-17 -3.5546380098318161e-17 -4.4839044534563448e-17 1 -0.33704610614849273 0.25915318634593287 -1.3412916490655654e-14 -1.4210854715202004e-14 -1.8207657603852567e-14 -22.307673912320666 
1 0.477634 -0.21590899999999999 0.46278000000000002 1 0 0 0 1 0 0 0 1 0 0 0 0 0 0 
2 0.4590400360519814 -0.22009220486990638 0.47280934112389766 -0.97561486244127005 0.2194894990283173 0 -0.2194894990283173 -0.97561486244127005 -6.2450023798265806e-17 -1.3707124437787854e-17 -6.092717137739914e-17 1 -0.048705643049252942 0.21650936639883567 3.3123434705040169e-15 -4.3964831775156199e-14 9.3258734068513149e-15 -11.643934812056198 
1 0.477634 -0.21590899999999999 0.46278000000000002 1 0 0 0 1 0 0 0 1 0 0 0 0 0 0 
2 0.45857565907164682 -0.21602441004750614 0.4728093441989068 -0.99998166243009468 0.0060559725514684609 2.7755575116585641e-17 -0.0060559725514684609 -0.99998166243009468 5.919743755334281e-17 2.811356420372699e-17 5.9028265015137204e-17 1 0.00010684745433030931 -0.017606618909710377 -1.0033841069680699e-14 -8.3266726846886741e-15 -1.5820678100908481e-15 0.92378455882764232 
1 0.477634 -0.21590899999999999 0.46278000000000002 1 0 0 0 1 0 0 0 1 0 0 0 0 0 0 
2 0.45939708600811008 -0.22144517669558089 0.47280934248570694 -0.95688091533191511 0.29048048793947645 3.0531127122383629e-16 -0.29048048793947645 -0.95688091533191511 -3.4694462639072308e-17 2.8206846423361941e-16 -1.2188543620554624e-16 1 0.074376551113816233 -0.24500126173888001 4.2802390681164318e-15 5.3290705182007514e-15 -8.8817841970012523e-15 13.434370071248313 
1 0.477634 -0.21590899999999999 0.46278000000000002 1 0 0 0 1 0 0 0 1 0 0 0 0 0 0 
2 0.46814055927783937 -0.23243500755063787 0.47280934281432435 -0.49811811784215182 0.86710918613366805 1.1102228428541747e-16 -0.86710918613366805 -0.49811811784215182 3.0531128178489807e-16 3.200404283527184e-16 5.5812638469239209e-17 1 0.38579199157314692 -0.22161960179109338 -7.4287637501306556e-15 2.6645352591003757e-15 -7.9936057773011271e-15 23.344721688705583 
1 0.477634 -0.21590899999999999 0.46278000000000002 1 0 0 0 1 0 0 0 1 0 0 0 0 0 0 
2 0.48610626998104767 -0.23298092381174826 0.47280935293781867 0.44453843413615501 0.89575977838691512 2.7755600648439347e-17 -0.89575977838691512 0.44453843413615501 -2.7755600648439347e-17 -3.7200781936607424e-17 -1.2523919435076072e-17 1 0.40492758243136656 0.20094714319907608 1.8676189920934609e-15 -3.730349362740526e-14 -3.3306690738754696e-14 23.718655081794882 
1 0.477634 -0.21590899999999999 0.46278000000000002 1 0 0 0 1 0 0 0 1 0 0 0 0 0 0 
2 0.49565886201838411 -0.22210084299279548 0.47280934112683226 0.9457549284285135 0.32488092488352927 -2.7755566141136387e-16 -0.32488092488352927 0.9457549284285135 1.6653339684681833e-16 3.1660315868462333e-16 -6.732724082983633e-17 1 0.087944241782570778 0.25601594836750036 1.9203923242381025e-14 -7.1054273576010019e-15 3.2418512319054571e-14 14.20341177818549 
1 0.477634 -0.21590899999999999 0.46278000000000002 1 0 0 0 1 0 0 0 1 0 0 0 0 0 0 
2 0.49669173286141499 -0.21610045135918352 0.47280934378120731 0.99994953975384515 0.010045792456207098 1.110222955848966e-16 -0.010045792456207098 0.99994953975384515 -1.5916086906116036e-16 -1.126155904302707e-16 1.5803753082507177e-16 1 0.0003327248522055795 0.033142717813565148 -1.0409711984077398e-14 8.6042284408449632e-15 -4.4408920985006262e-16 1.7390788884903736 
1 0.477634 -0.21590899999999999 0.46278000000000002 1 0 0 0 1 0 0 0 1 0 0 0 0 0 0 
2 0.49633946460321071 -0.21956133931314403 0.47280934329514374 0.98146591891743018 0.19163676579290428 -2.2204457980902431e-16 -0.19163676579290428 0.98146591891743018 -2.4286125916612037e-16 1.7138804131991107e-16 2.8091195403336634e-16 1 -0.039624871735841949 -0.2029384190024702 -1.7803822961935947e-14 -1.2878587085651816e-14 2.6201263381153694e-14 -10.849153118462279 
1 0.477634 -0.21590899999999999 0.46278000000000002 1 0 0 0 1 0 0 0 1 0 0 0 0 0 0 
2 0.49008037376273667 -0.23034238851881469 0.47280934109028283 0.65305539607215402 0.75731014099973726 2.7755566034352349e-17 -0.75731014099973726 0.65305539607215402 1.9428896224046645e-16 1.2901107921924948e-16 -1.4790102681539849e-16 1 -0.3146253480721794 -0.27131262916074994 -3.2703155175720039e-15 1.021405182655144e-14 -5.0404125317982107e-14 -21.798500732423332 
1 0.477634 -0.21590899999999999 0.46278000000000002 1 0 0 0 1 0 0 0 1 0 0 0 0 0 0 
2 0.47279789599014821 -0.23434380595160523 0.47280935346774872 -0.2537479550333519 0.96727037343050681 8.3266806590098512e-17 -0.96727037343050681 -0.2537479550333519 4.7184523734389156e-16 4.7753070082142732e-16 3.9188248963468679e-17 1 -0.45443183042165358 0.1192147279222987 -1.6643504319152794e-14 -4.929390229335695e-14 -1.3711254354120683e-14 -24.650636699680913 
1 0.477634 -0.21590899999999999 0.46278000000000002 1 0 0 0 1 0 0 0 1 0 0 0 0 0 0 
2 0.46056671731060422 -0.22439085619484794 0.47280934215941595 -0.89551249708698033 0.44503636656012835 2.2204455326366234e-16 -0.44503636656012835 -0.89551249708698033 5.5511138315915586e-17 2.2354814765743706e-16 -4.9106983109500861e-17 1 -0.14121972856929954 0.28416432308800221 -1.1679508865218312e-14 -2.2204460492503131e-15 -2.5757174171303632e-14 -16.649714524099682 
1 0.477634 -0.21590899999999999 0.46278000000000002 1 0 0 0 1 0 0 0 1 0 0 0 0 0 0 
2 0.45858790663490723 -0.21660210927783557 0.47280934313314499 -0.99933848701294303 0.036367408138081266 -8.3266716008486494e-17 -0.036367408138081266 -0.99933848701294303 -2.602084875265203e-17 -8.4157944821144275e-17 -2.2975440977869575e-17 1 -0.0030451544058406241 0.083666442264241525 1.1462777018261317e-14 9.1038288019262836e-15 1.1546319456101628e-14 -4.3928288480754452 
1 0.477634 -0.21590899999999999 0.46278000000000002 1 0 0 0 1 0 0 0 1 0 0 0 0 0 0 
2 0.45869722793294032 -0.21806130886503852 0.47280934390655971 -0.99360283008335315 0.11293102341850644 8.3266722787370423e-17 -0.11293102341850644 -0.99360283008335315 -1.1449174383263433e-16 6.9804381609308425e-17 -1.2316271691436659e-16 1 0.017702392087462611 -0.15575393077381383 2.1875969796075875e-15 -1.9095836023552692e-14 -3.1086244689504383e-15 8.2249700268051491 
1 0.477634 -0.21590899999999999 0.46278000000000002 1 0 0 0 1 0 0 0 1 0 0 0 0 0 0 
2 0.4628649674883803 -0.22795519150738275 0.47280934058723351 -0.77492299376953899 0.63205565714362133 2.775556456463204e-17 -0.63205565714362133 -0.77492299376953899 1.9428895195242427e-16 1.4430985638822339e-16 1.3301591470302802e-16 1 0.23960030538883459 -0.29376284253074014 2.2916991260751365e-15 8.8817841970012523e-16 -2.8643754035329039e-14 19.890292313398049 
1 0.477634 -0.21590899999999999 0.46278000000000002 1 0 0 0 1 0 0 0 1 0 0 0 0 0 0 
2 0.47853942586281212 -0.23494609614277884 0.47280935175365918 0.047504678545327798 0.99887101545510126 -2.2551422715869606e-17 -0.99887101545510126 0.047504678545327798 5.5511194377525189e-17 5.6519821183861285e-17 1.988892106358637e-17 1 0.47687534873579523 0.022685794311850173 -1.1801533974779674e-14 -5.3790305543088834e-14 6.2042385118310506e-15 25.049517536243044 
1 0.477634 -0.21590899999999999 0.46278000000000002 1 0 0 0 1 0 0 0 1 0 0 0 0 0 0 
2 0.49324496535005569 -0.22684201442893864 0.47280934438807881 0.81910194908021705 0.57364797307494209 -2.7755575669275406e-17 -0.57364797307494209 0.81910194908021705 -6.9388939173188511e-17 -1.7070178181973104e-17 7.2758545045575343e-17 1 0.20687574512191423 0.29539587008326318 -7.1961457775103194e-16 -1.3322676295501878e-14 -3.3306690738754696e-15 18.922483232598491 
1 0.477634 -0.21590899999999999 0.46278000000000002 1 0 0 0 1 0 0 0 1 0 0 0 0 0 0 
2 0.49662419594606066 -0.21752356014070295 0.47280934235627953 0.9964052084080216 0.084715173713845029 -5.5511139466238814e-17 -0.084715173713845029 0.9964052084080216 6.9388924332798519e-17 6.118988326749431e-17 -6.4436849788094648e-17 1 0.011358357345745002 0.13357228161705736 3.9665196423016148e-16 1.5765166949677223e-14 3.9968028886505635e-15 7.0337533585407019 
1 0.477634 -0.21590899999999999 0.46278000000000002 1 0 0 0 1 0 0 0 1 0 0 0 0 0 0 
2 0.49666299732867231 -0.21697244159615001 0.4728093442570897 0.9984420378872928 0.055798718439313194 -2.4980017757916718e-16 -0.055798718439313194 0.9984420378872928 2.4633073066834541e-16 2.631559374502646e-16 -2.3200842694793826e-16 1 -0.0059420665085667141 -0.10632749331394532 -1.1656259377752265e-14 6.6613381477509392e-16 1.9761969838327786e-14 -5.5877053153802567 
1 0.477634 -0.21590899999999999 0.46278000000000002 1 0 0 0 1 0 0 0 1 0 0 0 0 0 0 
2 0.49410702010008006 -0.22549411738525121 0.47280934097699373 0.86432993994796314 0.5029251981254772 1.1102226281345756e-16 -0.5029251981254772 0.86432993994796314 -1.3877782851682194e-16 -1.6575473265268893e-16 6.4113938666256512e-17 1 -0.16975197329425648 -0.29174545390614248 -7.9813526553824665e-16 -2.1760371282653068e-14 -1.4210854715202004e-14 -17.710344679419713 
1 0.477634 -0.21590899999999999 0.46278000000000002 1 0 0 0 1 0 0 0 1 0 0 0 0 0 0 
2 0.48070459161197537 -0.23471866779505318 0.47280934859548851 0.16111610441817942 0.98693545933719007 -2.7755587961757869e-17 -0.98693545933719007 0.16111610441817942 1.6653352777054722e-16 1.6882971593350228e-16 5.6174070480402058e-19 1 -0.46825167236994947 -0.076435477116929676 1.1324393259705172e-14 -6.5503158452884236e-15 3.8441472227646045e-15 -24.893685396997277 
1 0.477634 -0.21590899999999999 0.46278000000000002 1 0 0 0 1 0 0 0 1 0 0 0 0 0 0 
2 0.46406117663294205 -0.22928847279461267 0.47280934747581804 -0.71216297050513133 0.70201417609711236 1.9428909283347994e-16 -0.70201417609711236 -0.71216297050513133 2.2204467752397708e-16 2.9424400883778207e-16 2.1738299700178691e-17 1 -0.28026712538452164 0.28432817563835394 1.2548170378835569e-14 -4.1744385725905886e-14 -4.2188474935755949e-14 -20.948265381352059 
1 0.477634 -0.21590899999999999 0.46278000000000002 1 0 0 0 1 0 0 0 1 0 0 0 0 0 0 
2 0.45880403066676162 -0.21885294814017162 0.47280934163864724 -0.98799795312717686 0.15446696933813672 -8.3266702909401329e-17 -0.15446696933813672 -0.98799795312717686 -1.1102227054586844e-16 -9.9416605698396226e-17 -9.6827820805655444e-17 1 -0.02841789160309225 0.18173939160769806 -9.6927525166881023e-15 -9.7699626167013776e-15 -2.2648549702353193e-14 -9.6516923859790769 
1 0.477634 -0.21590899999999999 0.46278000000000002 1 0 0 0 1 0 0 0 1 0 0 0 0 0 0 
2 0.45857939442545903 -0.21630349906808138 0.47280934433771399 -0.99978573978094187 0.020699626341431087 2.775557552212817e-17 -0.020699626341431087 -0.99978573978094187 -4.3368086753325264e-17 2.6851925415500114e-17 -4.3933324739756789e-17 1 0.0011642413619836446 -0.056233521580517289 2.1977330145901483e-15 1.8762769116165146e-14 -1.6986412276764895e-14 2.9512488071153444 
1 0.477634 -0.21590899999999999 0.46278000000000002 1 0 0 0 1 0 0 0 1 0 0 0 0 0 0 
2 0.46000147852904455 -0.22314285968491485 0.47280934181120798 -0.92516850417591756 0.37955663461583078 2.2204454512499876e-16 -0.37955663461583078 -0.92516850417591756 2.2204454512499876e-16 2.8970709995616463e-16 1.2115013939126965e-16 1 0.1109731653423031 -0.27050927837598415 3.2140884009334741e-15 7.9936057773011271e-15 -9.3258734068513149e-15 15.341424247520754 
1 0.477634 -0.21590899999999999 0.46278000000000002 1 0 0 0 1 0 0 0 1 0 0 0 0 0 0 
2 0.47079753754282616 -0.2336993401111698 0.47280934525089235 -0.35870892410819682 0.93344946717277621 -1.5265568004551499e-16 -0.93344946717277621 -0.35870892410819682 2.7755578190093635e-17 -2.8850525075516589e-17 1.5245253678995321e-16 1 0.43050530700194367 -0.1654343812718434 -6.3071398652752827e-15 -4.3520742565306136e-14 3.7969627442180354e-14 24.198242762275701 
1 0.477634 -0.21590899999999999 0.46278000000000002 1 0 0 0 1 0 0 0 1 0 0 0 0 0 0 
2 0.48855648836066135 -0.23152725871292723 0.4728093504983138 0.5731012321629585 0.81948458050978523 -8.3266780563322745e-17 -0.81948458050978523 0.5731012321629585 0 4.7720294539082949e-17 6.8235842740334878e-17 1 0.35367269535877599 0.2473570899137926 -8.3233064217827568e-15 -3.5527136788005009e-15 1.8096635301390052e-14 22.645640119854033 
1 0.477634 -0.21590899999999999 0.46278000000000002 1 0 0 0 1 0 0 0 1 0 0 0 0 0 0 
2 0.49611528926679671 -0.22056481313588197 0.47280934125154411 0.96970298354605178 0.24428696997974675 -8.3266699516492617e-17 -0.24428696997974675 0.96970298354605178 -6.9388916263743845e-17 6.3793158846927113e-17 8.7627608851077579e-17 1 0.056929970951564171 0.22596022571273422 -3.7254961238000197e-15 1.0658141036401503e-14 -7.5495165674510645e-15 12.22670005437611 
1 0.477634 -0.21590899999999999 0.46278000000000002 1 0 0 0 1 0 0 0 1 0 0 0 0 0 0 
2 0.49669213745986918 -0.21605421277540465 0.47280934416659393 0.99997096984073808 0.007619676881186011 -8.3266725066539018e-17 -0.007619676881186011 0.99997096984073808 5.1824862736726104e-17 8.3659196528714785e-17 -5.1188892712745551e-17 1 -4.6259781960481567e-05 -0.006123295208983838 3.6988316712095248e-15 -6.4254157550180935e-15 -5.8703042427055152e-15 -0.32138495657381783 
1 0.477634 -0.21590899999999999 0.46278000000000002 1 0 0 0 1 0 0 0 1 0 0 0 0 0 0 
2 0.49599014359613197 -0.22103600616674321 0.47280934272133518 0.96313694896473778 0.26901155651550762 -3.053112787964287e-16 -0.26901155651550762 0.96313694896473778 3.1225017149634757e-16 3.7805547820098141e-16 -2.1860741515794094e-16 1 -0.065890119599585295 -0.23591949583402794 -6.3144823961980458e-15 -1.865174681370263e-14 -8.4376949871511897e-15 -12.852362623993187 
1 0.477634 -0.21590899999999999 0.46278000000000002 1 0 0 0 1 0 0 0 1 0 0 0 0 0 0 
2 0.48781229376301655 -0.23202224513519731 0.47280934272995051 0.53405166270153215 0.84545184461666945 5.5511141649691273e-17 -0.84545184461666945 0.53405166270153215 1.3877785412422819e-16 8.7684175264793898e-17 -1.2104654084570346e-16 1 -0.37080095084751746 -0.23423135337850975 -6.8027166039917806e-15 2.7977620220553945e-14 -2.0872192862952943e-14 -23.01181551790944 
1 0.477634 -0.21590899999999999 0.46278000000000002 1 0 0 0 1 0 0 0 1 0 0 0 0 0 0 
2 0.46992977603929503 -0.23334101593021186 0.47280935230650478 -0.40423892955883056 0.91465342498081248 1.3877799401986428e-17 -0.91465342498081248 -0.40423892955883056 0 5.6099467748911727e-18 -1.2693376754223557e-17 1 -0.4172050224156662 0.18441234703371334 5.4451385822014775e-15 -1.6875389974302379e-14 -1.6486811915683575e-14 -23.933754799266325 
1 0.477634 -0.21590899999999999 0.46278000000000002 1 0 0 0 1 0 0 0 1 0 0 0 0 0 0 
2 0.45979224645453876 -0.22261021491156874 0.47280934149866805 -0.93614749780994022 0.35160754022658264 2.7755567227500561e-17 -0.35160754022658264 -0.93614749780994022 2.081667542062542e-16 9.9176305213732905e-17 1.8511571935694669e-16 1 -0.098687221619470092 0.26273478580554666 1.4145827194343107e-14 1.4210854715202004e-14 3.5527136788005009e-15 -14.726350408075987 
1 0.477634 -0.21590899999999999 0.46278000000000002 1 0 0 0 1 0 0 0 1 0 0 0 0 0 0 
2 0.45857786328012717 -0.21622123003697946 0.47280934378142775 -0.99986579071645276 0.016382934870243459 1.38777869484341e-16 -0.016382934870243459 -0.99986579071645276 1.6956920927617915e-16 1.4153728551747562e-16 1.6727286271689741e-16 1 -0.00071980066879891516 0.043835653280272682 -1.4133380380498193e-14 1.787459069646502e-14 1.8762769116165146e-14 -2.3002475148402679 
1 0.477634 -0.21590899999999999 0.46278000000000002 1 0 0 0 1 0 0 0 1 0 0 0 0 0 0 
2 0.45887228601644586 -0.21926041918602701 0.47280934348598869 -0.98441739943569717 0.17584761496323748 -1.1102229213482264e-16 -0.17584761496323748 -0.98441739943569717 -1.1796118539324904e-16 -1.300354692123915e-16 -9.6600038079514009e-17 1 0.034501645103878806 -0.19315875276297595 -7.0618142290046566e-15 4.4408920985006262e-16 8.8817841970012523e-15 10.295449645734383 
1 0.477634 -0.21590899999999999 0.46278000000000002 1 0 0 0 1 0 0 0 1 0 0 0 0 0 0 
2 0.46467640617463363 -0.22988524866658289 0.47280934143508341 -0.67987868574790933 0.73332460252312248 1.3877783520865172e-16 -0.73332460252312248 -0.67987868574790933 1.6653340225038207e-16 2.1647513322468276e-16 1.1453309811713769e-17 1 0.29919297126116062 -0.27739971447954204 -5.6513339847004738e-15 -6.6613381477509392e-15 8.8817841970012523e-15 21.407300579481575 
1 0.477634 -0.21590899999999999 0.46278000000000002 1 0 0 0 1 0 0 0 1 0 0 0 0 0 0 
2 0.48168019088927516 -0.23453314643258846 0.47280935219066222 0.21230132783014108 0.97720424999155575 -1.3183909271123815e-16 -0.97720424999155575 0.21230132783014108 5.5511196931047638e-17 8.2235392005654888e-17 1.1704862089455079e-16 1 0.4608305779777413 0.10014367896571755 3.9759908991453646e-15 1.9539925233402755e-14 6.539213615042172e-14 24.743556853576514 
1 0.477634 -0.21590899999999999 0.46278000000000002 1 0 0 0 1 0 0 0 1 0 0 0 0 0 0 
2 0.49443520359295534 -0.22490641479212126 0.47280934260863061 0.88155152558433691 0.47208781782622627 -1.9428899329276111e-16 -0.47208781782622627 0.88155152558433691 1.9428899329276111e-16 2.6299722531271249e-16 -7.9554291570244652e-17 1 0.15388949040353089 0.28735841760416786 -1.6078844244548533e-15 6.6613381477509392e-15 -1.5543122344752192e-14 17.104136399614106 
1 0.477634 -0.21590899999999999 0.46278000000000002 1 0 0 0 1 0 0 0 1 0 0 0 0 0 0 
2 0.4966718461488791 -0.21680031551475623 0.47280934324686053 0.99890581938849676 0.046767125117926786 -8.326671700518905e-17 -0.046767125117926786 0.99890581938849676 -1.9255428307449967e-16 7.4170397929320619e-17 1.9623773888363834e-16 1 0.0043820800526055267 0.093521320042837475 6.5783529900147773e-15 -8.2156503822261584e-15 -2.886579864025407e-15 4.9123197967143879 
1 0.477634 -0.21590899999999999 0.46278000000000002 1 0 0 0 1 0 0 0 1 0 0 0 0 0 0 
2 0.49659210593259279 -0.21786449327818169 0.47280934401211927 0.99472226771047167 0.10260414280591527 2.7755574570862249e-17 -0.10260414280591527 0.99472226771047167 -6.5919489605797836e-17 -3.4372700803941527e-17 6.2723747250067112e-17 1 -0.01506928891144718 -0.14610432693735625 2.1433451102560332e-15 1.2434497875801753e-14 -2.4424906541753444e-15 -7.7068110616918197 
1 0.477634 -0.21590899999999999 0.46278000000000002 1 0 0 0 1 0 0 0 1 0 0 0 0 0 0 
2 0.49275649372413394 -0.22750835262547794 0.47280934122723917 0.79346901303145079 0.60861065169687545 0 -0.60861065169687545 0.79346901303145079 2.6367788112762994e-16 1.6047716707113812e-16 -2.0922022809656473e-16 1 -0.22582986262089974 -0.29444139363583532 2.1475213407714764e-15 -2.4868995751603507e-14 -1.9317880628477724e-14 -19.469719227146356 
1 0.477634 -0.21590899999999999 0.46278000000000002 1 0 0 0 1 0 0 0 1 0 0 0 0 0 0 
2 0.47748434825518332 -0.23496704195228912 0.47280935031345844 -0.0078498708231236908 0.99996918928938017 -3.5345012936778511e-17 -0.99996918928938017 -0.0078498708231236908 0 -2.7745378579534701e-19 3.5343923931813063e-17 1 -0.47702681899515087 0.0037668659489201893 1.1824750232993852e-14 7.4107386893729199e-15 6.0059108294291397e-15 -25.029392807217896 
1 0.477634 -0.21590899999999999 0.46278000000000002 1 0 0 0 1 0 0 0 1 0 0 0 0 0 0 
2 0.46237585021118621 -0.22732924311860353 0.47280934457014412 -0.80058960477507624 0.59921305453576967 0 -0.59921305453576967 -0.80058960477507624 1.9428903340841719e-16 1.1642052517145986e-16 1.5554578046857631e-16 1 -0.22039247018359795 0.29446686211051887 -1.5015343753430017e-14 -1.021405182655144e-14 -1.6653345369377348e-14 -19.299564831917611 
1 0.477634 -0.21590899999999999 0.46278000000000002 1 0 0 0 1 0 0 0 1 0 0 0 0 0 0 
