       1 -5.654319e-19 -1.832302e-20 5.000000e-03 1.000000e+00 0.000000e+00 0.000000e+00 0.000000e+00 1.000000e+00 0.000000e+00 0.000000e+00 0.000000e+00 1.000000e+00 0.000000e+00 0.000000e+00 0.000000e+00 0.000000e+00 0.000000e+00 0.000000e+00
       2 5.000000e-02 -2.653240e-19 5.000000e-03 2.219886e-16 -1.000000e+00 3.388132e-21 1.000000e+00 2.219886e-16 -1.504538e-36 7.524112e-37 3.388132e-21 1.000000e+00 0.000000e+00 0.000000e+00 0.000000e+00 0.000000e+00 0.000000e+00 0.000000e+00
       1 -5.654319e-19 -1.832302e-20 5.000000e-03 1.000000e+00 0.000000e+00 0.000000e+00 0.000000e+00 1.000000e+00 0.000000e+00 0.000000e+00 0.000000e+00 1.000000e+00 0.000000e+00 -4.723343e-32 7.396861e-15 0.000000e+00 0.000000e+00 0.000000e+00
       2 4.965453e-02 -5.867493e-03 5.000000e-03 1.173499e-01 -9.930906e-01 6.303763e-34 9.930906e-01 1.173499e-01 2.700415e-33 -2.755713e-33 3.295301e-34 1.000000e+00 -3.447473e-02 -2.917512e-01 1.060485e-14 3.637952e-28 -2.317407e-29 -5.875618e+00
       1 -5.654319e-19 -1.832302e-20 5.000000e-03 1.000000e+00 0.000000e+00 0.000000e+00 0.000000e+00 1.000000e+00 0.000000e+00 0.000000e+00 0.000000e+00 1.000000e+00 0.000000e+00 -4.723343e-32 7.396861e-15 0.000000e+00 0.000000e+00 0.000000e+00
       2 4.464025e-02 -2.252218e-02 5.000000e-03 4.504435e-01 -8.928049e-01 2.163249e-34 8.928049e-01 4.504435e-01 -1.696668e-33 1.417370e-33 9.777914e-34 1.000000e+00 -2.592636e-01 -5.138770e-01 1.095075e-14 -1.707083e-28 -1.107696e-29 -1.151150e+01
       1 -5.654319e-19 -1.832302e-20 5.000000e-03 1.000000e+00 0.000000e+00 0.000000e+00 0.000000e+00 1.000000e+00 0.000000e+00 0.000000e+00 0.000000e+00 1.000000e+00 0.000000e+00 -4.723343e-32 7.396861e-15 0.000000e+00 0.000000e+00 0.000000e+00
       2 2.610187e-02 -4.264613e-02 5.000000e-03 8.529226e-01 -5.220374e-01 -2.654575e-33 5.220374e-01 8.529226e-01 -1.656774e-33 3.129063e-33 4.771500e-35 1.000000e+00 -6.755324e-01 -4.134651e-01 1.353227e-14 2.416234e-29 -4.758015e-29 -1.584040e+01
       1 -5.654319e-19 -1.832302e-20 5.000000e-03 1.000000e+00 0.000000e+00 0.000000e+00 0.000000e+00 1.000000e+00 0.000000e+00 0.000000e+00 0.000000e+00 1.000000e+00 0.000000e+00 -4.723343e-32 7.396861e-15 0.000000e+00 0.000000e+00 0.000000e+00
       2 -6.089438e-03 -4.962780e-02 5.000000e-03 9.925560e-01 1.217888e-01 1.998708e-34 -1.217888e-01 9.925560e-01 6.663139e-36 -1.975528e-34 -1.055299e-35 1.000000e+00 -8.480362e-01 1.040560e-01 1.855169e-14 -5.342383e-30 4.497475e-30 -1.708790e+01
       1 -5.654319e-19 -1.832302e-20 5.000000e-03 1.000000e+00 0.000000e+00 0.000000e+00 0.000000e+00 1.000000e+00 0.000000e+00 0.000000e+00 0.000000e+00 1.000000e+00 0.000000e+00 -4.723343e-32 7.396861e-15 0.000000e+00 0.000000e+00 0.000000e+00
       2 -3.467454e-02 -3.602327e-02 5.000000e-03 7.204654e-01 6.934909e-01 8.689020e-34 -6.934909e-01 7.204654e-01 4.756158e-34 -2.961600e-34 -9.248378e-34 1.000000e+00 -5.244466e-01 5.048121e-01 1.169475e-14 -5.555090e-29 5.648956e-29 -1.455855e+01
       1 -5.654319e-19 -1.832302e-20 5.000000e-03 1.000000e+00 0.000000e+00 0.000000e+00 0.000000e+00 1.000000e+00 0.000000e+00 0.000000e+00 0.000000e+00 1.000000e+00 0.000000e+00 -4.723343e-32 7.396861e-15 0.000000e+00 0.000000e+00 0.000000e+00
       2 -4.751122e-02 -1.557831e-02 5.000000e-03 3.115662e-01 9.502245e-01 1.460382e-34 -9.502245e-01 3.115662e-01 1.096219e-32 1.037106e-32 -3.533814e-33 1.000000e+00 -1.491440e-01 4.548663e-01 1.419655e-14 -6.678068e-29 1.014283e-28 -9.573862e+00
       1 -5.654319e-19 -1.832302e-20 5.000000e-03 1.000000e+00 0.000000e+00 0.000000e+00 0.000000e+00 1.000000e+00 0.000000e+00 0.000000e+00 0.000000e+00 1.000000e+00 0.000000e+00 -4.723343e-32 7.396861e-15 0.000000e+00 0.000000e+00 0.000000e+00
       2 -4.994061e-02 -2.436340e-03 5.000000e-03 4.872679e-02 9.988121e-01 1.768436e-33 -9.988121e-01 4.872679e-02 -3.879909e-32 -3.883915e-32 1.446227e-34 1.000000e+00 -9.224035e-03 1.890819e-01 1.163526e-14 -1.871835e-27 -8.520015e-30 -3.786136e+00
       1 -5.654319e-19 -1.832302e-20 5.000000e-03 1.000000e+00 0.000000e+00 0.000000e+00 0.000000e+00 1.000000e+00 0.000000e+00 0.000000e+00 0.000000e+00 1.000000e+00 0.000000e+00 -6.723903e-32 1.789541e-14 0.000000e+00 0.000000e+00 0.000000e+00
       2 -4.999442e-02 -7.471506e-04 5.000000e-03 1.494301e-02 9.998883e-01 1.129794e-33 -9.998883e-01 1.494301e-02 -4.071348e-32 -4.072578e-32 -5.008832e-34 1.000000e+00 1.566379e-03 -1.048221e-01 1.860932e-14 -2.300417e-27 -1.468432e-29 2.096675e+00
       1 -5.654319e-19 -1.832302e-20 5.000000e-03 1.000000e+00 0.000000e+00 0.000000e+00 0.000000e+00 1.000000e+00 0.000000e+00 0.000000e+00 0.000000e+00 1.000000e+00 0.000000e+00 -6.723903e-32 1.789541e-14 0.000000e+00 0.000000e+00 0.000000e+00
       2 -4.883652e-02 -1.072355e-02 5.000000e-03 2.144710e-01 9.767303e-01 -4.460415e-34 -9.767303e-01 2.144710e-01 2.480926e-33 2.518895e-33 -7.602199e-35 1.000000e+00 8.517898e-02 -3.879193e-01 1.649954e-14 3.297239e-29 -6.877416e-29 7.943218e+00
       1 -5.654319e-19 -1.832302e-20 5.000000e-03 1.000000e+00 0.000000e+00 0.000000e+00 0.000000e+00 1.000000e+00 0.000000e+00 0.000000e+00 0.000000e+00 1.000000e+00 0.000000e+00 -6.723903e-32 1.789541e-14 0.000000e+00 0.000000e+00 0.000000e+00
       2 -3.997671e-02 -3.003103e-02 5.000000e-03 6.006206e-01 7.995342e-01 5.546912e-33 -7.995342e-01 6.006206e-01 -2.464970e-33 -5.302382e-33 -2.934031e-33 1.000000e+00 3.991919e-01 -5.313976e-01 9.487996e-15 6.399240e-29 1.399070e-28 1.329266e+01
       1 -5.654319e-19 -1.832302e-20 5.000000e-03 1.000000e+00 0.000000e+00 0.000000e+00 0.000000e+00 1.000000e+00 0.000000e+00 0.000000e+00 0.000000e+00 1.000000e+00 0.000000e+00 -6.723903e-32 1.789541e-14 0.000000e+00 0.000000e+00 0.000000e+00
       2 -1.556921e-02 -4.751421e-02 5.000000e-03 9.502841e-01 3.113842e-01 2.007646e-36 -3.113842e-01 9.502841e-01 3.003177e-33 9.332697e-34 -2.834094e-33 1.000000e+00 7.944416e-01 -2.603189e-01 1.054516e-14 -7.986219e-29 8.514120e-30 1.672007e+01
       1 -5.654319e-19 -1.832302e-20 5.000000e-03 1.000000e+00 0.000000e+00 0.000000e+00 0.000000e+00 1.000000e+00 0.000000e+00 0.000000e+00 0.000000e+00 1.000000e+00 0.000000e+00 -6.723903e-32 1.789541e-14 0.000000e+00 0.000000e+00 0.000000e+00
       2 1.773824e-02 -4.674778e-02 5.000000e-03 9.349556e-01 -3.547647e-01 -1.835366e-34 3.547647e-01 9.349556e-01 7.021451e-35 1.467246e-34 -1.103572e-34 1.000000e+00 7.752973e-01 2.941836e-01 1.470297e-14 -3.079335e-29 -2.236042e-30 1.658467e+01
       1 -5.654319e-19 -1.832302e-20 5.000000e-03 1.000000e+00 0.000000e+00 0.000000e+00 0.000000e+00 1.000000e+00 0.000000e+00 0.000000e+00 0.000000e+00 1.000000e+00 0.000000e+00 -6.723903e-32 1.789541e-14 0.000000e+00 0.000000e+00 0.000000e+00
       2 4.103950e-02 -2.856150e-02 5.000000e-03 5.712299e-01 -8.207901e-01 1.328090e-33 8.207901e-01 5.712299e-01 2.802781e-33 -3.059104e-33 -4.905470e-34 1.000000e+00 3.702523e-01 5.320103e-01 1.446069e-14 -2.686618e-29 5.041795e-30 1.296335e+01
       1 -5.654319e-19 -1.832302e-20 5.000000e-03 1.000000e+00 0.000000e+00 0.000000e+00 0.000000e+00 1.000000e+00 0.000000e+00 0.000000e+00 0.000000e+00 1.000000e+00 0.000000e+00 -6.723903e-32 1.789541e-14 0.000000e+00 0.000000e+00 0.000000e+00
       2 4.905477e-02 -9.676212e-03 5.000000e-03 1.935242e-01 -9.810955e-01 1.060022e-32 9.810955e-01 1.935242e-01 1.079071e-32 -1.263808e-32 8.331963e-33 1.000000e+00 7.300997e-02 3.701360e-01 1.697810e-14 3.248121e-29 1.556714e-28 7.545358e+00
       1 -5.654319e-19 -1.832302e-20 5.000000e-03 1.000000e+00 0.000000e+00 0.000000e+00 0.000000e+00 1.000000e+00 0.000000e+00 0.000000e+00 0.000000e+00 1.000000e+00 0.000000e+00 -6.723903e-32 1.789541e-14 0.000000e+00 0.000000e+00 0.000000e+00
       2 4.999764e-02 -4.855943e-04 5.000000e-03 9.711886e-03 -9.999528e-01 9.353966e-34 9.999528e-01 9.711886e-03 -8.155866e-32 8.154577e-32 1.747843e-33 1.000000e+00 8.206739e-04 8.451092e-02 1.509739e-14 4.416704e-27 5.937486e-29 1.690298e+00
       1 -5.654319e-19 -1.832302e-20 5.000000e-03 1.000000e+00 0.000000e+00 0.000000e+00 0.000000e+00 1.000000e+00 0.000000e+00 0.000000e+00 0.000000e+00 1.000000e+00 0.000000e+00 -6.172605e-32 1.174061e-14 0.000000e+00 0.000000e+00 0.000000e+00
       2 4.991072e-02 -2.986598e-03 5.000000e-03 5.973197e-02 -9.982145e-01 4.868988e-33 9.982145e-01 5.973197e-02 4.094556e-32 -4.116325e-32 2.434938e-33 1.000000e+00 -1.251935e-02 -2.092231e-01 1.745315e-14 -1.260379e-27 1.192968e-28 -4.191945e+00
       1 -5.654319e-19 -1.832302e-20 5.000000e-03 1.000000e+00 0.000000e+00 0.000000e+00 0.000000e+00 1.000000e+00 0.000000e+00 0.000000e+00 0.000000e+00 1.000000e+00 0.000000e+00 -6.172605e-32 1.174061e-14 0.000000e+00 0.000000e+00 0.000000e+00
       2 4.707362e-02 -1.685451e-02 5.000000e-03 3.370902e-01 -9.414724e-01 2.307675e-33 9.414724e-01 3.370902e-01 9.368910e-33 -9.598429e-33 -9.651532e-34 1.000000e+00 -1.678416e-01 -4.687735e-01 1.285019e-14 -1.452169e-28 8.236050e-29 -9.958296e+00
       1 -5.654319e-19 -1.832302e-20 5.000000e-03 1.000000e+00 0.000000e+00 0.000000e+00 0.000000e+00 1.000000e+00 0.000000e+00 0.000000e+00 0.000000e+00 1.000000e+00 0.000000e+00 -6.172605e-32 1.174061e-14 0.000000e+00 0.000000e+00 0.000000e+00
       2 3.318353e-02 -3.740125e-02 5.000000e-03 7.480249e-01 -6.636706e-01 -5.242478e-34 6.636706e-01 7.480249e-01 -2.098475e-33 1.784883e-33 1.242187e-33 1.000000e+00 -5.548246e-01 -4.922583e-01 1.709626e-14 5.348840e-29 -3.597976e-30 -1.483438e+01
       1 -5.654319e-19 -1.832302e-20 5.000000e-03 1.000000e+00 0.000000e+00 0.000000e+00 0.000000e+00 1.000000e+00 0.000000e+00 0.000000e+00 0.000000e+00 1.000000e+00 0.000000e+00 -6.172605e-32 1.174061e-14 0.000000e+00 0.000000e+00 0.000000e+00
       2 3.737504e-03 -4.986011e-02 5.000000e-03 9.972023e-01 -7.475008e-02 -4.451034e-35 7.475008e-02 9.972023e-01 -7.501840e-34 1.004977e-34 7.651606e-34 1.000000e+00 -8.539978e-01 -6.401559e-02 1.146561e-14 -1.963482e-29 -1.380454e-30 -1.712785e+01
       1 -5.654319e-19 -1.832302e-20 5.000000e-03 1.000000e+00 0.000000e+00 0.000000e+00 0.000000e+00 1.000000e+00 0.000000e+00 0.000000e+00 0.000000e+00 1.000000e+00 0.000000e+00 -6.172605e-32 1.174061e-14 0.000000e+00 0.000000e+00 0.000000e+00
       2 -2.793027e-02 -4.147167e-02 5.000000e-03 8.294335e-01 5.586055e-01 2.692799e-33 -5.586055e-01 8.294335e-01 2.690695e-33 -7.304249e-34 -3.715562e-33 1.000000e+00 -6.478195e-01 4.362932e-01 1.825615e-14 -4.740202e-29 4.911449e-29 -1.562076e+01
       1 -5.654319e-19 -1.832302e-20 5.000000e-03 1.000000e+00 0.000000e+00 0.000000e+00 0.000000e+00 1.000000e+00 0.000000e+00 0.000000e+00 0.000000e+00 1.000000e+00 0.000000e+00 -6.172605e-32 1.174061e-14 0.000000e+00 0.000000e+00 0.000000e+00
       2 -4.532324e-02 -2.111407e-02 5.000000e-03 4.222814e-01 9.064648e-01 -1.178961e-33 -9.064648e-01 4.222814e-01 -5.923944e-33 -4.871957e-33 3.590660e-33 1.000000e+00 -2.353335e-01 5.051663e-01 1.083864e-14 3.905558e-29 -1.898288e-28 -1.114584e+01
       1 -5.654319e-19 -1.832302e-20 5.000000e-03 1.000000e+00 0.000000e+00 0.000000e+00 0.000000e+00 1.000000e+00 0.000000e+00 0.000000e+00 0.000000e+00 1.000000e+00 0.000000e+00 -6.172605e-32 1.174061e-14 0.000000e+00 0.000000e+00 0.000000e+00
       2 -4.974041e-02 -5.088425e-03 5.000000e-03 1.017685e-01 9.948081e-01 4.572207e-34 -9.948081e-01 1.017685e-01 8.341887e-34 7.833627e-34 -5.193384e-34 1.000000e+00 -2.784172e-02 2.721625e-01 1.871515e-14 -2.475523e-28 -1.617641e-29 -5.471657e+00
       1 -5.654319e-19 -1.832302e-20 5.000000e-03 1.000000e+00 0.000000e+00 0.000000e+00 0.000000e+00 1.000000e+00 0.000000e+00 0.000000e+00 0.000000e+00 1.000000e+00 0.000000e+00 -1.723924e-30 3.305689e-14 0.000000e+00 0.000000e+00 0.000000e+00
       2 -4.999999e-02 -2.807494e-05 5.000000e-03 5.614988e-04 9.999998e-01 6.805539e-28 -9.999998e-01 5.614988e-04 3.148151e-25 3.148146e-25 -8.573221e-28 1.000000e+00 1.059742e-05 -2.032039e-02 2.962339e-13 -2.217617e-21 7.261909e-24 4.064079e-01
       1 -5.654319e-19 -1.832302e-20 5.000000e-03 1.000000e+00 0.000000e+00 0.000000e+00 0.000000e+00 1.000000e+00 0.000000e+00 0.000000e+00 0.000000e+00 1.000000e+00 0.000000e+00 -4.448898e-32 1.893624e-14 0.000000e+00 0.000000e+00 0.000000e+00
       2 -4.954902e-02 -6.700379e-03 5.000000e-03 1.340076e-01 9.909803e-01 2.663831e-34 -9.909803e-01 1.340076e-01 2.066528e-34 1.691269e-34 -2.712709e-34 1.000000e+00 4.206991e-02 -3.111086e-01 1.419590e-14 -4.623532e-29 1.574342e-29 6.278803e+00
       1 -5.654319e-19 -1.832302e-20 5.000000e-03 1.000000e+00 0.000000e+00 0.000000e+00 0.000000e+00 1.000000e+00 0.000000e+00 0.000000e+00 0.000000e+00 1.000000e+00 0.000000e+00 -4.448898e-32 1.893624e-14 0.000000e+00 0.000000e+00 0.000000e+00
       2 -4.388953e-02 -2.395223e-02 5.000000e-03 4.790445e-01 8.777906e-01 -1.699892e-33 -8.777906e-01 4.790445e-01 -7.308407e-33 -5.600892e-33 5.013605e-33 1.000000e+00 2.843446e-01 -5.210283e-01 1.732814e-14 7.899204e-29 -3.176923e-29 1.187134e+01
       1 -5.654319e-19 -1.832302e-20 5.000000e-03 1.000000e+00 0.000000e+00 0.000000e+00 0.000000e+00 1.000000e+00 0.000000e+00 0.000000e+00 0.000000e+00 1.000000e+00 0.000000e+00 -4.448898e-32 1.893624e-14 0.000000e+00 0.000000e+00 0.000000e+00
       2 -2.419852e-02 -4.375422e-02 5.000000e-03 8.750844e-01 4.839704e-01 -2.780691e-33 -4.839704e-01 8.750844e-01 3.312435e-33 4.036495e-33 -1.532485e-33 1.000000e+00 7.020315e-01 -3.882632e-01 1.016769e-14 -5.537349e-29 1.111047e-29 1.604487e+01
       1 -5.654319e-19 -1.832302e-20 5.000000e-03 1.000000e+00 0.000000e+00 0.000000e+00 0.000000e+00 1.000000e+00 0.000000e+00 0.000000e+00 0.000000e+00 1.000000e+00 0.000000e+00 -4.448898e-32 1.893624e-14 0.000000e+00 0.000000e+00 0.000000e+00
       2 8.421030e-03 -4.928576e-02 5.000000e-03 9.857152e-01 -1.684206e-01 -1.609005e-34 1.684206e-01 9.857152e-01 1.090399e-33 -2.500825e-35 -1.081520e-33 1.000000e+00 8.392841e-01 1.434014e-01 1.116456e-14 2.529169e-29 6.413422e-31 1.702891e+01
       1 -5.654319e-19 -1.832302e-20 5.000000e-03 1.000000e+00 0.000000e+00 0.000000e+00 0.000000e+00 1.000000e+00 0.000000e+00 0.000000e+00 0.000000e+00 1.000000e+00 0.000000e+00 -4.448898e-32 1.893624e-14 0.000000e+00 0.000000e+00 0.000000e+00
       2 3.608145e-02 -3.461400e-02 5.000000e-03 6.922801e-01 -7.216289e-01 1.477516e-33 7.216289e-01 6.922801e-01 1.787176e-33 -2.312497e-33 -1.506053e-34 1.000000e+00 4.939742e-01 5.149171e-01 1.297657e-14 -1.297245e-29 1.373604e-28 1.427094e+01
       1 -5.654319e-19 -1.832302e-20 5.000000e-03 1.000000e+00 0.000000e+00 0.000000e+00 0.000000e+00 1.000000e+00 0.000000e+00 0.000000e+00 0.000000e+00 1.000000e+00 0.000000e+00 -4.448898e-32 1.893624e-14 0.000000e+00 0.000000e+00 0.000000e+00
       2 4.789896e-02 -1.434188e-02 5.000000e-03 2.868376e-01 -9.579792e-01 -4.252099e-34 9.579792e-01 2.868376e-01 -6.386423e-33 6.240062e-33 1.444926e-33 1.000000e+00 1.317450e-01 4.400039e-01 7.138904e-15 -2.013047e-28 2.012952e-28 9.186076e+00
       1 -5.654319e-19 -1.832302e-20 5.000000e-03 1.000000e+00 0.000000e+00 0.000000e+00 0.000000e+00 1.000000e+00 0.000000e+00 0.000000e+00 0.000000e+00 1.000000e+00 0.000000e+00 -4.448898e-32 1.893624e-14 0.000000e+00 0.000000e+00 0.000000e+00
       2 4.996228e-02 -1.941823e-03 5.000000e-03 3.883646e-02 -9.992456e-01 1.209136e-33 9.992456e-01 3.883646e-02 6.540021e-32 -6.539779e-32 -1.311287e-33 1.000000e+00 6.563341e-03 1.688784e-01 1.517989e-14 -9.083618e-28 1.477186e-29 3.380117e+00
       1 -5.654319e-19 -1.832302e-20 5.000000e-03 1.000000e+00 0.000000e+00 0.000000e+00 0.000000e+00 1.000000e+00 0.000000e+00 0.000000e+00 0.000000e+00 1.000000e+00 0.000000e+00 -3.613526e-32 1.085243e-14 0.000000e+00 0.000000e+00 0.000000e+00
       2 4.998866e-02 -1.064817e-03 5.000000e-03 2.129633e-02 -9.997732e-01 -1.523387e-33 9.997732e-01 2.129633e-02 -8.365283e-32 8.366634e-32 2.788601e-34 1.000000e+00 -2.665072e-03 -1.251225e-01 7.106373e-15 -2.272315e-27 2.932478e-29 -2.503018e+00
       1 -5.654319e-19 -1.832302e-20 5.000000e-03 1.000000e+00 0.000000e+00 0.000000e+00 0.000000e+00 1.000000e+00 0.000000e+00 0.000000e+00 0.000000e+00 1.000000e+00 0.000000e+00 -3.613526e-32 1.085243e-14 0.000000e+00 0.000000e+00 0.000000e+00
       2 4.858297e-02 -1.181928e-02 5.000000e-03 2.363855e-01 -9.716593e-01 -5.217165e-33 9.716593e-01 2.363855e-01 -8.309743e-33 9.307541e-33 -3.084601e-33 1.000000e+00 -9.856235e-02 -4.051416e-01 1.651761e-14 -8.348048e-29 3.213271e-29 -8.339164e+00
       1 -5.654319e-19 -1.832302e-20 5.000000e-03 1.000000e+00 0.000000e+00 0.000000e+00 0.000000e+00 1.000000e+00 0.000000e+00 0.000000e+00 0.000000e+00 1.000000e+00 0.000000e+00 -3.613526e-32 1.085243e-14 0.000000e+00 0.000000e+00 0.000000e+00
       2 3.883306e-02 -3.149593e-02 5.000000e-03 6.299186e-01 -7.766611e-01 -2.360220e-33 7.766611e-01 6.299186e-01 -1.578264e-34 1.609364e-33 -1.713271e-33 1.000000e+00 -4.287539e-01 -5.286354e-01 1.426759e-14 2.501166e-29 -3.922049e-29 -1.361300e+01
       1 -5.654319e-19 -1.832302e-20 5.000000e-03 1.000000e+00 0.000000e+00 0.000000e+00 0.000000e+00 1.000000e+00 0.000000e+00 0.000000e+00 0.000000e+00 1.000000e+00 0.000000e+00 -3.613526e-32 1.085243e-14 0.000000e+00 0.000000e+00 0.000000e+00
       2 1.335037e-02 -4.818472e-02 5.000000e-03 9.636945e-01 -2.670074e-01 -3.491582e-35 2.670074e-01 9.636945e-01 9.848051e-35 7.393064e-36 -8.382535e-35 1.000000e+00 -8.113175e-01 -2.247892e-01 1.078668e-14 1.249979e-29 -5.587715e-30 -1.683763e+01
       1 -5.654319e-19 -1.832302e-20 5.000000e-03 1.000000e+00 0.000000e+00 0.000000e+00 0.000000e+00 1.000000e+00 0.000000e+00 0.000000e+00 0.000000e+00 1.000000e+00 0.000000e+00 -3.613526e-32 1.085243e-14 0.000000e+00 0.000000e+00 0.000000e+00
       2 -1.985145e-02 -4.589030e-02 5.000000e-03 9.178061e-01 3.970290e-01 6.931172e-34 -3.970290e-01 9.178061e-01 5.661120e-33 1.611521e-33 -5.450595e-33 1.000000e+00 -7.540639e-01 3.261971e-01 1.879977e-14 -3.366965e-29 -5.454398e-30 -1.643186e+01
       1 -5.654319e-19 -1.832302e-20 5.000000e-03 1.000000e+00 0.000000e+00 0.000000e+00 0.000000e+00 1.000000e+00 0.000000e+00 0.000000e+00 0.000000e+00 1.000000e+00 0.000000e+00 -3.613526e-32 1.085243e-14 0.000000e+00 0.000000e+00 0.000000e+00
       2 -4.202336e-02 -2.709312e-02 5.000000e-03 5.418623e-01 8.404673e-01 -6.764995e-33 -8.404673e-01 5.418623e-01 2.670251e-33 5.909995e-33 4.259251e-33 1.000000e+00 -3.420698e-01 5.305761e-01 1.295081e-14 -2.953914e-29 -5.148816e-29 -1.262572e+01
       1 -5.654319e-19 -1.832302e-20 5.000000e-03 1.000000e+00 0.000000e+00 0.000000e+00 0.000000e+00 1.000000e+00 0.000000e+00 0.000000e+00 0.000000e+00 1.000000e+00 0.000000e+00 -3.613526e-32 1.085243e-14 0.000000e+00 0.000000e+00 0.000000e+00
       2 -4.924104e-02 -8.678688e-03 5.000000e-03 1.735738e-01 9.848209e-01 4.553995e-33 -9.848209e-01 1.735738e-01 2.291407e-32 2.177584e-32 -8.441748e-33 1.000000e+00 -6.201614e-02 3.518695e-01 7.518773e-15 -5.305964e-29 1.025421e-28 -7.145854e+00
       1 -5.654319e-19 -1.832302e-20 5.000000e-03 1.000000e+00 0.000000e+00 0.000000e+00 0.000000e+00 1.000000e+00 0.000000e+00 0.000000e+00 0.000000e+00 1.000000e+00 0.000000e+00 -3.613526e-32 1.085243e-14 0.000000e+00 0.000000e+00 0.000000e+00
       2 -4.999922e-02 -2.801660e-04 5.000000e-03 5.603319e-03 9.999843e-01 1.207473e-32 -9.999843e-01 5.603319e-03 4.127759e-31 4.127018e-31 -1.436706e-32 1.000000e+00 -3.596098e-04 6.419398e-02 1.399190e-14 -1.518658e-26 5.002143e-29 -1.283900e+00
       1 -5.654319e-19 -1.832302e-20 5.000000e-03 1.000000e+00 0.000000e+00 0.000000e+00 0.000000e+00 1.000000e+00 0.000000e+00 0.000000e+00 0.000000e+00 1.000000e+00 0.000000e+00 -6.695014e-32 8.243406e-15 0.000000e+00 0.000000e+00 0.000000e+00
       2 -4.987078e-02 -3.592400e-03 5.000000e-03 7.184801e-02 9.974156e-01 2.239562e-33 -9.974156e-01 7.184801e-02 -2.154020e-32 -2.164540e-32 -6.657507e-34 1.000000e+00 1.651564e-02 -2.292797e-01 1.635394e-14 -7.460020e-28 6.481787e-30 4.597475e+00
       1 -5.654319e-19 -1.832302e-20 5.000000e-03 1.000000e+00 0.000000e+00 0.000000e+00 0.000000e+00 1.000000e+00 0.000000e+00 0.000000e+00 0.000000e+00 1.000000e+00 0.000000e+00 -6.695014e-32 8.243406e-15 0.000000e+00 0.000000e+00 0.000000e+00
       2 -4.658256e-02 -1.816770e-02 5.000000e-03 3.633540e-01 9.316512e-01 -9.877168e-35 -9.316512e-01 3.633540e-01 4.404540e-34 4.462778e-34 -4.761741e-35 1.000000e+00 1.878346e-01 -4.816157e-01 1.080556e-14 -6.320487e-30 -9.678794e-30 1.033896e+01
       1 -5.654319e-19 -1.832302e-20 5.000000e-03 1.000000e+00 0.000000e+00 0.000000e+00 0.000000e+00 1.000000e+00 0.000000e+00 0.000000e+00 0.000000e+00 1.000000e+00 0.000000e+00 -6.695014e-32 8.243406e-15 0.000000e+00 0.000000e+00 0.000000e+00
       2 -3.160894e-02 -3.874113e-02 5.000000e-03 7.748225e-01 6.321788e-01 -4.139455e-34 -6.321788e-01 7.748225e-01 -1.770474e-34 2.088480e-34 4.192704e-34 1.000000e+00 5.849045e-01 -4.772253e-01 1.671686e-14 2.336557e-29 -5.885745e-29 1.509776e+01
       1 -5.654319e-19 -1.832302e-20 5.000000e-03 1.000000e+00 0.000000e+00 0.000000e+00 0.000000e+00 1.000000e+00 0.000000e+00 0.000000e+00 0.000000e+00 1.000000e+00 0.000000e+00 -6.695014e-32 8.243406e-15 0.000000e+00 0.000000e+00 0.000000e+00
       2 -1.373009e-03 -4.998114e-02 5.000000e-03 9.996229e-01 2.746017e-02 -1.328888e-34 -2.746017e-02 9.996229e-01 -2.045072e-33 7.671995e-35 2.068352e-33 1.000000e+00 8.571091e-01 -2.354528e-02 1.496017e-14 -3.891316e-29 1.445068e-31 1.714862e+01
       1 -5.654319e-19 -1.832302e-20 5.000000e-03 1.000000e+00 0.000000e+00 0.000000e+00 0.000000e+00 1.000000e+00 0.000000e+00 0.000000e+00 0.000000e+00 1.000000e+00 0.000000e+00 -6.695014e-32 8.243406e-15 0.000000e+00 0.000000e+00 0.000000e+00
       2 2.968071e-02 -4.023749e-02 5.000000e-03 8.047498e-01 -5.936141e-01 2.612597e-35 5.936141e-01 8.047498e-01 -9.718574e-34 5.559227e-34 8.180134e-34 1.000000e+00 6.191174e-01 4.566854e-01 1.563400e-14 4.188089e-29 4.746096e-30 1.538657e+01
       1 -5.654319e-19 -1.832302e-20 5.000000e-03 1.000000e+00 0.000000e+00 0.000000e+00 0.000000e+00 1.000000e+00 0.000000e+00 0.000000e+00 0.000000e+00 1.000000e+00 0.000000e+00 -6.695014e-32 8.243406e-15 0.000000e+00 0.000000e+00 0.000000e+00
       2 4.594178e-02 -1.973203e-02 5.000000e-03 3.946407e-01 -9.188355e-01 -4.978626e-33 9.188355e-01 3.946407e-01 -4.468632e-33 6.070745e-33 -2.790632e-33 1.000000e+00 2.126099e-01 4.950181e-01 1.298818e-14 -8.903747e-30 -7.420417e-29 1.077489e+01
       1 -5.654319e-19 -1.832302e-20 5.000000e-03 1.000000e+00 0.000000e+00 0.000000e+00 0.000000e+00 1.000000e+00 0.000000e+00 0.000000e+00 0.000000e+00 1.000000e+00 0.000000e+00 -6.695014e-32 8.243406e-15 0.000000e+00 0.000000e+00 0.000000e+00
       2 4.980921e-02 -4.363742e-03 5.000000e-03 8.727484e-02 -9.961843e-01 3.652215e-34 9.961843e-01 8.727484e-02 6.238929e-33 -6.246959e-33 -1.602711e-34 1.000000e+00 2.211100e-02 2.523866e-01 1.770743e-14 8.836689e-29 3.388841e-29 5.067066e+00
       1 -5.654319e-19 -1.832302e-20 5.000000e-03 1.000000e+00 0.000000e+00 0.000000e+00 0.000000e+00 1.000000e+00 0.000000e+00 0.000000e+00 0.000000e+00 1.000000e+00 0.000000e+00 -3.185007e-32 8.035239e-15 0.000000e+00 0.000000e+00 0.000000e+00
       2 4.999987e-02 -1.122942e-04 5.000000e-03 2.245884e-03 -9.999975e-01 5.098229e-32 9.999975e-01 2.245884e-03 -8.483010e-30 8.482875e-30 7.005442e-32 1.000000e+00 -9.121592e-05 -4.064086e-02 1.219204e-14 -8.281780e-25 1.081481e-27 -8.128193e-01
       1 -5.654319e-19 -1.832302e-20 5.000000e-03 1.000000e+00 0.000000e+00 0.000000e+00 0.000000e+00 1.000000e+00 0.000000e+00 0.000000e+00 0.000000e+00 1.000000e+00 0.000000e+00 -2.503709e-32 1.103978e-14 0.000000e+00 0.000000e+00 0.000000e+00
       2 4.942112e-02 -7.586380e-03 5.000000e-03 1.517276e-01 -9.884223e-01 -4.985948e-34 9.884223e-01 1.517276e-01 -1.305981e-33 1.366544e-33 -2.742662e-34 1.000000e+00 -5.068448e-02 -3.301848e-01 1.320426e-14 -1.585536e-28 -2.673886e-29 -6.681045e+00
       1 -5.654319e-19 -1.832302e-20 5.000000e-03 1.000000e+00 0.000000e+00 0.000000e+00 0.000000e+00 1.000000e+00 0.000000e+00 0.000000e+00 0.000000e+00 1.000000e+00 0.000000e+00 -2.503709e-32 1.103978e-14 0.000000e+00 0.000000e+00 0.000000e+00
       2 4.306800e-02 -2.539975e-02 5.000000e-03 5.079951e-01 -8.613600e-01 3.101596e-33 8.613600e-01 5.079951e-01 2.599076e-33 -3.814303e-33 1.371675e-33 1.000000e+00 -3.105063e-01 -5.264981e-01 8.561734e-15 -8.943892e-29 1.160172e-28 -1.222479e+01
       1 -5.654319e-19 -1.832302e-20 5.000000e-03 1.000000e+00 0.000000e+00 0.000000e+00 0.000000e+00 1.000000e+00 0.000000e+00 0.000000e+00 0.000000e+00 1.000000e+00 0.000000e+00 -2.503709e-32 1.103978e-14 0.000000e+00 0.000000e+00 0.000000e+00
       2 2.222387e-02 -4.478951e-02 5.000000e-03 8.957901e-01 -4.444773e-01 6.599071e-34 4.444773e-01 8.957901e-01 2.407433e-34 -6.981104e-34 9.806084e-35 1.000000e+00 -7.270949e-01 -3.607740e-01 9.687407e-15 5.303596e-29 4.334747e-29 -1.623358e+01
       1 -5.654319e-19 -1.832302e-20 5.000000e-03 1.000000e+00 0.000000e+00 0.000000e+00 0.000000e+00 1.000000e+00 0.000000e+00 0.000000e+00 0.000000e+00 1.000000e+00 0.000000e+00 -2.503709e-32 1.103978e-14 0.000000e+00 0.000000e+00 0.000000e+00
       2 -1.072470e-02 -4.883626e-02 5.000000e-03 9.767253e-01 2.144941e-01 -5.356497e-36 -2.144941e-01 9.767253e-01 -2.179835e-35 5.889322e-37 4.284249e-35 1.000000e+00 -8.278286e-01 1.817959e-01 1.156866e-14 -2.410457e-29 2.389448e-30 -1.695108e+01
       1 -5.654319e-19 -1.832302e-20 5.000000e-03 1.000000e+00 0.000000e+00 0.000000e+00 0.000000e+00 1.000000e+00 0.000000e+00 0.000000e+00 0.000000e+00 1.000000e+00 0.000000e+00 -2.503709e-32 1.103978e-14 0.000000e+00 0.000000e+00 0.000000e+00
       2 -3.740426e-02 -3.318013e-02 5.000000e-03 6.636026e-01 7.480853e-01 -7.774398e-35 -7.480853e-01 6.636026e-01 2.500523e-34 2.386843e-34 -8.737370e-35 1.000000e+00 -4.636002e-01 5.226218e-01 1.187657e-14 6.166524e-29 -2.362274e-29 -1.397223e+01
       1 -5.654319e-19 -1.832302e-20 5.000000e-03 1.000000e+00 0.000000e+00 0.000000e+00 0.000000e+00 1.000000e+00 0.000000e+00 0.000000e+00 0.000000e+00 1.000000e+00 0.000000e+00 -2.503709e-32 1.103978e-14 0.000000e+00 0.000000e+00 0.000000e+00
       2 -4.824042e-02 -1.314770e-02 5.000000e-03 2.629540e-01 9.648084e-01 4.436578e-35 -9.648084e-01 2.629540e-01 8.257551e-34 7.850620e-34 -2.395375e-34 1.000000e+00 -1.156377e-01 4.242905e-01 1.614267e-14 -1.229075e-28 1.492925e-28 -8.795325e+00
       1 -5.654319e-19 -1.832302e-20 5.000000e-03 1.000000e+00 0.000000e+00 0.000000e+00 0.000000e+00 1.000000e+00 0.000000e+00 0.000000e+00 0.000000e+00 1.000000e+00 0.000000e+00 -2.503709e-32 1.103978e-14 0.000000e+00 0.000000e+00 0.000000e+00
       2 -4.997740e-02 -1.503189e-03 5.000000e-03 3.006377e-02 9.995480e-01 -7.255874e-34 -9.995480e-01 3.006377e-02 2.141822e-32 2.143038e-32 1.017495e-34 1.000000e+00 -4.470183e-03 1.486301e-01 1.490522e-14 -2.593016e-28 1.287621e-29 -2.973946e+00
       1 -5.654319e-19 -1.832302e-20 5.000000e-03 1.000000e+00 0.000000e+00 0.000000e+00 0.000000e+00 1.000000e+00 0.000000e+00 0.000000e+00 0.000000e+00 1.000000e+00 0.000000e+00 -2.364079e-32 1.407208e-14 0.000000e+00 0.000000e+00 0.000000e+00
       2 -4.997930e-02 -1.438550e-03 5.000000e-03 2.877100e-02 9.995860e-01 3.071281e-34 -9.995860e-01 2.877100e-02 2.212567e-31 2.211563e-31 -6.652374e-33 1.000000e+00 4.184963e-03 -1.454049e-01 8.261074e-15 -3.244178e-27 -4.345636e-29 2.909302e+00
       1 -5.654319e-19 -1.832302e-20 5.000000e-03 1.000000e+00 0.000000e+00 0.000000e+00 0.000000e+00 1.000000e+00 0.000000e+00 0.000000e+00 0.000000e+00 1.000000e+00 0.000000e+00 -2.364079e-32 1.407208e-14 0.000000e+00 0.000000e+00 0.000000e+00
       2 -4.829072e-02 -1.296172e-02 5.000000e-03 2.592344e-01 9.658144e-01 2.932187e-33 -9.658144e-01 2.592344e-01 -1.523244e-33 -2.231264e-33 -2.416669e-33 1.000000e+00 1.131928e-01 -4.217182e-01 1.125531e-14 -7.128747e-29 1.538922e-29 8.732896e+00
       1 -5.654319e-19 -1.832302e-20 5.000000e-03 1.000000e+00 0.000000e+00 0.000000e+00 0.000000e+00 1.000000e+00 0.000000e+00 0.000000e+00 0.000000e+00 1.000000e+00 0.000000e+00 -2.364079e-32 1.407208e-14 0.000000e+00 0.000000e+00 0.000000e+00
       2 -3.760703e-02 -3.295013e-02 5.000000e-03 6.590026e-01 7.521407e-01 3.084633e-33 -7.521407e-01 6.590026e-01 1.633601e-33 -8.040528e-34 -3.376223e-33 1.000000e+00 4.587881e-01 -5.236306e-01 1.079823e-14 -2.974831e-29 5.921594e-29 1.392371e+01
       1 -5.654319e-19 -1.832302e-20 5.000000e-03 1.000000e+00 0.000000e+00 0.000000e+00 0.000000e+00 1.000000e+00 0.000000e+00 0.000000e+00 0.000000e+00 1.000000e+00 0.000000e+00 -2.364079e-32 1.407208e-14 0.000000e+00 0.000000e+00 0.000000e+00
       2 -1.108822e-02 -4.875501e-02 5.000000e-03 9.751003e-01 2.217644e-01 1.227277e-34 -2.217644e-01 9.751003e-01 4.205091e-33 8.128981e-34 -4.107200e-33 1.000000e+00 8.257635e-01 -1.878015e-01 1.531589e-14 -1.245944e-28 -4.840292e-30 1.693697e+01
       1 -5.654319e-19 -1.832302e-20 5.000000e-03 1.000000e+00 0.000000e+00 0.000000e+00 0.000000e+00 1.000000e+00 0.000000e+00 0.000000e+00 0.000000e+00 1.000000e+00 0.000000e+00 -2.364079e-32 1.407208e-14 0.000000e+00 0.000000e+00 0.000000e+00
       2 2.190334e-02 -4.494712e-02 5.000000e-03 8.989424e-01 -4.380668e-01 -2.720463e-33 4.380668e-01 8.989424e-01 1.170699e-33 1.932726e-33 -2.223733e-33 1.000000e+00 7.309363e-01 3.561957e-01 6.761485e-15 9.315785e-31 -3.765306e-29 1.626212e+01
       1 -5.654319e-19 -1.832302e-20 5.000000e-03 1.000000e+00 0.000000e+00 0.000000e+00 0.000000e+00 1.000000e+00 0.000000e+00 0.000000e+00 0.000000e+00 1.000000e+00 0.000000e+00 -2.364079e-32 1.407208e-14 0.000000e+00 0.000000e+00 0.000000e+00
       2 4.293054e-02 -2.563140e-02 5.000000e-03 5.126279e-01 -8.586109e-01 4.235047e-33 8.586109e-01 5.126279e-01 1.569142e-33 -3.518256e-33 2.852274e-33 1.000000e+00 3.147636e-01 5.272054e-01 6.736898e-15 -6.306915e-29 4.008264e-29 1.228041e+01
       1 -5.654319e-19 -1.832302e-20 5.000000e-03 1.000000e+00 0.000000e+00 0.000000e+00 0.000000e+00 1.000000e+00 0.000000e+00 0.000000e+00 0.000000e+00 1.000000e+00 0.000000e+00 -2.364079e-32 1.407208e-14 0.000000e+00 0.000000e+00 0.000000e+00
       2 4.939851e-02 -7.732214e-03 5.000000e-03 1.546443e-01 -9.879702e-01 -7.518613e-35 9.879702e-01 1.546443e-01 -1.631428e-34 1.728376e-34 -2.865001e-35 1.000000e+00 5.215295e-02 3.331908e-01 1.722513e-14 -2.607273e-29 -1.714604e-29 6.744953e+00
       1 -5.654319e-19 -1.832302e-20 5.000000e-03 1.000000e+00 0.000000e+00 0.000000e+00 0.000000e+00 1.000000e+00 0.000000e+00 0.000000e+00 0.000000e+00 1.000000e+00 0.000000e+00 -7.450460e-31 1.259964e-13 0.000000e+00 0.000000e+00 0.000000e+00
       2 4.999983e-02 -1.308755e-04 5.000000e-03 2.617511e-03 -9.999966e-01 -2.864567e-30 9.999966e-01 2.617511e-03 -3.057666e-29 3.058406e-29 -2.784502e-30 1.000000e+00 1.139748e-04 4.387442e-02 2.271150e-13 5.210229e-25 -4.353946e-26 8.774914e-01
       1 -5.654319e-19 -1.832302e-20 5.000000e-03 1.000000e+00 0.000000e+00 0.000000e+00 0.000000e+00 1.000000e+00 0.000000e+00 0.000000e+00 0.000000e+00 1.000000e+00 0.000000e+00 -4.345379e-32 9.221790e-15 0.000000e+00 0.000000e+00 0.000000e+00
       2 4.981875e-02 -4.253473e-03 5.000000e-03 8.506946e-02 -9.963750e-01 -4.997804e-34 9.963750e-01 8.506946e-02 -1.821525e-33 1.857469e-33 -3.226100e-34 1.000000e+00 -2.127821e-02 -2.492251e-01 8.232654e-15 6.683164e-29 -7.798956e-30 -5.002634e+00
       1 -5.654319e-19 -1.832302e-20 5.000000e-03 1.000000e+00 0.000000e+00 0.000000e+00 0.000000e+00 1.000000e+00 0.000000e+00 0.000000e+00 0.000000e+00 1.000000e+00 0.000000e+00 -4.345379e-32 9.221790e-15 0.000000e+00 0.000000e+00 0.000000e+00
       2 4.603448e-02 -1.951477e-02 5.000000e-03 3.902955e-01 -9.206896e-01 4.623166e-33 9.206896e-01 3.902955e-01 -2.404173e-33 4.091269e-34 5.215241e-33 1.000000e+00 -2.091082e-01 -4.932787e-01 1.329154e-14 5.794961e-29 9.191983e-29 -1.071541e+01
       1 -5.654319e-19 -1.832302e-20 5.000000e-03 1.000000e+00 0.000000e+00 0.000000e+00 0.000000e+00 1.000000e+00 0.000000e+00 0.000000e+00 0.000000e+00 1.000000e+00 0.000000e+00 -4.345379e-32 9.221790e-15 0.000000e+00 0.000000e+00 0.000000e+00
       2 2.995189e-02 -4.003604e-02 5.000000e-03 8.007208e-01 -5.990378e-01 -2.821479e-34 5.990378e-01 8.007208e-01 4.966901e-34 -7.158392e-35 -5.463248e-34 1.000000e+00 -6.144736e-01 -4.597028e-01 1.261967e-14 -5.045511e-29 -1.304874e-29 -1.534801e+01
       1 -5.654319e-19 -1.832302e-20 5.000000e-03 1.000000e+00 0.000000e+00 0.000000e+00 0.000000e+00 1.000000e+00 0.000000e+00 0.000000e+00 0.000000e+00 1.000000e+00 0.000000e+00 -4.345379e-32 9.221790e-15 0.000000e+00 0.000000e+00 0.000000e+00
       2 -9.961158e-04 -4.999008e-02 5.000000e-03 9.998015e-01 1.992232e-02 6.483850e-35 -1.992232e-02 9.998015e-01 3.063421e-33 -3.764662e-36 -3.043702e-33 1.000000e+00 -8.573388e-01 1.708359e-02 7.943071e-15 -8.671150e-29 1.461583e-30 -1.715016e+01
       1 -5.654319e-19 -1.832302e-20 5.000000e-03 1.000000e+00 0.000000e+00 0.000000e+00 0.000000e+00 1.000000e+00 0.000000e+00 0.000000e+00 0.000000e+00 1.000000e+00 0.000000e+00 -4.345379e-32 9.221790e-15 0.000000e+00 0.000000e+00 0.000000e+00
       2 -3.135073e-02 -3.895037e-02 5.000000e-03 7.790075e-01 6.270147e-01 -4.622696e-34 -6.270147e-01 7.790075e-01 -1.492252e-33 -5.755221e-34 1.472728e-33 1.000000e+00 -5.896496e-01 4.746035e-01 1.640469e-14 1.004468e-28 -6.620276e-29 -1.513848e+01
       1 -5.654319e-19 -1.832302e-20 5.000000e-03 1.000000e+00 0.000000e+00 0.000000e+00 0.000000e+00 1.000000e+00 0.000000e+00 0.000000e+00 0.000000e+00 1.000000e+00 0.000000e+00 -4.345379e-32 9.221790e-15 0.000000e+00 0.000000e+00 0.000000e+00
       2 -4.649925e-02 -1.837988e-02 5.000000e-03 3.675976e-01 9.299850e-01 1.673464e-33 -9.299850e-01 3.675976e-01 -1.486473e-34 -7.533704e-34 -1.481251e-33 1.000000e+00 -1.911347e-01 4.835535e-01 1.069549e-14 -2.319250e-29 1.626635e-28 -1.039916e+01
       1 -5.654319e-19 -1.832302e-20 5.000000e-03 1.000000e+00 0.000000e+00 0.000000e+00 0.000000e+00 1.000000e+00 0.000000e+00 0.000000e+00 0.000000e+00 1.000000e+00 0.000000e+00 -4.345379e-32 9.221790e-15 0.000000e+00 0.000000e+00 0.000000e+00
       2 -4.986336e-02 -3.693910e-03 5.000000e-03 7.387819e-02 9.972673e-01 -4.963423e-33 -9.972673e-01 7.387819e-02 -9.160208e-33 -8.768456e-33 5.647002e-33 1.000000e+00 -1.722057e-02 2.324618e-01 8.334100e-15 -1.003839e-28 -5.998692e-29 -4.661975e+00
       1 -5.654319e-19 -1.832302e-20 5.000000e-03 1.000000e+00 0.000000e+00 0.000000e+00 0.000000e+00 1.000000e+00 0.000000e+00 0.000000e+00 0.000000e+00 1.000000e+00 0.000000e+00 -5.313159e-32 1.113692e-14 0.000000e+00 0.000000e+00 0.000000e+00
       2 -4.999936e-02 -2.526572e-04 5.000000e-03 5.053143e-03 9.999872e-01 -1.704699e-32 -9.999872e-01 5.053143e-03 6.121864e-30 6.121872e-30 -1.386748e-32 1.000000e+00 3.079580e-04 -6.096066e-02 8.532558e-15 -8.409503e-26 -3.458847e-27 1.219229e+00
       1 -5.654319e-19 -1.832302e-20 5.000000e-03 1.000000e+00 0.000000e+00 0.000000e+00 0.000000e+00 1.000000e+00 0.000000e+00 0.000000e+00 0.000000e+00 1.000000e+00 0.000000e+00 -5.313159e-32 1.113692e-14 0.000000e+00 0.000000e+00 0.000000e+00
       2 -4.926795e-02 -8.524635e-03 5.000000e-03 1.704927e-01 9.853589e-01 -2.692161e-33 -9.853589e-01 1.704927e-01 1.677970e-33 2.112429e-33 2.387065e-33 1.000000e+00 6.037222e-02 -3.489230e-01 1.248021e-14 -8.184928e-29 -5.302569e-29 7.082146e+00
       1 -5.654319e-19 -1.832302e-20 5.000000e-03 1.000000e+00 0.000000e+00 0.000000e+00 0.000000e+00 1.000000e+00 0.000000e+00 0.000000e+00 0.000000e+00 1.000000e+00 0.000000e+00 -5.313159e-32 1.113692e-14 0.000000e+00 0.000000e+00 0.000000e+00
       2 -4.217279e-02 -2.685993e-02 5.000000e-03 5.371987e-01 8.434557e-01 -5.521939e-34 -8.434557e-01 5.371987e-01 2.333690e-33 2.265035e-33 -7.675017e-34 1.000000e+00 3.376631e-01 -5.301663e-01 9.699383e-15 -8.290661e-29 1.801569e-29 1.257127e+01
       1 -5.654319e-19 -1.832302e-20 5.000000e-03 1.000000e+00 0.000000e+00 0.000000e+00 0.000000e+00 1.000000e+00 0.000000e+00 0.000000e+00 0.000000e+00 1.000000e+00 0.000000e+00 -5.313159e-32 1.113692e-14 0.000000e+00 0.000000e+00 0.000000e+00
       2 -2.018220e-02 -4.574581e-02 5.000000e-03 9.149161e-01 4.036440e-01 -2.968959e-33 -4.036440e-01 9.149161e-01 -7.498505e-33 -3.103456e-34 8.079308e-33 1.000000e+00 7.505051e-01 -3.311094e-01 1.478069e-14 4.134739e-29 -2.384749e-29 1.640597e+01
       1 -5.654319e-19 -1.832302e-20 5.000000e-03 1.000000e+00 0.000000e+00 0.000000e+00 0.000000e+00 1.000000e+00 0.000000e+00 0.000000e+00 0.000000e+00 1.000000e+00 0.000000e+00 -5.313159e-32 1.113692e-14 0.000000e+00 0.000000e+00 0.000000e+00
       2 1.299312e-02 -4.828228e-02 5.000000e-03 9.656456e-01 -2.598625e-01 -1.685999e-34 2.598625e-01 9.656456e-01 -1.922760e-34 2.128055e-34 1.622603e-34 1.000000e+00 8.137827e-01 2.189953e-01 9.119532e-15 1.403503e-28 2.608871e-29 1.685466e+01
       1 -5.654319e-19 -1.832302e-20 5.000000e-03 1.000000e+00 0.000000e+00 0.000000e+00 0.000000e+00 1.000000e+00 0.000000e+00 0.000000e+00 0.000000e+00 1.000000e+00 0.000000e+00 -5.313159e-32 1.113692e-14 0.000000e+00 0.000000e+00 0.000000e+00
       2 3.864350e-02 -3.172821e-02 5.000000e-03 6.345643e-01 -7.728701e-01 5.072395e-33 7.728701e-01 6.345643e-01 -1.962527e-33 -1.701950e-33 5.186055e-33 1.000000e+00 4.335057e-01 5.279912e-01 1.693592e-14 7.948361e-29 7.515457e-29 1.366310e+01
       1 -5.654319e-19 -1.832302e-20 5.000000e-03 1.000000e+00 0.000000e+00 0.000000e+00 0.000000e+00 1.000000e+00 0.000000e+00 0.000000e+00 0.000000e+00 1.000000e+00 0.000000e+00 -5.313159e-32 1.113692e-14 0.000000e+00 0.000000e+00 0.000000e+00
       2 4.853914e-02 -1.199800e-02 5.000000e-03 2.399599e-01 -9.707828e-01 3.912675e-33 9.707828e-01 2.399599e-01 2.024960e-32 -2.059682e-32 -1.040333e-33 1.000000e+00 1.008063e-01 4.078249e-01 1.807335e-14 -3.496502e-28 5.648754e-29 8.401974e+00
       1 -5.654319e-19 -1.832302e-20 5.000000e-03 1.000000e+00 0.000000e+00 0.000000e+00 0.000000e+00 1.000000e+00 0.000000e+00 0.000000e+00 0.000000e+00 1.000000e+00 0.000000e+00 -5.313159e-32 1.113692e-14 0.000000e+00 0.000000e+00 0.000000e+00
       2 4.998744e-02 -1.120544e-03 5.000000e-03 2.241088e-02 -9.997488e-01 -4.100594e-33 9.997488e-01 2.241088e-02 -1.345891e-31 1.346473e-31 -1.062901e-33 1.000000e+00 2.877001e-03 1.283514e-01 1.935781e-14 6.919851e-28 2.436301e-30 2.567674e+00
       1 -5.654319e-19 -1.832302e-20 5.000000e-03 1.000000e+00 0.000000e+00 0.000000e+00 0.000000e+00 1.000000e+00 0.000000e+00 0.000000e+00 0.000000e+00 1.000000e+00 0.000000e+00 -3.466674e-32 7.535639e-15 0.000000e+00 0.000000e+00 0.000000e+00
       2 4.996508e-02 -1.868285e-03 5.000000e-03 3.736569e-02 -9.993017e-01 -1.445889e-33 9.993017e-01 3.736569e-02 2.938143e-32 -2.930683e-32 -2.522335e-33 1.000000e+00 -6.194035e-03 -1.656587e-01 8.484744e-15 -6.786817e-28 5.280396e-29 -3.315489e+00
       1 -5.654319e-19 -1.832302e-20 5.000000e-03 1.000000e+00 0.000000e+00 0.000000e+00 0.000000e+00 1.000000e+00 0.000000e+00 0.000000e+00 0.000000e+00 1.000000e+00 0.000000e+00 -3.466674e-32 7.535639e-15 0.000000e+00 0.000000e+00 0.000000e+00
       2 4.795630e-02 -1.414896e-02 5.000000e-03 2.829792e-01 -9.591260e-01 -5.756539e-36 9.591260e-01 2.829792e-01 3.163061e-34 -3.016866e-34 -7.462672e-35 1.000000e+00 -1.290957e-01 -4.375576e-01 6.980686e-15 6.401518e-29 4.187773e-29 -9.124082e+00
       1 -5.654319e-19 -1.832302e-20 5.000000e-03 1.000000e+00 0.000000e+00 0.000000e+00 0.000000e+00 1.000000e+00 0.000000e+00 0.000000e+00 0.000000e+00 1.000000e+00 0.000000e+00 -3.466674e-32 7.535639e-15 0.000000e+00 0.000000e+00 0.000000e+00
       2 3.629757e-02 -3.438730e-02 5.000000e-03 6.877460e-01 -7.259514e-01 -1.982501e-33 7.259514e-01 6.877460e-01 -8.267638e-34 1.963709e-33 -8.501931e-34 1.000000e+00 -4.891292e-01 -5.163022e-01 1.899770e-14 -6.746180e-29 -3.726883e-29 -1.422412e+01
       1 -5.654319e-19 -1.832302e-20 5.000000e-03 1.000000e+00 0.000000e+00 0.000000e+00 0.000000e+00 1.000000e+00 0.000000e+00 0.000000e+00 0.000000e+00 1.000000e+00 0.000000e+00 -3.466674e-32 7.535639e-15 0.000000e+00 0.000000e+00 0.000000e+00
