1 -5.654319433712921e-19 -1.8323016715005026e-20 0.0050000000000000001 1 0 0 0 1 0 0 0 1 -0 -0 -0 0 0 0 
2 0.0049310145227343602 -0.049756256850035638 0.0050000000000000001 0.99512512147140975 -0.098620447253659926 2.072060296030859e-18 0.098620447253659926 0.99512512147140975 -1.3760374156508061e-16 1.150858328314149e-17 1.3713728755300245e-16 1 0 0 0 0 0 0 
1 -5.654319433712921e-19 -1.8323016715005026e-20 0.0050000000000000001 1 0 0 0 1 0 0 0 1 0 0 0 0 0 0 
2 0.0048949679423086218 -0.049759816005534488 0.0050000000000000001 0.99519630478471233 -0.097899514517968522 -4.8568825601227974e-18 0.097899514517968522 0.99519630478471233 5.393138273635629e-15 -5.2315206714059542e-16 -5.3677067675598872e-15 1 -0.0072007310717321004 -0.00070835021139369092 1.3993905256712955e-29 -1.9811235985045528e-12 2.1857515797307769e-14 -0.14470976275868697 
1 -5.654319433712921e-19 -1.8323016715005026e-20 0.0050000000000000001 1 0 0 0 1 0 0 0 1 0 0 0 0 0 0 
2 0.0047873415359103704 -0.049770285931327908 0.0050000000000000001 0.99540570384331706 -0.095746983013516071 1.5823713092692971e-16 0.095746983013516071 0.99540570384331706 -8.0353797762381592e-17 -1.4981650897504133e-16 9.5135356505115264e-17 1 -0.014299062396022216 -0.0013754197019024133 4.5394470137258497e-31 -5.772639311008021e-14 -6.7112981838590713e-14 -0.287301225219874 
1 -5.654319433712921e-19 -1.8323016715005026e-20 0.0050000000000000001 1 0 0 0 1 0 0 0 1 0 0 0 0 0 0 
2 0.0046096630436763611 -0.049787056751651182 0.0050000000000000001 0.99574111879832916 -0.092193407216849405 -8.4575440160483354e-17 0.092193407216849405 0.99574111879832916 5.5803022455931309e-16 3.2768535676154159e-17 -5.6345093812123304e-16 1 -0.021194548541561758 -0.0019622971578522547 -1.2147615039626595e-30 1.6860991769451772e-13 3.3306690738754696e-14 -0.42570381441971783 
1 -5.654319433712921e-19 -1.8323016715005026e-20 0.0050000000000000001 1 0 0 0 1 0 0 0 1 0 0 0 0 0 0 
2 0.0043644584710050309 -0.049809151382599788 0.0050000000000000001 0.99618300372294155 -0.087289306868239894 5.6980940047788835e-18 0.087289306868239894 0.99618300372294155 6.2338472049200256e-17 -1.111782641757615e-17 -6.1603143657323715e-17 1 -0.027787812757559628 -0.0024348649931112297 -8.0102046631799646e-32 1.1131720545343171e-14 2.1094237467877974e-15 -0.5578856813920765 
1 -5.654319433712921e-19 -1.8323016715005026e-20 0.0050000000000000001 1 0 0 0 1 0 0 0 1 0 0 0 0 0 0 
2 0.004055231851722978 -0.049835281924314113 0.0050000000000000001 0.99670558219190941 -0.081104762051847523 1.5497001308323692e-16 0.081104762051847523 0.99670558219190941 -6.5590151705900276e-17 -1.4913980346536385e-16 7.794287637837262e-17 1 -0.033983580499758692 -0.0027658883974746853 -4.2362309046868306e-31 5.9143662189953261e-14 8.2711615334574162e-15 -0.68191914467909376 
1 -5.654319433712921e-19 -1.8323016715005026e-20 0.0050000000000000001 1 0 0 0 1 0 0 0 1 0 0 0 0 0 0 
2 0.0036864225400023033 -0.049863926141774428 0.0050000000000000001 0.99727834644400914 -0.073728554264292978 1.1690796232430868e-16 0.073728554264292978 0.99727834644400914 -9.5939960801537174e-16 -4.585463329222234e-17 9.6540790970475621e-16 1 -0.039689007108727394 -0.0029345151168550763 -7.4161491248514143e-32 1.1126516374915241e-14 -8.9372953482325102e-15 -0.79594686301703987 
1 -5.654319433712921e-19 -1.8323016715005026e-20 0.0050000000000000001 1 0 0 0 1 0 0 0 1 0 0 0 0 0 0 
2 0.0032633760546700074 -0.049893391334017871 0.0050000000000000001 0.99786779531090097 -0.065267626595134492 1.1702489640765531e-16 0.065267626595134492 0.99786779531090097 7.6023486280716668e-17 -1.2173724788982371e-16 -6.8223451405718132e-17 1 -0.044820802053994024 -0.00293238589194914 2.0202237362243314e-31 -2.7203933550268289e-14 -1.9706458687096529e-14 -0.8983306714873377 
1 -5.654319433712921e-19 -1.8323016715005026e-20 0.0050000000000000001 1 0 0 0 1 0 0 0 1 0 0 0 0 0 0 
2 0.0027922002365126197 -0.049921985210987063 0.0050000000000000001 0.99843950018889538 -0.055844108575111177 -7.7451613523766491e-18 0.055844108575111177 0.99843950018889538 3.3971007365556032e-16 -1.1237731207730835e-17 -3.3961247778128434e-16 1 -0.049298996623826565 -0.0027579569911598515 9.3847651573304956e-32 -1.2840423169180326e-14 -6.9388939039072284e-15 -0.98751961921610021 
1 -5.654319433712921e-19 -1.8323016715005026e-20 0.0050000000000000001 1 0 0 0 1 0 0 0 1 0 0 0 0 0 0 
2 0.0022798251632275292 -0.049947998034532988 0.0050000000000000001 0.99895993514212955 -0.045596578608842031 2.8048177043765725e-18 0.045596578608842031 0.99895993514212955 -3.6067424266453018e-17 -1.1573493662657357e-18 3.6157801896900658e-17 1 -0.053048655131328046 -0.0024180841000538632 -8.298997279174753e-31 1.1656994813868948e-13 7.6605388699135801e-15 -1.0620843833498324 
1 -5.654319433712921e-19 -1.8323016715005026e-20 0.0050000000000000001 1 0 0 0 1 0 0 0 1 0 0 0 0 0 0 
2 0.0017336978981170516 -0.049969932031741542 0.0050000000000000001 0.99939867290660211 -0.034674091084301646 -1.0922038378689432e-17 0.034674091084301646 0.99939867290660211 -1.3710879234409805e-16 1.5669593415295051e-17 1.3664763335894956e-16 1 -0.056034477097595764 -0.0019438157672935557 -1.7300273511592645e-32 2.3592239273284576e-15 2.2204460492503131e-15 -1.1213558897081706 
1 -5.654319433712921e-19 -1.8323016715005026e-20 0.0050000000000000001 1 0 0 0 1 0 0 0 1 0 0 0 0 0 0 
2 0.001161921286125381 -0.049986495339644894 0.0050000000000000001 0.99972994903362411 -0.023238524161989859 3.1138216318146246e-18 0.023238524161989859 0.99972994903362411 -2.5539234752169046e-17 -2.5194866174068195e-18 2.5604698476370774e-17 1 -0.058177688023476525 -0.0013529512631679707 1.8757975639755133e-31 -2.6383409346131259e-14 -9.9920072216264089e-16 -1.1638873364858553 
1 -5.654319433712921e-19 -1.8323016715005026e-20 0.0050000000000000001 1 0 0 0 1 0 0 0 1 0 0 0 0 0 0 
2 0.00057291364935940195 -0.049996699573717954 0.0050000000000000001 0.99993435048439894 -0.011458390870594179 6.7460918697517151e-18 0.011458390870594179 0.99993435048439894 3.2959504643896377e-16 -1.0522277863197554e-17 -3.2949610932632801e-16 1 -0.059474944612392798 -0.00067895884487945038 5.1399958698322599e-32 -7.2025718722557031e-15 -2.7755575615628914e-15 -1.1895632508270553 
1 -5.654319433712921e-19 -1.8323016715005026e-20 0.0050000000000000001 1 0 0 0 1 0 0 0 1 0 0 0 0 0 0 
2 -2.4593173053673811e-05 -0.049999967739468916 0.0050000000000000001 0.99999987910140986 0.00049172875210112344 -2.7643587936088419e-20 -0.00049172875210112344 0.99999987910140986 -6.7960961625746761e-17 -5.7747742578031815e-21 6.7960967002509317e-17 1 -0.059876600398447062 2.6606278217619515e-05 -6.3205904063568387e-32 8.8956619848090668e-15 4.4408920985006262e-16 -1.1975474450900156 
1 -5.654319433712921e-19 -1.8323016715005026e-20 0.0050000000000000001 1 0 0 0 1 0 0 0 1 0 0 0 0 0 0 
2 -0.00062170313217615092 -0.049996110369537432 0.0050000000000000001 0.99992269448932125 0.012434027714925246 -3.8026562958914169e-17 -0.012434027714925246 0.99992269448932125 2.1176983861286387e-16 4.0656775338542868e-17 -2.1128064429960907e-16 1 -0.05939947378050664 0.00074340591830718609 -4.8537937270541339e-32 6.8716733692131271e-15 3.219646771412954e-15 -1.1880708021040647 
1 -5.654319433712921e-19 -1.8323016715005026e-20 0.0050000000000000001 1 0 0 0 1 0 0 0 1 0 0 0 0 0 0 
2 -0.0012095993241785939 -0.049985312594659659 0.0050000000000000001 0.99970733278680202 0.024191915432606029 -3.1695067934190145e-18 -0.024191915432606029 0.99970733278680202 -8.0723943049029577e-17 1.2157123790699437e-18 8.0776994237888532e-17 1 -0.058033202685988182 0.0014027767154784489 -3.034904224590908e-32 4.3074268110676606e-15 1.4432899320127035e-15 -1.1610075956904733 
1 -5.654319433712921e-19 -1.8323016715005026e-20 0.0050000000000000001 1 0 0 0 1 0 0 0 1 0 0 0 0 0 0 
2 -0.0017795051759810425 -0.04996830591724697 0.0050000000000000001 0.99936646949952546 0.035590162124581444 7.3964107936959523e-18 -0.035590162124581444 0.99936646949952546 1.2060847463731965e-16 -3.0992497759234319e-18 -1.2079530494930885e-16 1 -0.055810668678513545 0.0019928554079452709 -4.5125563622871296e-33 5.5641255491956088e-16 -2.2204460492503131e-15 -1.1169215685187974 
1 -5.654319433712921e-19 -1.8323016715005026e-20 0.0050000000000000001 1 0 0 0 1 0 0 0 1 0 0 0 0 0 0 
2 -0.0023230397586908478 -0.049945942967713146 0.0050000000000000001 0.99892010991271363 0.046460886904707593 -1.673949967910137e-17 -0.046460886904707593 0.99892010991271363 -2.346911165313235e-16 5.8174654366304036e-18 2.3521540792243925e-16 1 -0.052762456592199677 0.0024552522812407492 7.8845381677076633e-32 -1.1134322630557136e-14 -5.5511151231257827e-16 -1.0563907650178677 
1 -5.654319433712921e-19 -1.8323016715005026e-20 0.0050000000000000001 1 0 0 0 1 0 0 0 1 0 0 0 0 0 0 
2 -0.0028321655783363131 -0.049919717097168415 0.0050000000000000001 0.99839447274021353 0.056643417991775719 -6.1903719585460023e-18 -0.056643417991775719 0.99839447274021353 2.8441897593632349e-16 2.2290896086372311e-17 -2.8361168969088469e-16 1 -0.048937391797723273 0.0027806576614181188 8.3121898600293151e-32 -1.1657341758564144e-14 1.0547118733938987e-15 -0.98033153586656763 
1 -5.654319433712921e-19 -1.8323016715005026e-20 0.0050000000000000001 1 0 0 0 1 0 0 0 1 0 0 0 0 0 0 
2 -0.0032994081760411515 -0.04989096932975931 0.0050000000000000001 0.99782039049524485 0.065988395282178605 -6.0611900653339471e-18 -0.065988395282178605 0.99782039049524485 2.9980718424550222e-16 2.5831774020286568e-17 -2.9875375345121517e-16 1 -0.044397997835758672 0.0029390070403223266 -4.4928538409032358e-32 6.3369448577432763e-15 0 -0.88990714906141077 
1 -5.654319433712921e-19 -1.8323016715005026e-20 0.0050000000000000001 1 0 0 0 1 0 0 0 1 0 0 0 0 0 0 
2 -0.0037179965980111886 -0.049861568977735325 0.0050000000000000001 0.99723145814148151 0.074360062486624273 1.1401808966470009e-17 -0.074360062486624273 0.99723145814148151 1.2459184065354684e-16 -2.105585524762229e-18 -1.2509474215467489e-16 1 -0.039220380701443486 0.002907871287625991 -3.9727657232044051e-31 5.6062793296618452e-14 -5.5511151231257827e-17 -0.78654111603358157 
1 -5.654319433712921e-19 -1.8323016715005026e-20 0.0050000000000000001 1 0 0 0 1 0 0 0 1 0 0 0 0 0 0 
2 -0.00408178734789757 -0.049833086008295203 0.0050000000000000001 0.99666220987626541 0.08163601781419258 -2.3754154825615893e-18 -0.08163601781419258 0.99666220987626541 -2.1347061951044383e-16 -1.505940445293719e-17 2.1295201884558489e-16 1 -0.033459304239232372 0.0027429004952792208 -4.3519888556830099e-32 6.2363308961366215e-15 1.1102230246251565e-15 -0.671440228454947 
1 -5.654319433712921e-19 -1.8323016715005026e-20 0.0050000000000000001 1 0 0 0 1 0 0 0 1 0 0 0 0 0 0 
2 -0.0043856146148900394 -0.049807275023971281 0.0050000000000000001 0.9961458284758441 0.087712532799904319 -2.2914085609347056e-18 -0.087712532799904319 0.9961458284758441 -2.3884790522551222e-16 -1.8667377641972235e-17 2.3812832967914674e-16 1 -0.027236159507544652 0.0023922459040382352 3.4239429040309936e-31 -4.826174182515075e-14 1.27675647831893e-15 -0.54679676794375709 
1 -5.654319433712921e-19 -1.8323016715005026e-20 0.0050000000000000001 1 0 0 0 1 0 0 0 1 0 0 0 0 0 0 
2 -0.0046250809810913377 -0.049785626060244711 0.0050000000000000001 0.99571251368719838 0.092501838288332944 1.1652614329742179e-17 -0.092501838288332944 0.99571251368719838 2.9739357170214577e-16 1.5906798172286584e-17 -2.9719638908032371e-16 1 -0.020604499560034604 0.0019141185476030935 8.7477346788338172e-32 -1.2281842209915794e-14 8.8817841970012523e-16 -0.41387363107293235 
1 -5.654319433712921e-19 -1.8323016715005026e-20 0.0050000000000000001 1 0 0 0 1 0 0 0 1 0 0 0 0 0 0 
2 -0.0047967816629644134 -0.049769377820132146 0.0050000000000000001 0.99538751633719302 0.095935876084363575 1.8638995218825333e-17 -0.095935876084363575 0.99538751633719302 3.5441831913903721e-16 1.5448408789063733e-17 -3.5457171876785917e-16 1 -0.013697357473534275 0.0013200805764531443 -2.0018944940773565e-31 2.8205736357644895e-14 -1.0269562977782698e-15 -0.27520525011956271 
1 -5.654319433712921e-19 -1.8323016715005026e-20 0.0050000000000000001 1 0 0 0 1 0 0 0 1 0 0 0 0 0 0 
2 -0.0048983115998298505 -0.049759500413296777 0.0050000000000000001 0.99518972489711277 0.097966379228841063 -1.2558003331971305e-17 -0.097966379228841063 0.99518972489711277 -2.5815951717930204e-16 -1.2793357280320463e-17 2.5814796099801804e-16 1 -0.0065820934638651648 0.00064527869844523491 -7.6013611780021221e-32 1.0630819141654868e-14 -1.2073675392798577e-15 -0.13227606922549887 
1 -5.654319433712921e-19 -1.8323016715005026e-20 0.0050000000000000001 1 0 0 0 1 0 0 0 1 0 0 0 0 0 0 
2 -0.0049281747958190882 -0.049756568798004691 0.0050000000000000001 0.99513075111962546 0.098563625014961617 -1.6019195354621819e-17 -0.098563625014961617 0.99513075111962546 -2.4992031824815279e-16 -8.6918586258539769e-18 2.5028230398231448e-16 1 0.0006147197330160694 -6.0051827446125335e-05 1.074593741391534e-31 -1.5158555834171583e-14 3.9378222904673521e-16 0.012354533520615749 
1 -5.654319433712921e-19 -1.8323016715005026e-20 0.0050000000000000001 1 0 0 0 1 0 0 0 1 0 0 0 0 0 0 
2 -0.0048860326204081071 -0.049760708692843054 0.0050000000000000001 0.99521387231041414 0.097720767295957259 -5.6224947795635814e-18 -0.097720767295957259 0.99521387231041414 -1.4887145009644969e-16 -8.9522475302723138e-18 1.4870836683093073e-16 1 0.0078101421688979182 -0.00077117941904450633 7.0298864853673004e-32 -9.9317255808362148e-15 9.7144514654701197e-17 0.15696623433883994 
1 -5.654319433712921e-19 -1.8323016715005026e-20 0.0050000000000000001 1 0 0 0 1 0 0 0 1 0 0 0 0 0 0 
2 -0.0047723965199074963 -0.049771772734964873 0.0050000000000000001 0.99543442352218048 0.095447935897347472 4.7544376200246768e-18 -0.095447935897347472 0.99543442352218048 8.9656318824288655e-17 3.824779700471419e-18 -8.9700787301160647e-17 1 0.014888957918650934 -0.0014286575865885614 -6.7783179217481525e-32 9.5487853735143347e-15 -3.6082248300317588e-16 0.29914815600446054 
1 -5.654319433712921e-19 -1.8323016715005026e-20 0.0050000000000000001 1 0 0 0 1 0 0 0 1 0 0 0 0 0 0 
2 -0.0045889749174279799 -0.049788975100147466 0.0050000000000000001 0.9957793436234792 0.091779620901336054 -1.2643537099101481e-17 -0.091779620901336054 0.9957793436234792 -2.7137888370976611e-16 -1.2316877993887716e-17 2.713939057355909e-16 1 0.021759429452362932 -0.0020099218024821862 -9.836629896741581e-32 1.3876920446076468e-14 -2.7755575615628914e-16 0.43704735342989004 
1 -5.654319433712921e-19 -1.8323016715005026e-20 0.0050000000000000001 1 0 0 0 1 0 0 0 1 0 0 0 0 0 0 
2 -0.0043382878583273204 -0.049811490671023299 0.0050000000000000001 0.99622874328659838 0.086765725085455464 -1.6182298308785696e-17 -0.086765725085455464 0.99622874328659838 -3.132229620205187e-16 -1.1055746705473964e-17 3.1344578666851824e-16 1 0.028317326870265499 -0.0024693166897116828 7.2545537367462661e-33 -1.0200174038743626e-15 5.5511151231257827e-17 0.56850017793680441 
1 -5.654319433712921e-19 -1.8323016715005026e-20 0.0050000000000000001 1 0 0 0 1 0 0 0 1 0 0 0 0 0 0 
2 -0.0040240120844372874 -0.049837813692533664 0.0050000000000000001 0.99675619474508992 0.08048035932628772 -5.8608434990041278e-18 -0.08048035932628772 0.99675619474508992 7.1459483790087952e-17 1.1592916996761164e-17 -7.0756000350301507e-17 1 0.034460099705981441 -0.0027643596159490857 3.5728733353281785e-31 -5.0371165571938548e-14 9.4368957093138306e-16 0.69138851325932471 
1 -5.654319433712921e-19 -1.8323016715005026e-20 0.0050000000000000001 1 0 0 0 1 0 0 0 1 0 0 0 0 0 0 
2 -0.0036505695181972908 -0.049866594170937119 0.0050000000000000001 0.99733110540670256 0.073011411356340747 1.1383160161638665e-17 -0.073011411356340747 0.99733110540670256 4.2209856277854891e-16 1.9465232092916225e-17 -4.2180312679560716e-16 1 0.040127589082814545 -0.0029411464985300215 4.829624708126932e-32 -6.7827687910693157e-15 4.4408920985006262e-16 0.80470794667771794 
1 -5.654319433712921e-19 -1.8323016715005026e-20 0.0050000000000000001 1 0 0 0 1 0 0 0 1 0 0 0 0 0 0 
2 -0.0032234278907042604 -0.049896013569864478 0.0050000000000000001 0.99791973611193718 0.064468599164878293 4.326160224525562e-18 -0.064468599164878293 0.99791973611193718 3.6616154693966316e-16 1.9288761329608406e-17 -3.6567873578580534e-16 1 0.045194936423996107 -0.0029103785367392818 -2.0926192712759325e-31 2.9526728284601234e-14 2.2204460492503131e-16 0.90576108808151357 
1 -5.654319433712921e-19 -1.8323016715005026e-20 0.0050000000000000001 1 0 0 0 1 0 0 0 1 0 0 0 0 0 0 
2 -0.0027487460972803403 -0.049924403387451348 0.0050000000000000001 0.99848773035945926 0.054975015430792182 1.1133825754655907e-17 -0.054975015430792182 0.99848773035945926 -1.0892897070060071e-16 -1.7105360253109904e-17 1.0815215848256888e-16 1 0.049621716554100657 -0.0027342047895956606 -5.2318962894152931e-32 7.2979816634344274e-15 -1.3877787807814457e-15 0.99393624212431342 
1 -5.654319433712921e-19 -1.8323016715005026e-20 0.0050000000000000001 1 0 0 0 1 0 0 0 1 0 0 0 0 0 0 
2 -0.0022334637358441905 -0.049950112322195317 0.0050000000000000001 0.99900182588470521 0.044669361748575213 4.0524604957993286e-18 -0.044669361748575213 0.99900182588470521 -3.1401650884682053e-17 -5.4511071374994964e-18 3.1189285745732771e-17 1 0.053306332388411259 -0.0023808642593468377 8.0496957223641143e-32 -1.1419684642355321e-14 -1.7763568394002505e-15 1.0671931805965771 
1 -5.654319433712921e-19 -1.8323016715005026e-20 0.0050000000000000001 1 0 0 0 1 0 0 0 1 0 0 0 0 0 0 
2 -0.0016851653755271727 -0.049971592109875243 0.0050000000000000001 0.9994318783480316 0.033703420326807156 -1.3446386439192065e-17 -0.033703420326807156 0.9994318783480316 1.7612053888161549e-16 1.9374611806026094e-17 -1.7556729177608375e-16 1 0.056220681444664924 -0.0018954406603701849 3.6968542508990764e-32 -5.1833537462186996e-15 6.6613381477509392e-16 1.1250414071066004 
1 -5.654319433712921e-19 -1.8323016715005026e-20 0.0050000000000000001 1 0 0 0 1 0 0 0 1 0 0 0 0 0 0 
2 -0.0011118791711378178 -0.049987629793053247 0.0050000000000000001 0.99975271071117933 0.022237747764758238 -6.6659697169825237e-18 -0.022237747764758238 0.99975271071117933 -9.3787996132639839e-17 4.5786874927121448e-18 9.3913039518950058e-17 1 0.05829311684350006 -0.0012966571379446695 4.8566613251069637e-33 -6.7874444129381595e-16 2.2204460492503131e-16 1.166154742378184 
1 -5.654319433712921e-19 -1.8323016715005026e-20 0.0050000000000000001 1 0 0 0 1 0 0 0 1 0 0 0 0 0 0 
2 -0.0005221651984312313 -0.049997263284311776 0.0050000000000000001 0.99994546653796945 0.010443368717161892 7.0488144015637873e-18 -0.010443368717161892 0.99994546653796945 -2.4749876768327137e-16 -9.633150893270854e-18 2.4741165735080694e-16 1 0.05951060680014205 -0.00061856666884997603 -3.741044426912658e-33 5.0914134019919288e-16 -1.6653345369377348e-15 1.1902631664258458 
1 -5.654319433712921e-19 -1.8323016715005026e-20 0.0050000000000000001 1 0 0 0 1 0 0 0 1 0 0 0 0 0 0 
2 7.5327988476299869e-05 -0.049999907377943763 0.0050000000000000001 0.99999886537552274 -0.0015064022261865075 -5.5261477665850362e-20 0.0015064022261865075 0.99999886537552274 4.5922651475957611e-16 -6.3651842919287134e-19 -4.592260769559449e-16 1 0.059838687420517782 9.0881988397775287e-05 -3.7330277075043478e-32 5.2536100469957603e-15 1.1102230246251565e-16 1.196772485465504 
1 -5.654319433712921e-19 -1.8323016715005026e-20 0.0050000000000000001 1 0 0 0 1 0 0 0 1 0 0 0 0 0 0 
2 0.0006716292291508723 -0.049995481515187547 0.0050000000000000001 0.99990977865127684 -0.013432593106120654 -2.2010077706157287e-19 0.013432593106120654 0.99990977865127684 -4.5485766912723117e-17 8.3107271833106684e-19 4.5478706601303932e-17 1 0.059281327717855548 0.00080065626408981703 -4.8296083506479623e-32 6.7827687910693157e-15 1.1102230246251565e-15 1.1857260721626497 
1 -5.654319433712921e-19 -1.8323016715005026e-20 0.0050000000000000001 1 0 0 0 1 0 0 0 1 0 0 0 0 0 0 
2 0.0012579786320417179 -0.049984119504651717 0.0050000000000000001 0.99968344889270644 -0.025159531195624554 -3.8516356556972819e-18 0.025159531195624554 0.99968344889270644 1.3741597074403904e-16 3.9309501345389831e-19 -1.374693769137739e-16 1 0.05784294184567168 0.0014587639860100859 -1.8325607015689584e-32 2.5743296383495817e-15 2.2204460492503131e-16 1.1572210113682795 
1 -5.654319433712921e-19 -1.8323016715005026e-20 0.0050000000000000001 1 0 0 0 1 0 0 0 1 0 0 0 0 0 0 
2 0.001825615754879236 -0.04996665793650705 0.0050000000000000001 0.99933320108302504 -0.036512370686579018 2.93036578752679e-18 0.036512370686579018 0.99933320108302504 -3.1074615707211842e-17 -1.7938039351486171e-18 3.1160889788994305e-17 1 0.055543298157888048 0.00201118535657087 8.4360537827168611e-32 -1.1848161340921592e-14 -8.8817841970012523e-16 1.1116315813598545 
1 -5.654319433712921e-19 -1.8323016715005026e-20 0.0050000000000000001 1 0 0 0 1 0 0 0 1 0 0 0 0 0 0 
2 0.0023661869642001209 -0.049943929777167932 0.0050000000000000001 0.99887959900427536 -0.047323849093855168 -3.8852502995652386e-17 0.047323849093855168 0.99887959900427536 8.7964370155612101e-17 3.4646160033729456e-17 -8.9704464776386264e-17 1 0.052433709992227358 0.0024887488110443387 3.2716165438839662e-32 -4.7357950894166834e-15 2.6645352591003757e-15 1.0498539669381062 
1 -5.654319433712921e-19 -1.8323016715005026e-20 0.0050000000000000001 1 0 0 0 1 0 0 0 1 0 0 0 0 0 0 
2 0.0028717255412819475 -0.049917429733505464 0.0050000000000000001 0.99834926907317467 -0.057434631896251004 -1.123659898263549e-17 0.057434631896251004 0.99834926907317467 3.0277012052191445e-17 9.4791013390465485e-18 -3.087240277835849e-17 1 0.048550884647313448 0.0027806815983296477 1.2670563727343099e-32 -1.8596235662471372e-15 1.27675647831893e-15 0.9726128592352643 
1 -5.654319433712921e-19 -1.8323016715005026e-20 0.0050000000000000001 1 0 0 0 1 0 0 0 1 0 0 0 0 0 0 
2 0.0033348059545662764 -0.049888633521408834 0.0050000000000000001 0.99777332118367135 -0.066696323242786598 -1.4834046695689029e-17 0.066696323242786598 0.99777332118367135 1.0507882689559712e-16 7.792644633549745e-18 -1.0583422647111829e-16 1 0.043953919753721815 0.0029424158560134952 2.9939026389902714e-32 -4.1598668953923834e-15 -9.4368957093138306e-16 0.88105320621230931 
1 -5.654319433712921e-19 -1.8323016715005026e-20 0.0050000000000000001 1 0 0 0 1 0 0 0 1 0 0 0 0 0 0 
2 0.0037486971853884577 -0.04985923212258872 0.0050000000000000001 0.99718547419657411 -0.074974195903348362 -1.4948443478905748e-17 0.074974195903348362 0.99718547419657411 2.017814547849726e-16 -2.2203162169785234e-19 -2.0233428320366508e-16 1 0.038725795036422206 0.0029061521151316659 7.811883396111414e-33 -1.1275702593849246e-15 3.3306690738754696e-16 0.77668528121634217 
1 -5.654319433712921e-19 -1.8323016715005026e-20 0.0050000000000000001 1 0 0 0 1 0 0 0 1 0 0 0 0 0 0 
2 0.0041074043842221032 -0.049830994231226729 0.0050000000000000001 0.99662011661976535 -0.082148299731676103 -3.2394844251778618e-17 0.082148299731676103 0.99662011661976535 -8.337232692147357e-17 3.9134248357359245e-17 8.0429356803984116e-17 1 0.032928001489077104 0.0027163984327986052 -2.441189582331791e-32 3.2231162183649076e-15 2.7200464103316335e-15 0.66080847574481349 
1 -5.654319433712921e-19 -1.8323016715005026e-20 0.0050000000000000001 1 0 0 0 1 0 0 0 1 0 0 0 0 0 0 
2 0.0044057281849702572 -0.049805493099208509 0.0050000000000000001 0.99611031997855659 -0.088114870664477443 -4.7216726997499562e-18 0.088114870664477443 0.99611031997855659 5.8000634208760065e-17 -4.0741147798061454e-19 -5.8191079879905657e-17 1 0.026667274812484331 0.0023578727449380596 -7.4983073176746556e-32 1.0481199241851868e-14 1.27675647831893e-15 0.53542151663970561 
1 -5.654319433712921e-19 -1.8323016715005026e-20 0.0050000000000000001 1 0 0 0 1 0 0 0 1 0 0 0 0 0 0 
2 0.0046394596570667659 -0.049784290341791937 0.0050000000000000001 0.99568576026858258 -0.092789367916668072 2.1526374125716284e-18 0.092789367916668072 0.99568576026858258 -2.4731722387852201e-16 2.0805058459874168e-17 2.4644997994986769e-16 1 0.020016716916548799 0.0018648944076951179 -5.0505862171023502e-32 7.0742023350334193e-15 6.9388939039072284e-16 0.40207643796546 
1 -5.654319433712921e-19 -1.8323016715005026e-20 0.0050000000000000001 1 0 0 0 1 0 0 0 1 0 0 0 0 0 0 
2 0.0048051751450006444 -0.04976857434788691 0.0050000000000000001 0.9953713234294802 -0.096103738190796831 -1.1770971908726952e-17 0.096103738190796831 0.9953713234294802 -1.5971799968563479e-16 2.7065984712986799e-17 1.5784748232003208e-16 1 0.013088699056315734 0.0012634168316556314 5.7072086042459077e-32 -8.0534537372223269e-15 -1.6653345369377348e-16 0.26299167398217604 
1 -5.654319433712921e-19 -1.8323016715005026e-20 0.0050000000000000001 1 0 0 0 1 0 0 0 1 0 0 0 0 0 0 
2 0.0049006336959612502 -0.049759263028528351 0.0050000000000000001 0.99518515183006029 -0.098012823533351362 -1.8736257611710429e-17 0.098012823533351362 0.99518515183006029 2.5140946239444743e-16 -5.9953058962445434e-18 -2.5203535751550397e-16 1 0.0059706886104963306 0.0005853979620439279 9.3574878240909186e-32 -1.3145734500952244e-14 -8.8817841970012523e-16 0.11998790509940065 
1 -5.654319433712921e-19 -1.8323016715005026e-20 0.0050000000000000001 1 0 0 0 1 0 0 0 1 0 0 0 0 0 0 
2 0.0049243670814085386 -0.049756948574178068 0.0050000000000000001 0.99513829323417402 -0.098487447621385171 -8.3344571310755341e-18 0.098487447621385171 0.99513829323417402 -1.193888850986532e-16 2.0052244012181077e-17 1.1798761193805519e-16 1 -0.0012284487806034426 -0.00012353397286959559 2.7092461408109841e-32 -3.8401356747264082e-15 8.6736173798840355e-17 -0.024692575465431445 
1 -5.654319433712921e-19 -1.8323016715005026e-20 0.0050000000000000001 1 0 0 0 1 0 0 0 1 0 0 0 0 0 0 
2 0.0048761623207423735 -0.049761662982525434 0.0050000000000000001 0.99523323214306758 -0.097523400464006343 -8.3211377110850394e-18 0.097523400464006343 0.99523323214306758 -4.3493309396865715e-17 1.2523088209126198e-17 4.2474481242326827e-17 1 -0.0083981395301479557 -0.00081097381663381774 -2.3046361996203595e-31 3.2360399082609348e-14 2.3453461395206432e-15 -0.16874714292150503 
1 -5.654319433712921e-19 -1.8323016715005026e-20 0.0050000000000000001 1 0 0 0 1 0 0 0 1 0 0 0 0 0 0 
2 0.0047565964619954446 -0.049773277295735621 0.0050000000000000001 0.995464671459385 -0.09513194981844271 -1.5226990411033601e-17 0.09513194981844271 0.995464671459385 -1.2480526190976721e-16 2.7030898919912341e-17 1.2279065575574056e-16 1 -0.0154734332395959 -0.0014827289059445134 -6.5361003373302861e-32 9.1610746766335183e-15 8.3266726846886741e-16 -0.31089086715473752 
1 -5.654319433712921e-19 -1.8323016715005026e-20 0.0050000000000000001 1 0 0 0 1 0 0 0 1 0 0 0 0 0 0 
2 0.0045674554354227289 -0.049790975523805729 0.0050000000000000001 0.99581892416418483 -0.091349166807833601 5.6419896837143197e-18 0.091349166807833601 0.99581892416418483 -3.260284435407283e-16 2.4164026576118522e-17 3.2518068495039743e-16 1 -0.022307672489287778 -0.0020353250694819889 5.4365813629127446e-33 -8.0144224590128488e-16 3.6082248300317588e-16 -0.4479935450347875 
1 -5.654319433712921e-19 -1.8323016715005026e-20 0.0050000000000000001 1 0 0 0 1 0 0 0 1 0 0 0 0 0 0 
2 0.0043113941070147136 -0.049813809210118264 0.0050000000000000001 0.99627543821195363 -0.086227902766910294 5.7127588893283911e-18 0.086227902766910294 0.99627543821195363 -1.3173266016789693e-16 5.6675496463189767e-18 1.317346129536377e-16 1 -0.028839486908198073 -0.0025009103319871941 5.6790405268751361e-33 -8.1185058675714572e-16 1.1102230246251565e-16 -0.57896129533552054 
1 -5.654319433712921e-19 -1.8323016715005026e-20 0.0050000000000000001 1 0 0 0 1 0 0 0 1 0 0 0 0 0 0 
2 0.0039920831814986958 -0.049840425609409024 0.0050000000000000001 0.99680756004899751 -0.079841644704779738 9.2704608006842827e-18 0.079841644704779738 0.99680756004899751 -2.5662530157868072e-16 1.1248520739642002e-17 2.5654620955098071e-16 1 -0.034944400101788918 -0.0027927030889522606 1.1308140535439124e-31 -1.5921292062515136e-14 -5.5511151231257827e-16 -0.70110701981154155 
1 -5.654319433712921e-19 -1.8323016715005026e-20 0.0050000000000000001 1 0 0 0 1 0 0 0 1 0 0 0 0 0 0 
2 0.0036141272162179502 -0.049869231280068427 0.0050000000000000001 0.9973841907221902 -0.07228261269103245 2.4360201273175123e-18 0.07228261269103245 0.9973841907221902 2.5924697007474893e-16 -2.1168696292504301e-17 -2.5839274754581289e-16 1 -0.040557134946838241 -0.0029431852450873641 4.8595469556069743e-32 -6.8209327075408055e-15 -4.9960036108132044e-16 -0.81327850295146487 
1 -5.654319433712921e-19 -1.8323016715005026e-20 0.0050000000000000001 1 0 0 0 1 0 0 0 1 0 0 0 0 0 0 
2 0.0031829469641375214 -0.049898628730595231 0.0050000000000000001 0.99797171182313626 -0.063658953814832608 2.5551943187166891e-18 0.063658953814832608 0.99797171182313626 1.1189585809538542e-17 -3.2623289745469669e-18 -1.1004229107813945e-17 1 -0.045572775905403651 -0.0029052097958058715 -1.2332989617540286e-31 1.7388868123191514e-14 5.5511151231257827e-17 -0.91330395650248097 
1 -5.654319433712921e-19 -1.8323016715005026e-20 0.0050000000000000001 1 0 0 0 1 0 0 0 1 0 0 0 0 0 0 
2 0.0027048655095811489 -0.049926789648815112 0.0050000000000000001 0.99853566312780828 -0.054097407164375021 9.6262393392329921e-18 0.054097407164375021 0.99853566312780828 4.8928002899379948e-17 -1.2259021376615489e-17 -4.8335601231655468e-17 1 -0.049932907702085506 -0.0027068882294461996 -9.7092964688212218e-32 1.366962099069724e-14 2.7755575615628914e-16 -1.0001195507867269 
1 -5.654319433712921e-19 -1.8323016715005026e-20 0.0050000000000000001 1 0 0 0 1 0 0 0 1 0 0 0 0 0 0 
2 0.0021867832127467307 -0.04995217580520156 0.0050000000000000001 0.99904313308565773 -0.043735777509869171 -7.5778216394327806e-18 0.043735777509869171 0.99904313308565773 -1.3158454855160957e-16 1.3325523211812994e-17 1.3112721772943017e-16 1 -0.053555109834507474 -0.0023446040024889519 4.6995824241182532e-32 -6.6058269965196814e-15 -3.3306690738754696e-16 -1.0721268108392037 
1 -5.654319433712921e-19 -1.8323016715005026e-20 0.0050000000000000001 1 0 0 0 1 0 0 0 1 0 0 0 0 0 0 
2 0.0016364073776359413 -0.049973213048222498 0.0050000000000000001 0.99946428830606171 -0.032728220251908739 -2.1303502726680972e-17 0.032728220251908739 0.99946428830606171 1.296063493126167e-16 1.7050305044799301e-17 -1.3023414340505725e-16 1 -0.056394252139808233 -0.0018458447396342741 8.9352107294428265e-32 -1.2658277204202761e-14 2.3314683517128287e-15 -1.1284786507941522 
1 -5.654319433712921e-19 -1.8323016715005026e-20 0.0050000000000000001 1 0 0 0 1 0 0 0 1 0 0 0 0 0 0 
2 0.0010617357105140574 -0.049988714557380472 0.0050000000000000001 0.99977451443968912 -0.021234883491175541 -1.073629721993661e-17 0.021234883491175541 0.99977451443968912 -4.8302562363541845e-18 1.0836446268353813e-17 4.6011830627282991e-18 1 -0.058396940144728883 -0.0012395635287833601 1.7007519988399108e-32 -2.4130003550837387e-15 8.8817841970012523e-16 -1.1681946916924315 
1 -5.654319433712921e-19 -1.8323016715005026e-20 0.0050000000000000001 1 0 0 0 1 0 0 0 1 0 0 0 0 0 0 
2 0.00047139595057482122 -0.049997777764248852 0.0050000000000000001 0.99995555603946784 -0.0094279343335982244 1.0243607135340688e-17 0.0094279343335982244 0.99995555603946784 2.4039584116834705e-17 -1.0469795489329987e-17 -2.3941939647095835e-17 1 -0.059535580402618943 -0.0005587380464639164 -4.9629723493676615e-32 6.9787925438546949e-15 6.6613381477509392e-16 -1.1907540818216953 
1 -5.654319433712921e-19 -1.8323016715005026e-20 0.0050000000000000001 1 0 0 0 1 0 0 0 1 0 0 0 0 0 0 
2 -0.00012597847372451072 -0.049999808053750837 0.0050000000000000001 0.99999682618598129 0.0025194479483197671 1.0408744450005106e-17 -0.0025194479483197671 0.99999682618598129 8.5848789337269905e-17 -1.0192419858424533e-17 -8.5874741159027969e-17 1 -0.059790507318286522 0.00015371457356540112 -3.2823493146107403e-32 4.6178338930502605e-15 -6.6613381477509392e-16 -1.1958028325870458 
1 -5.654319433712921e-19 -1.8323016715005026e-20 0.0050000000000000001 1 0 0 0 1 0 0 0 1 0 0 0 0 0 0 
2 -0.00072142690155849588 -0.049994773374773663 0.0050000000000000001 0.99989590399794304 0.014428484609839112 3.6344454300703441e-18 -0.014428484609839112 0.99989590399794304 -1.6135932638399645e-16 -5.9622376562168785e-18 1.6129008998327222e-16 1 -0.059149621630369992 0.00084492620740702446 1.0680743967603142e-31 -1.5036583089766964e-14 -2.2204460492503131e-16 -1.1831461537469032 
1 -5.654319433712921e-19 -1.8323016715005026e-20 0.0050000000000000001 1 0 0 0 1 0 0 0 1 0 0 0 0 0 0 
2 -0.0013061458684144138 -0.049982898025362717 0.0050000000000000001 0.99965873840838215 0.026122915682629679 -3.1428145417251449e-18 -0.026122915682629679 0.99965873840838215 -5.047523296065406e-17 1.8231817651402196e-18 5.0540107181596254e-17 1 -0.057645892006188686 0.0015114476771721584 8.321795500158303e-33 -1.1715888675878361e-15 0 -1.1533060935946529 
1 -5.654319433712921e-19 -1.8323016715005026e-20 0.0050000000000000001 1 0 0 0 1 0 0 0 1 0 0 0 0 0 0 
2 -0.00187147410692568 -0.04996491399686627 0.0050000000000000001 0.99929927088253845 0.037429496571915459 -2.9865243368748167e-18 -0.037429496571915459 0.99929927088253845 -6.4140794966489889e-17 5.8367392699379536e-19 6.4207633746268731e-17 1 -0.055279684499233241 0.0020638751977329669 -5.0665806927400137e-32 7.1106315280289323e-15 -6.6613381477509392e-16 -1.1063755324878985 
1 -5.654319433712921e-19 -1.8323016715005026e-20 0.0050000000000000001 1 0 0 0 1 0 0 0 1 0 0 0 0 0 0 
2 -0.0024090351301965436 -0.04994190190264431 0.0050000000000000001 0.9988386302948874 0.048180811851123072 7.570456248781512e-18 -0.048180811851123072 0.9988386302948874 -1.0317812866722969e-16 -1.2532870154707059e-17 1.0269354998621565e-16 1 -0.052100931219138613 0.0025186150130433174 1.9178491189603393e-33 -4.6837533851373792e-16 -4.1078251911130792e-15 -1.0432362722602442 
1 -5.654319433712921e-19 -1.8323016715005026e-20 0.0050000000000000001 1 0 0 0 1 0 0 0 1 0 0 0 0 0 0 
2 -0.0029109380521498899 -0.049915132452286619 0.0050000000000000001 0.99830383964714964 0.058218929445310631 -6.1685959618678853e-18 -0.058218929445310631 0.99830383964714964 2.0527098721392115e-16 1.810879015574115e-17 -2.0456368565073784e-16 1 -0.048157477080199775 0.0028058922937775118 7.6823551372205631e-32 -1.0788245297099763e-14 7.2164496600635175e-16 -0.96478327266767683 
1 -5.654319433712921e-19 -1.8323016715005026e-20 0.0050000000000000001 1 0 0 0 1 0 0 0 1 0 0 0 0 0 0 
2 -0.0033698290526736232 -0.049886298534346118 0.0050000000000000001 0.99772625480688559 0.067396739305589065 -4.4205701715117485e-17 -0.067396739305589065 0.99772625480688559 -2.8274323004258767e-17 4.2199592036774442e-17 3.1189354552553676e-17 1 -0.043506901982195208 0.0029429086619398252 6.9126245744639359e-32 -9.3570984294188975e-15 5.8286708792820718e-15 -0.87213492597569608 
1 -5.654319433712921e-19 -1.8323016715005026e-20 0.0050000000000000001 1 0 0 0 1 0 0 0 1 0 0 0 0 0 0 
2 -0.0037789959250082088 -0.049856940988491617 0.0050000000000000001 0.99713972558799147 0.075580206762783625 -2.4591353304594293e-18 -0.075580206762783625 0.99713972558799147 2.2650587527955816e-16 1.9571462415212335e-17 -2.2567214436359266e-16 1 -0.038228716397660949 0.0028980303902004438 6.8945489401984253e-33 -9.1419927183977734e-16 7.7715611723760958e-16 -0.7667695169522406 
1 -5.654319433712921e-19 -1.8323016715005026e-20 0.0050000000000000001 1 0 0 0 1 0 0 0 1 0 0 0 0 0 0 
2 -0.0041325735960880006 -0.049828922638882472 0.0050000000000000001 0.9965785008633159 0.082651628036148048 -3.7055900483364138e-17 -0.082651628036148048 0.9965785008633159 -9.8762913396705951e-17 2.8766198170020413e-17 1.0148772667707825e-16 1 -0.032394230509307571 0.002688186126560692 -3.7168835048864961e-32 5.1937620870745604e-15 -6.6613381477509392e-16 -0.65012153593486932 
1 -5.654319433712921e-19 -1.8323016715005026e-20 0.0050000000000000001 1 0 0 0 1 0 0 0 1 0 0 0 0 0 0 
2 -0.0044253787761528458 -0.049803757555731819 0.0050000000000000001 0.99607547782797934 0.088507866711172861 -2.3097131908434308e-17 -0.088507866711172861 0.99607547782797934 9.6170217070602773e-17 3.1518307456219047e-17 -9.3748517049059068e-17 1 -0.026098047614944029 0.0023197094549815118 -6.7458029350116012e-32 9.5756735873919752e-15 4.9960036108132044e-16 -0.52402475449276698 
1 -5.654319433712921e-19 -1.8323016715005026e-20 0.0050000000000000001 1 0 0 0 1 0 0 0 1 0 0 0 0 0 0 
2 -0.0046533333427162902 -0.049782994034033135 0.0050000000000000001 0.99565986554263697 0.093066815501650121 -1.609519506611787e-17 -0.093066815501650121 0.99565986554263697 -7.7021197489575535e-18 1.5308527997765585e-17 9.1666200633218276e-18 1 -0.019427500627127864 0.0018152017409007503 -6.6809745857777086e-32 9.6641444846667923e-15 2.3592239273284576e-15 -0.39024812901790285 
1 -5.654319433712921e-19 -1.8323016715005026e-20 0.0050000000000000001 1 0 0 0 1 0 0 0 1 0 0 0 0 0 0 
2 -0.0048130615234521215 -0.049767815907131675 0.0050000000000000001 0.99535608547082033 0.096261431093688427 -1.9520479352109097e-17 -0.096261431093688427 0.99535608547082033 -4.8996005640250325e-16 -2.7734428293619974e-17 4.8956379305592677e-16 1 -0.012481266485243867 0.0012059737982026281 -1.0185486087917691e-32 1.5421691701433815e-15 1.0547118733938987e-15 -0.25079343384846498 
1 -5.654319433712921e-19 -1.8323016715005026e-20 0.0050000000000000001 1 0 0 0 1 0 0 0 1 0 0 0 0 0 0 
2 -0.0049024046653368862 -0.049759091396905882 0.0050000000000000001 0.99518165979271123 0.098048273887021697 1.3209371360601664e-18 -0.098048273887021697 0.99518165979271123 -5.606404726470004e-17 -6.8115554729704262e-18 5.566439600547724e-17 1 -0.0053690775550739069 0.00053201166899706357 1.4043694023753939e-31 -2.0150981577815585e-14 -2.9490299091605721e-15 -0.10789073926617274 
1 -5.654319433712921e-19 -1.8323016715005026e-20 0.0050000000000000001 1 0 0 0 1 0 0 0 1 0 0 0 0 0 0 
2 -0.004920044172669954 -0.049757369425248624 0.0050000000000000001 0.99514684627083094 0.098400987582539873 -2.6429799376308589e-17 -0.098400987582539873 0.99514684627083094 -4.4355103895282998e-17 2.1936945469282259e-17 4.6740560117643086e-17 1 0.0018395968878432642 -0.00018538691815281452 5.3311759242366719e-32 -7.5519018122305326e-15 -1.2490009027033011e-16 0.036978632914967051 
1 -5.654319433712921e-19 -1.8323016715005026e-20 0.0050000000000000001 1 0 0 0 1 0 0 0 1 0 0 0 0 0 0 
2 -0.0048657482197380815 -0.049762715907978795 0.0050000000000000001 0.99525362669873141 0.09731504787555767 8.2497027934929785e-18 -0.09731504787555767 0.99525362669873141 8.1197109663919255e-17 -3.0884601010933428e-19 -8.1614538092778131e-17 1 0.0090046605427306359 -0.00087579827869036658 -8.2205338283576629e-32 1.1841656127886679e-14 2.2204460492503131e-15 0.18094269095134888 
1 -5.654319433712921e-19 -1.8323016715005026e-20 0.0050000000000000001 1 0 0 0 1 0 0 0 1 0 0 0 0 0 0 
2 -0.0047403113758187256 -0.049774814522311743 0.0050000000000000001 0.99549573915237444 0.094806293722872664 8.2150192286809447e-18 -0.094806293722872664 0.99549573915237444 -7.7743876429329136e-17 -1.5548625423120402e-17 7.6614862204652487e-17 1 0.016054224706586392 -0.001533869634676115 -2.5631507307499734e-32 3.7478700698478917e-15 1.3045120539345589e-15 0.32255282632689869 
1 -5.654319433712921e-19 -1.8323016715005026e-20 0.0050000000000000001 1 0 0 0 1 0 0 0 1 0 0 0 0 0 0 
2 -0.0045454748185464206 -0.049793012741576555 0.0050000000000000001 0.99585916077295278 0.090909470928996719 4.6916927596665963e-18 -0.090909470928996719 0.99585916077295278 5.0197029700699756e-17 -1.088798019483662e-19 -5.0415691177576536e-17 1 0.022865284282182662 -0.0020849603567652747 3.932527063518709e-32 -5.6031568274050869e-15 -4.9960036108132044e-16 0.45920002135760979 
1 -5.654319433712921e-19 -1.8323016715005026e-20 0.0050000000000000001 1 0 0 0 1 0 0 0 1 0 0 0 0 0 0 
