1 0.49669269999999993 -0.21590899999999982 0.47280929999999971 1 5.5511151231257827e-17 -1.110223024625156e-16 -5.5511151231257827e-17 1 0 1.110223024625156e-16 6.162975822039152e-33 1 0 0 0 0 0 0 
2 0.477634 -0.21590899999999999 0.46278000000000002 1 0 0 0 1 0 0 0 1 0 0 0 0 0 0 
1 0.49669269976254743 -0.21591200850840847 0.47280929999999916 0.99999998754092145 0.00015785486037658806 1.1934897514720407e-15 -0.00015785486037658806 0.99999998754092145 1.7061954063132786e-16 -1.1934628034784943e-15 -1.7080793666364509e-16 1 -9.4982733343946424e-07 -0.0060170169448013448 5.2697645366368194e-12 2.0432405767323303e-12 -1.0004871930924253e-11 -0.31570972382742091 
2 0.477634 -0.21590899999999999 0.46278000000000002 1 -6.413538931196126e-55 4.4780514641473027e-34 6.4135389311967273e-55 1 -1.3430950333300488e-34 -4.4780514641473027e-34 1.3430950333300488e-34 1 0 0 0 -5.6036232132163342e-31 -1.8683200005773945e-30 -6.8114102696679527e-50 
1 0.49669269620074064 -0.21592103403277155 0.47280929999999877 0.99999980065475569 0.0006314193921704833 1.3045120539345554e-15 -0.0006314193921704833 0.99999980065475569 4.0332320816460656e-16 -1.3042571277913338e-15 -4.0414682197221749e-16 1 -7.598513624636079e-06 -0.01203403076666076 -4.4096206185055488e-12 -2.2564727863993994e-12 6.7496841449354861e-12 -0.63141941371983834 
2 0.477634 -0.21590899999999999 0.46278000000000002 1 -1.8859867357795764e-53 9.2328335878405728e-33 1.885986735781275e-53 1 -1.8398428357841009e-33 -9.2328335878405728e-33 1.8398428357841009e-33 1 0 0 0 -8.1208431384851611e-30 2.3569150365318093e-30 9.5487040772098773e-50 
1 0.49669268076624512 -0.21593607656485667 0.47280929999999977 0.99999899081495036 0.0014206931691634558 -3.608224830031743e-16 -0.0014206931691634558 0.99999899081495036 1.5921508902949561e-16 3.6104831465593085e-16 -1.5870231031512488e-16 1 -2.5644997262481783e-05 -0.018051028398705229 2.4128079598722999e-13 1.20570220474292e-13 -1.7560952692008414e-13 -0.94712896431477867 
2 0.477634 -0.21590899999999999 0.46278000000000002 1 -1.6237855568386484e-52 -7.1744745959662231e-32 1.6237855568806526e-52 1 5.8546784939362666e-32 7.1744745959662231e-32 -5.8546784939362666e-32 1 0 0 0 -2.5536971151856057e-29 -5.5326483374984469e-29 6.8035388117738124e-49 
1 0.49669263921187728 -0.21595713607311337 0.47280929999999965 0.99999681047899225 0.002525674532177136 -2.2204460492502825e-16 -0.002525674532177136 0.99999681047899225 -4.2218832596584961e-16 2.2097758640642173e-16 4.2274779179098121e-16 1 -6.0788061637855764e-05 -0.024067974735907299 -1.099759265041594e-14 1.6503465261052952e-13 4.1744385725905886e-14 -1.2628380590380399 
2 0.477634 -0.21590899999999999 0.46278000000000002 1 -1.371511652203613e-51 2.140557373922335e-32 1.3715116522045682e-51 1 -4.4619026486151031e-32 -2.140557373922335e-32 4.4619026486151031e-32 1 0 0 0 5.6300300440621323e-29 7.2766635220393918e-29 -3.0376739641825621e-49 
1 0.49669255159171277 -0.21598421247515279 0.47280929999999854 0.99999221309432162 0.0039463591728216563 2.7755575615625388e-17 -0.0039463591728216563 0.99999221309432162 2.8373570853942047e-16 -2.6635636469524425e-17 -2.8384303258664813e-16 1 -0.00011872631704394099 -0.030084800475997753 -1.5163806388010642e-15 -6.106226635438361e-13 -1.2395640069939873e-13 -1.5785460680324286 
2 0.477634 -0.21590899999999999 0.46278000000000002 1 2.0367685269684706e-51 -3.3517439908061906e-32 -2.0367685269662439e-51 1 6.6431122603439763e-32 3.3517439908061906e-32 -6.6431122603439763e-32 1 0 0 0 -1.6050355494832564e-28 -9.3895226590861052e-29 -4.4423725702179268e-48 
1 0.49669239226136846 -0.2160173055994116 0.47280929999999644 0.99998385311352067 0.0056827380932690233 -3.3306690738743139e-16 -0.0056827380932690233 0.99998385311352067 4.6620693416860509e-16 3.3571086129803392e-16 -4.643066743759454e-16 1 -0.00020515816785040243 -0.036101400141398246 4.573671064189831e-15 8.3139051199054848e-13 3.7642111649915933e-13 -1.8942520309428463 
2 0.477634 -0.21590899999999999 0.46278000000000002 1 3.0997937223059807e-51 -8.0822223713536875e-32 -3.0997937222974733e-51 1 1.0526391418729644e-31 8.0822223713536875e-32 -1.0526391418729644e-31 1 0 0 0 2.8003178094315105e-28 1.1896866192404285e-28 6.7264784702328725e-48 
1 0.49669212987864209 -0.21605641513710033 0.47280929999998866 0.99997008602497595 0.0077347950976282779 2.7755575615596615e-16 -0.0077347950976282779 0.99997008602497595 -2.3115190317364054e-16 -2.7933536596748363e-16 2.2899815159934854e-16 1 -0.00032578051338768611 -0.04211759324380205 1.6377754040710812e-15 3.3517633113433476e-13 1.3389289676979388e-13 -2.2099543351603121 
2 0.477634 -0.21590899999999999 0.46278000000000002 1 -2.7405679983045866e-51 -4.4125282849581328e-33 2.7405679983041148e-51 1 -1.0690717413861466e-31 4.4125282849581328e-33 1.0690717413861466e-31 1 0 0 0 9.6453330646181906e-29 2.9694084412832791e-29 3.49197110853697e-48 
1 0.49669172740421785 -0.21610154058811221 0.47280929999999516 0.99994896840645742 0.01010250379171684 -8.3266726846846422e-17 -0.01010250379171684 0.99994896840645742 2.0816681711711606e-17 8.3472778219009882e-17 -1.997441697957747e-17 1 -0.00048629116245479167 -0.048133189683842489 -7.6238183871064333e-15 -9.8610009047206404e-13 -6.2538862977135068e-13 -2.5256514957718492 
2 0.477634 -0.21590899999999999 0.46278000000000002 1 -8.8308548287411819e-52 2.3529438944636557e-32 8.8308548287470365e-52 1 -2.488345791666249e-32 -2.3529438944636557e-32 2.488345791666249e-32 1 0 0 0 -3.9764829407234069e-28 4.4821551841028188e-30 -1.1478265264238213e-47 
1 0.49669114210574822 -0.21615268115130001 0.47280929999984622 0.9999182580228031 0.012785823111668954 -3.608224829973457e-16 -0.012785823111668954 0.9999182580228031 2.7538735180686841e-16 3.6431404262156195e-16 -2.7075142865791947e-16 1 -0.00069237785320753684 -0.05414777392114703 -8.9824269062855444e-15 -1.1712852909795402e-13 -3.8125058665627876e-13 -2.841338910313886 
2 0.477634 -0.21590899999999999 0.46278000000000002 1 6.4910204907331479e-52 9.9066573249640153e-32 -6.4910204908411407e-52 1 1.0901003767127469e-31 -9.9066573249640153e-32 -1.0901003767127469e-31 1 0 0 0 -1.3910737361455267e-28 9.1761761977889224e-29 1.4394117410606146e-49 
1 0.4966903255567825 -0.2162098357009114 0.4728092999995353 0.9998754139571352 0.015784693980165812 -9.4368957088525639e-16 -0.015784693980165812 0.9998754139571352 7.2858385987464647e-17 9.4472204766262794e-16 -5.7953457760767183e-17 1 -0.00094973924370739564 -0.060161072988617843 -1.6453999381280663e-14 -1.0502709812953981e-13 -2.7533531010703882e-13 -3.1570148715854529 
2 0.477634 -0.21590899999999999 0.46278000000000002 1 -2.8664318013117972e-51 1.7693082650217945e-31 2.8664318012685651e-51 1 2.4434330689302386e-31 -1.7693082650217945e-31 -2.4434330689302386e-31 1 0 0 0 -1.0413338087709438e-28 4.4371222054839452e-29 8.7091457396397133e-48 
1 0.49668922363793239 -0.21627300271980032 0.47280929999944477 0.9998175968000077 0.019099034767686148 -8.0491169280621706e-16 -0.019099034767686148 0.9998175968000077 4.3194614549299148e-16 8.1301462878827664e-16 -4.1649432072800615e-16 1 -0.0012640671270170679 -0.066172637935960732 -2.3938159813363847e-14 1.7041923427996153e-13 4.992672941739329e-13 -3.4726753726626347 
2 0.477634 -0.21590899999999999 0.46278000000000002 1 -2.1804479693596813e-50 1.3290096725463381e-31 2.1804479693565449e-50 1 2.3600757890235486e-31 -1.3290096725463381e-31 -2.3600757890235486e-31 1 0 0 0 1.7623963679072888e-28 -1.685672040072941e-28 3.2457691578909946e-47 
1 0.49668777655718388 -0.21634218006708938 0.47280929999890331 0.99974166896207939 0.022728733816825802 3.3306690734910922e-16 -0.022728733816825802 0.99974166896207939 1.378237801504517e-15 -3.0165526570255333e-16 -1.3854519489830842e-15 1 -0.0016409780704553904 -0.072181388130776625 -3.7359125888576569e-14 3.602673714908633e-13 -1.0114131754335176e-13 -3.7883073498376971 
2 0.477634 -0.21590899999999999 0.46278000000000002 1 -6.2635962065472979e-50 -1.1164785130047252e-31 6.2635962065472618e-50 1 -3.2437959695311668e-33 1.1164785130047252e-31 3.2437959695311668e-33 1 0 0 0 2.3151207179155692e-29 -1.6896864713805531e-28 3.4346510900759933e-47 
1 0.49668591889081948 -0.21641736456386948 0.47280929999324955 0.99964419519885139 0.026673638770156518 3.8857805834270855e-16 -0.026673638770156518 0.99964419519885139 8.6909646084686152e-16 -3.6525783535087856e-16 -8.7915202291567322e-16 1 -0.0020861950522425214 -0.078187001445000598 -4.0009629588771879e-14 1.7741363933510002e-13 2.9121149935917856e-13 -4.1039100181307671 
2 0.477634 -0.21590899999999999 0.46278000000000002 1 -1.0108788878496484e-49 -3.2311437842918252e-31 1.0108788878496457e-49 1 -8.0890556702916015e-34 3.2311437842918252e-31 8.0890556702916015e-34 1 0 0 0 -4.2352739579277922e-29 -2.5137978520525904e-28 4.1867061766215197e-47 
1 0.49668357949272263 -0.21649855272396362 0.47280929998316457 0.99952144283059274 0.030933563031925571 8.6042284255973814e-16 -0.030933563031925571 0.99952144283059274 8.0577905316330316e-16 -8.3508546390887704e-16 -8.3200938605488393e-16 1 -0.0026053754808216464 -0.084188575447549818 -3.7380747344148647e-14 4.1300296516055823e-14 5.8753002463163284e-13 -4.4194743957053575 
2 0.477634 -0.21590899999999999 0.46278000000000002 1 -1.4435195971626717e-49 -6.0407837429257989e-31 1.4435195971633902e-49 1 1.1893353045946002e-31 6.0407837429257989e-31 -1.1893353045946002e-31 1 0 0 0 -2.2065630767368466e-28 -3.0251662790298106e-28 4.330404274322364e-47 
1 0.49668068156464712 -0.2165857400761306 0.47280929996920096 0.99936938253335827 0.035508270232358023 1.5820678049618788e-15 -0.035508270232358023 0.99936938253335827 9.8705765463082132e-16 -1.5460214154351096e-15 -1.0426116899777286e-15 1 -0.0032041904951005478 -0.09018523329170014 -2.6164548045410425e-14 -2.55351295663786e-14 6.9211303355132259e-13 -4.7349926491748766 
2 0.477634 -0.21590899999999999 0.46278000000000002 1 -1.8419837400946217e-49 -9.0548890783661285e-31 1.8419837400991337e-49 1 4.9828080188381029e-31 9.0548890783661285e-31 -4.9828080188381029e-31 1 0 0 0 -5.7267523160319287e-28 -2.8539013829085652e-28 3.4219030691097698e-47 
1 0.4966771426399294 -0.21667892123415722 0.47280929995463938 0.99918368903725296 0.040397469746335915 2.470246217996209e-15 -0.040397469746335915 0.99918368903725296 9.0205620320086288e-16 -2.4317889407494729e-15 -1.0011115416906787e-15 1 -0.0038883129695267246 -0.096176022304689218 -2.5216567956491677e-15 4.2188474935755949e-15 4.82280881897168e-13 -5.050456592725669 
2 0.477634 -0.21590899999999999 0.46278000000000002 1 -2.0752102402037912e-49 -1.1369987143531851e-30 2.0752102402190977e-49 1 1.3462071258490364e-30 1.1369987143531851e-30 -1.3462071258490364e-30 1 0 0 0 -1.1708476316069483e-27 -1.5439668600116033e-28 9.2978351619755357e-48 
1 0.49667287458285025 -0.21677808982321178 0.4728092999470716 0.99895974201332016 0.04560080960554104 2.2204460368794658e-15 -0.04560080960554104 0.99895974201332016 8.9338258515072259e-16 -2.1773972309852462e-15 -9.9370737374847751e-16 1 -0.004663419338383201 -0.10215991807743713 3.7928288210897439e-14 1.645350522494482e-13 -1.9118040484045196e-13 -5.365857805860542 
2 0.477634 -0.21590899999999999 0.46278000000000002 1 -1.9546172800371395e-49 -1.1583496020527969e-30 1.9546172800713095e-49 1 2.9498860326072938e-30 1.1583496020527969e-30 -2.9498860326072938e-30 1 0 0 0 -2.0991340136641211e-27 1.4468195276119191e-28 -3.7649501599230238e-47 
1 0.49666778358651653 -0.21688323841033411 0.472809299960322 0.99869262711871465 0.051117869074521614 1.6375789544826325e-15 -0.051117869074521614 0.99869262711871465 5.3776427530679669e-16 -1.6079486643484905e-15 -6.2077076347117178e-16 1 -0.0055351915767901348 -0.10813582851632271 1.0015672270806033e-13 4.9027448767446913e-13 -1.4999113062685865e-12 -5.6811877512602686 
2 0.477634 -0.21590899999999999 0.46278000000000002 1 -1.2253446280670111e-49 -7.7075785863718216e-31 1.2253446281108381e-49 1 5.6862127512599284e-30 7.7075785863718216e-31 -5.6862127512599284e-30 1 0 0 0 -3.4530172694938969e-27 6.7467859521864548e-28 -1.1368870465490762e-46 
1 0.4966617704993837 -0.21699435709244586 0.47280929998690868 0.99837713815884921 0.056948134313129353 -5.8286708712501494e-16 -0.056948134313129353 0.99837713815884921 -1.1969591967745844e-16 5.7510471506033164e-16 1.5269486290117027e-16 1 -0.00650741085462502 -0.11409561789980784 5.7177416317509017e-14 3.4194869158454821e-14 4.8405723873656825e-14 -5.9963516787500577 
2 0.477634 -0.21590899999999999 0.46278000000000002 1 1.0568024795044603e-50 2.9071454140862587e-32 -1.0568024795414805e-50 1 1.2734235135798888e-29 -2.9071454140862587e-32 -1.2734235135798888e-29 1 0 0 0 -1.9360932674221783e-26 1.4363551876963751e-28 -5.1903396417597652e-47 
1 0.49665473190937504 -0.21711142897045579 0.4728092999059117 0.99800778247588173 0.063090935304313547 -4.9960035613329385e-16 -0.063090935304313547 0.99800778247588173 -8.1532002563419486e-17 4.9346111324978954e-16 1.1288982682595383e-16 1 -0.0075879493207448231 -0.12004594071509439 6.3256336278845029e-14 8.4376949871511897e-14 -3.219646771412954e-14 -6.3114383789282691 
2 0.477634 -0.21590899999999999 0.46278000000000002 1 6.6208678298865156e-50 1.8706735543618308e-31 -6.6208678306168064e-50 1 3.9038922655144441e-29 -1.8706735543618308e-31 -3.9038922655144441e-29 1 0 0 0 -3.412725455809297e-26 1.6933932731830727e-28 -5.8325326628361614e-47 
1 0.49664655666512642 -0.21723444424102259 0.47280929979985886 0.99757877277609697 0.069545611698627691 -4.9960035055605357e-16 -0.069545611698627691 0.99757877277609697 -1.4051259859389006e-16 4.8861866996563986e-16 1.7491739764914275e-16 1 -0.0087815870954676793 -0.12598210186341324 6.1055451133854587e-14 1.1324274851176597e-13 -8.659739592076221e-14 -6.6263973387315813 
2 0.477634 -0.21590899999999999 0.46278000000000002 1 1.2459859054531873e-49 3.5997354766580312e-31 -1.2459859057517601e-49 1 8.2942964605657201e-29 -3.5997354766580312e-31 -8.2942964605657201e-29 1 0 0 0 -5.4760127921032397e-26 1.7165965897054703e-28 -5.6872459904291543e-47 
1 0.4966371288926254 -0.21736338781125528 0.4728092996838596 0.99708403733867712 0.0763113522642829 -6.1062264322367631e-16 -0.0763113522642829 0.99708403733867712 -4.9266145078273879e-16 5.7124642887816349e-16 5.3782230801517262e-16 1 -0.010093912682406352 -0.13190221938262908 4.7045376987729343e-14 1.1368683772161603e-13 -9.9475983006414026e-14 -6.941213802052002 
2 0.477634 -0.21590899999999999 0.46278000000000002 1 1.7620193027396524e-49 5.1874826112317951e-31 -1.7620193035226189e-49 1 1.5093382371008982e-28 -5.1874826112317951e-31 -1.5093382371008982e-28 1 0 0 0 -8.2520827340664403e-26 1.3901096029908588e-28 -4.4150055306448131e-47 
1 0.49662632714388727 -0.21749824265710674 0.47280929958745022 0.99651722023891276 0.083387227842819545 -7.4940050907844916e-16 -0.083387227842819545 0.99651722023891276 -4.8225310537918722e-16 7.0657676257632074e-16 5.4306395502010074e-16 1 -0.011530522411347971 -0.13780431022166767 1.7204568635228783e-14 7.5939254884360707e-14 -5.6399329650957952e-14 -7.2558728257309397 
2 0.477634 -0.21590899999999999 0.46278000000000002 1 2.0787010842086302e-49 6.2195726925337997e-31 -2.0787010857686149e-49 1 2.5081859353958374e-28 -6.2195726925337997e-31 -2.5081859353958374e-28 1 0 0 0 -1.1878733993614054e-25 5.8193871034430297e-29 -1.6327338151661544e-47 
1 0.49661402439317032 -0.21763898972495593 0.4728092995592601 0.9958716840450329 0.090772181406585897 -6.9388935819879778e-16 -0.090772181406585897 0.9958716840450329 -2.7755574327951911e-16 6.6583042341095551e-16 3.3939575617466623e-16 1 -0.013097024070288604 -0.14368629379365117 -3.292797217436429e-14 -1.1324274851176597e-14 6.0618177144533547e-14 -7.5703593966052631 
2 0.477634 -0.21590899999999999 0.46278000000000002 1 2.0240574438597403e-49 6.1416008181087104e-31 -2.0240574462662696e-49 1 3.9184071105519504e-28 -6.1416008181087104e-31 -3.9184071105519504e-28 1 0 0 0 -1.6505436536813947e-25 -8.5604775935139184e-29 3.0862499988538975e-47 
1 0.49660008803019678 -0.21778560783696102 0.47280929967228019 0.99514051282328275 0.098465017837878782 -6.6613379179570986e-16 -0.098465017837878782 0.99514051282328275 -3.3653634273012424e-16 6.2975966618648443e-16 4.0049182437970629e-16 1 -0.014799040732872264 -0.14954599542340252 -1.0821861697281028e-13 -1.5787371410169726e-13 2.7577939931688888e-13 -7.8846585488964678 
2 0.477634 -0.21590899999999999 0.46278000000000002 1 1.3812663230923448e-49 4.2429613801728498e-31 -1.3812663255736145e-49 1 5.8479666914942236e-28 -4.2429613801728498e-31 -5.8479666914942236e-28 1 0 0 0 -2.2293331583886726e-25 -3.0881195456356558e-28 1.0212230128932465e-46 
1 0.49658438038020875 -0.21793807243678276 0.47280929998347038 0.99431651712998115 0.1064643779040854 2.7755575567336223e-17 -0.1064643779040854 0.99431651712998115 5.8980598080589475e-17 -2.1318494545990902e-17 -6.1600362947881253e-17 1 -0.016631904616393599 -0.15536086140630634 -2.4539181599016563e-14 -1.0436096431476471e-14 -4.2854608750531042e-14 -8.1984815268635973 
2 0.477634 -0.21590899999999999 0.46278000000000002 1 -1.2724026437708317e-51 -2.2709960183546594e-33 1.2724026456320751e-51 1 8.1957140669756073e-28 2.2709960183546594e-33 -8.1957140669756073e-28 1 0 0 0 1.0176027784502887e-25 -3.9351202509452935e-29 2.2040650458391559e-47 
1 0.49656676906912317 -0.21809633267425843 0.47280929964801816 0.99339227356352167 0.1147684225921803 -8.3266723761811571e-17 -0.1147684225921803 0.99339227356352167 -3.4694468234088153e-17 7.8734690638030915e-17 4.4021607219700142e-17 1 -0.018614444321644739 -0.16115425877336495 -2.7998946248408839e-14 -2.3536728122053319e-14 -3.8191672047105385e-14 -8.5121612250281835 
2 0.477634 -0.21590899999999999 0.46278000000000002 1 -2.5152526903259201e-50 -4.51333264621533e-32 2.51525269313457e-50 1 6.223006739471595e-28 4.51333264621533e-32 -6.223006739471595e-28 1 0 0 0 3.049025733974827e-25 -4.5536044398888198e-29 2.5249632934409008e-47 
1 0.4965471005334906 -0.21826036941497048 0.47280929924019099 0.99236004644922526 0.12337559811928567 -1.3877786697876191e-16 -0.12337559811928567 0.99236004644922526 8.6736166861726188e-17 1.4841873698630818e-16 -6.8951704231506946e-17 1 -0.020747057918034911 -0.16691333442066303 -2.7706226376736211e-14 -3.0198066269804258e-14 -3.3084646133829665e-14 -8.8255425778082888 
2 0.477634 -0.21590899999999999 0.46278000000000002 1 -5.0628958709117588e-50 -9.1285252322019252e-32 5.062895872583803e-50 1 1.8316697520797773e-28 9.1285252322019252e-32 -1.8316697520797773e-28 1 0 0 0 5.8788133456303674e-25 -4.5537832192746338e-29 2.5025638205008463e-47 
1 0.49652522211498523 -0.21843014665926266 0.47280929881979039 0.99121185899490016 0.13228397706402026 -3.6082243817749378e-16 -0.13228397706402026 0.99121185899490016 1.5265564692124736e-16 3.7784537580900951e-16 -1.0358306043482325e-16 1 -0.023035065989893889 -0.17263469041648136 -2.220502240621424e-14 -3.1086244689504383e-14 -2.5979218776228663e-14 -9.1385999891796459 
2 0.477634 -0.21590899999999999 0.46278000000000002 1 -7.3621599160113104e-50 -1.3331825298964225e-31 7.3621599082115979e-50 1 -5.8504458700069991e-28 1.3331825298964225e-31 5.8504458700069991e-28 1 0 0 0 9.6564648272319858e-25 -3.6857849799351103e-29 2.0050183106908557e-47 
1 0.49650097587904207 -0.21860562494441041 0.47280929848716663 0.98993948101382845 0.14149142705504134 -2.7755571195697626e-16 -0.14149142705504134 0.98993948101382845 1.7000287357364795e-16 2.9881730663250597e-16 -1.2902080266428596e-16 1 -0.025483802620565855 -0.17831478269583312 -9.9093620249881286e-15 -2.1760371282653068e-14 -1.8429702208777599e-14 -9.4513075652379293 
2 0.477634 -0.21590899999999999 0.46278000000000002 1 -8.8659146946193642e-50 -1.6118174256640541e-31 8.8659146658471653e-50 1 -1.7850780044799178e-27 1.6118174256640541e-31 1.7850780044799178e-27 1 0 0 0 1.4543062851371094e-24 -1.6710682729765376e-29 8.8593460208296284e-48 
1 0.4964741986109073 -0.21878676120286653 0.47280929839346836 0.98853443504249283 0.15099559839683885 -1.9428899645362295e-16 -0.15099559839683885 0.98853443504249283 1.0408339095729801e-16 2.0777749724502438e-16 -7.3553232795843391e-17 1 -0.028098621550583708 -0.1839499232201568 1.0993955154089043e-14 -1.7763568394002505e-15 -5.773159728050814e-15 -9.7636392284473814 
2 0.477634 -0.21590899999999999 0.46278000000000002 1 -8.873365985774895e-50 -1.6189637146612428e-31 8.8733659285224328e-50 1 -3.5363647092286776e-27 1.6189637146612428e-31 3.5363647092286776e-27 1 0 0 0 2.0711273549415481e-24 1.7975781902208887e-29 -1.0156233125662744e-47 
1 0.49644472180662857 -0.21897350862331658 0.47280929875194488 0.98698800296904909 0.16079391156125375 -1.6653343181568066e-16 -0.16079391156125375 0.98698800296904909 1.8735011079264074e-16 1.9449125644112394e-16 -1.5813474979989594e-16 1 -0.03088490255774675 -0.18953628190048144 4.2353082519104142e-14 2.9309887850104133e-14 6.2172489379008766e-15 -10.075568832631747 
2 0.477634 -0.21590899999999999 0.46278000000000002 1 -6.5155116269547339e-50 -1.1926732801778573e-31 6.5155115556784091e-50 1 -5.9761819193215796e-27 1.1926732801778573e-31 5.9761819193215796e-27 1 0 0 0 2.8345346511509283e-24 7.0560355380030888e-29 -3.8751352854495383e-47 
1 0.49641237165874302 -0.2191658165143977 0.47280929985030201 0.98529123318689149 0.17088354457072383 -8.3266725534804497e-17 -0.17088354457072383 0.98529123318689149 6.9388937945670406e-17 9.3899402355776102e-17 -5.4139399033833288e-17 1 -0.033848058050547719 -0.19506988827027788 8.6313042312896158e-14 7.3718808835110394e-14 2.3092638912203256e-14 -10.387070278817014 
2 0.477634 -0.21590899999999999 0.46278000000000002 1 -7.4059765871567938e-51 -1.3597640068287103e-32 7.4059764612316188e-51 1 -9.2608109847864509e-27 1.3597640068287103e-32 9.2608109847864509e-27 1 0 0 0 3.764111478657299e-24 1.4468854738442068e-28 -7.8826250132471651e-47 
1 0.49637700164263804 -0.219363591592696 0.47280929924420806 0.98343505871952541 0.18126082114269373 -2.2204458725990929e-16 -0.18126082114269373 0.98343505871952541 7.6327826870593814e-17 2.3220167628490286e-16 -3.4815476683394535e-17 1 -0.036943998953674284 -0.20049445000011476 5.212048594221404e-15 1.2878587085651816e-14 -2.6645352591003757e-15 -10.697282220390166 
2 0.477634 -0.21590899999999999 0.46278000000000002 1 4.0967944539342706e-51 5.2379385141414131e-33 -4.0967944019972527e-51 1 -9.9155454866321985e-27 -5.2379385141414131e-33 9.9155454866321985e-27 1 0 0 0 -1.3541987019541669e-25 6.1265111726624547e-30 -4.788573813550153e-48 
1 0.49633841839732334 -0.21956678532923041 0.47280929825710682 0.98141007342029762 0.19192255674924225 -2.7755570523548637e-16 -0.19192255674924225 0.98141007342029762 9.0205604201533067e-17 2.8970845524484957e-16 -3.5259488053215295e-17 1 -0.040250691435575567 -0.20588170165289629 5.414962489509597e-15 1.0658141036401503e-14 6.6613381477509392e-15 -11.007395285304426 
2 0.477634 -0.21590899999999999 0.46278000000000002 1 8.9920199871761815e-51 1.1505374880575627e-32 -8.9920198822264985e-51 1 -9.1217960110870166e-27 -1.1505374880575627e-32 9.1217960110870166e-27 1 0 0 0 -1.5307103813826943e-24 6.2487048759813626e-30 -4.8771496908678801e-48 
1 0.49629643568997123 -0.21977533013128372 0.47280929724440596 0.97920670373291263 0.20286505703182092 -3.0531124321298821e-16 -0.20286505703182092 0.97920670373291263 3.2612791888660104e-16 3.6512277494378715e-16 -2.5740966168136432e-16 1 -0.043743628234521235 -0.21119566371413115 4.6074387033528466e-15 8.8817841970012523e-15 1.1546319456101628e-14 -11.316877549810956 
2 0.477634 -0.21590899999999999 0.46278000000000002 1 1.3558108682917999e-50 1.7359861508153605e-32 -1.3558108566894011e-50 1 -6.6834626836678924e-27 -1.7359861508153605e-32 6.6834626836678924e-27 1 0 0 0 -3.4381746592531721e-24 5.24325196100567e-30 -4.0858603659229702e-48 
1 0.49625086524320017 -0.21998914994866015 0.47280929643094555 0.97681519465747824 0.21408427192643781 -1.110222607527666e-16 -0.21408427192643781 0.97681519465747824 -2.0816673891143739e-17 1.0399170877461142e-16 4.4102163219981987e-17 1 -0.047427433550946425 -0.2164306638933737 2.5529948015801803e-15 5.773159728050814e-15 1.8207657603852567e-14 -11.625685375487979 
2 0.477634 -0.21590899999999999 0.46278000000000002 1 1.6777328825202803e-50 2.1495740854533045e-32 -1.6777328781208067e-50 1 -2.0466722513295283e-27 -2.1495740854533045e-32 2.0466722513295283e-27 1 0 0 0 -5.942149906963538e-24 2.7481988574251829e-30 -2.1344257369494566e-48 
1 0.49620151427430409 -0.22020816298707743 0.47280929614598927 0.97422561355217896 0.22557582738157142 -1.3877782177828231e-16 -0.22557582738157142 0.97422561355217896 7.6327801978055274e-17 1.5241861565279859e-16 -4.3055577743311825e-17 1 -0.051306750391897311 -0.22158081697654247 -1.1288321879160914e-15 3.9968028886505635e-15 2.2204460492503131e-14 -11.933774461481198 
2 0.477634 -0.21590899999999999 0.46278000000000002 1 1.7338027309468348e-50 2.2227606640416781e-32 -1.7338027430155371e-50 1 5.4296004334274484e-27 -2.2227606640416781e-32 -5.4296004334274484e-27 1 0 0 0 -9.1326027102651769e-24 -1.6339983383598568e-30 1.2847169195742506e-48 
1 0.49614818549662543 -0.22043228150535396 0.47280929684434941 0.97142786253530367 0.23733501193479875 -1.3877783198001125e-16 -0.23733501193479875 0.97142786253530367 7.632780758900619e-17 1.5292791381271965e-16 -4.1210120568932745e-17 1 -0.055386250026899092 -0.2266400235741752 -6.8186731783144664e-15 1.3322676295501878e-15 2.2648549702353193e-14 -12.241099951489197 
2 0.477634 -0.21590899999999999 0.46278000000000002 1 1.3607347059866472e-50 1.7454713516263049e-32 -1.3607347347505519e-50 1 1.6479161795151116e-26 -1.7454713516263049e-32 -1.6479161795151116e-26 1 0 0 0 -1.310512903750413e-23 -8.3364738632387334e-30 6.5064129512477375e-48 
1 0.49609067711317389 -0.22066141161307637 0.47280929912931646 0.96841169163625285 0.24935676349802746 0 -0.24935676349802746 0.96841169163625285 -3.4694466339772919e-17 -8.6512998377770299e-18 3.3598526838516527e-17 1 -0.059670641617541098 -0.23160196839139904 -1.4872214698694741e-14 -1.3322676295501878e-15 2.2648549702353193e-14 -12.547616542295511 
2 0.477634 -0.21590899999999999 0.46278000000000002 1 3.6039444718450452e-51 4.6253867289960744e-33 -3.6039446195532039e-51 1 3.1934228918032921e-26 -4.6253867289960744e-33 -3.1934228918032921e-26 1 0 0 0 -1.7960954239621119e-23 -1.7827952287390257e-29 1.3892790332716051e-47 
1 0.49602883709383677 -0.22089542320373542 0.47280929887415601 0.96516687414921509 0.2616350608099634 -1.3877786163167585e-16 -0.2616350608099634 0.96516687414921509 5.5511144652670347e-17 1.4846745661898896e-16 -1.7268363697782554e-17 1 -0.06406894531108713 -0.23641508398314054 -4.2519585143311645e-16 -4.4408920985006262e-16 1.7763568394002505e-15 -12.852301060827855 
2 0.477634 -0.21590899999999999 0.46278000000000002 1 -2.9171317360517768e-52 -3.256180445826835e-34 2.9171318727167649e-52 1 4.1970950475468538e-26 3.256180445826835e-34 -4.1970950475468538e-26 1 0 0 0 -6.7038973470302545e-24 -4.5552049832031901e-31 4.0808959542616161e-49 
1 0.495962454918421 -0.22113420907563253 0.4728092971288953 0.96168292575673331 0.27416409376132633 0 -0.27416409376132633 0.96168292575673331 0 0 0 1 -0.068725116225605135 -0.24113772179728166 -4.4772103366695919e-16 3.1086244689504383e-15 8.8817841970012523e-16 -13.156521590629247 
2 0.477634 -0.21590899999999999 0.46278000000000002 1 -7.1588046989266546e-52 -7.9908492511903031e-34 7.1588050788498587e-52 1 4.7544784366614083e-26 7.9908492511903031e-34 -4.7544784366614083e-26 1 0 0 0 -4.2418042156559616e-24 -4.799407025692942e-31 4.2996705576010081e-49 
1 0.49589131404200765 -0.22137765605741733 0.47280929530796689 0.95794925104633966 0.28693768037634382 -1.1102224762908398e-16 -0.28693768037634382 0.95794925104633966 1.3183891905953722e-16 1.4418323258403042e-16 -9.4438527566985292e-17 1 -0.073586669536607641 -0.24573601028106642 -4.4556718601002474e-16 7.9936057773011271e-15 -5.3290705182007514e-15 -13.459645648071628 
2 0.477634 -0.21590899999999999 0.46278000000000002 1 -1.1271304264886489e-51 -1.2581331263662779e-33 1.1271304894112586e-51 1 5.0012680217060076e-26 1.2581331263662779e-33 -5.0012680217060076e-26 1 0 0 0 -4.5353226628183402e-25 -4.2216039951973176e-31 3.7820310696060032e-49 
1 0.49581520801638995 -0.22162563585921383 0.47280929378828723 0.95395521454222654 0.29994907675753002 -1.6653334480404449e-16 -0.29994907675753002 0.95395521454222654 2.7755557467340747e-16 2.4211789104317109e-16 -2.1482406476164485e-16 1 -0.078656645026018768 -0.25020174607945056 -3.6654894816143512e-16 1.0658141036401503e-14 -1.3766765505351941e-14 -13.761604550871295 
2 0.477634 -0.21590899999999999 0.46278000000000002 1 -1.4392113826825124e-51 -1.6064862341909919e-33 1.4392114596818448e-51 1 4.7930278466565874e-26 1.6064862341909919e-33 -4.7930278466565874e-26 1 0 0 0 4.8999937297664179e-24 -2.5352008933411774e-31 2.2712240938430342e-49 
1 0.49573392756716123 -0.22187801191646289 0.47280929312098735 0.94969012347485326 0.31319110679314938 1.6653333310645613e-16 -0.31319110679314938 0.94969012347485326 0 -1.5815506168054918e-16 -5.2156758913563219e-17 1 -0.083938069656440462 -0.25452642540115933 -1.6522418930962716e-16 1.2434497875801753e-14 -2.3536728122053319e-14 -14.062328082700599 
2 0.477634 -0.21590899999999999 0.46278000000000002 1 -1.5388318680407659e-51 -1.7176852761190831e-33 1.5388319360714141e-51 1 3.9606003093638811e-26 1.7176852761190831e-33 -3.9606003093638811e-26 1 0 0 0 1.2074131466318492e-23 5.7685844831332453e-32 -5.1679317339356106e-50 
1 0.49564726063872816 -0.22213463910872058 0.47280929406583982 0.94514324804263417 0.32665615053052288 -1.6653334966946689e-16 -0.32665615053052288 0.94514324804263417 6.9388895695611204e-17 1.80064180571512e-16 -1.1183303317859951e-17 1 -0.089433969779368655 -0.25870123724924421 1.4239251250575028e-16 1.7319479184152442e-14 -4.0412118096355698e-14 -14.361744578031198 
2 0.477634 -0.21590899999999999 0.46278000000000002 1 -1.2829316562768616e-51 -1.432042604329542e-33 1.2829316893352488e-51 1 2.3084779150378721e-26 1.432042604329542e-33 -2.3084779150378721e-26 1 0 0 0 2.1340521102359542e-23 5.4620913682667897e-31 -4.8933529396318723e-49 
1 0.49555499242946771 -0.22239536347507013 0.47280929762856178 0.94030384258533339 0.34033613328481094 -2.7755568687176128e-17 -0.34033613328481094 0.94030384258533339 1.2490005909229257e-16 6.8606671048208113e-17 -1.0799778257950341e-16 1 -0.095147383342972097 -0.26271705586165339 5.825047117634271e-16 1.9539925233402755e-14 -6.3504757008558954e-14 -14.659781009401911 
2 0.477634 -0.21590899999999999 0.46278000000000002 1 -4.9595281435449569e-52 -5.5359577864816158e-34 4.9595281221304902e-52 1 -3.8682497026773278e-27 5.5359577864816158e-34 3.8682497026773278e-27 1 0 0 0 3.2987085262030141e-23 1.2498476375082561e-30 -1.1197076811513474e-48 
1 0.49545697067981415 -0.2226600167542814 0.47280929870791949 0.93516131298994754 0.3542221318423191 5.5511143681308592e-17 -0.3542221318423191 0.93516131298994754 -5.5511143681308592e-17 -7.157514966638458e-17 3.2248598354787761e-17 1 -0.1009418374008413 -0.26655980832095449 -4.2994311229980409e-16 -2.6645352591003757e-15 -3.730349362740526e-14 -14.955581780703135 
2 0.477634 -0.21590899999999999 0.46278000000000002 1 -1.264607467811665e-68 -3.5013934777116153e-79 1.264607467811665e-68 1 -3.4135023335452591e-26 3.5013934777116195e-79 3.4135023335452591e-26 1 0 0 0 2.8827109145293172e-23 -1.5682590867633163e-75 2.1452565421016541e-65 
1 0.49535300378180336 -0.22292842392183668 0.47280929621889367 0.92970503904873047 0.36830495566500138 -3.3306677482387058e-16 -0.36830495566500138 0.92970503904873047 1.9428895198059117e-16 3.8121144273887253e-16 -5.7961273952861796e-17 1 -0.10702023889819103 -0.27022603765928965 -3.1129265227699991e-16 3.5527136788005009e-15 -2.9309887850104133e-14 -15.250183056267353 
2 0.477634 -0.21590899999999999 0.46278000000000002 1 -3.4526599206420096e-68 -1.8760785123627103e-78 3.4526599206420096e-68 1 -6.6320771097607231e-26 1.8760785123627127e-78 6.6320771097607231e-26 1 0 0 0 3.5622567584999451e-23 -1.4558930640651086e-75 2.1802515502956856e-65 
1 0.49524285570778359 -0.223200403495285 0.4728092935589287 0.92392436593698624 0.38257517696256504 -1.38777783986209e-16 -0.38257517696256504 0.92392436593698624 -1.8041111918207172e-16 5.9199360228502692e-17 2.197791641652742e-16 1 -0.11330381803284967 -0.27370303397822027 -1.6417291035164526e-16 1.7763568394002505e-15 -1.5543122344752192e-14 -15.543046830786221 
2 0.477634 -0.21590899999999999 0.46278000000000002 1 -5.5094219957512727e-68 -3.2001379838873333e-78 5.5094219957512727e-68 1 -1.0552672029063457e-25 3.200137983887339e-78 1.0552672029063457e-25 1 0 0 0 4.2857404360674593e-23 -1.1580657812606843e-75 1.867926962115819e-65 
1 0.4951263217958769 -0.22347576120305893 0.47280929124226817 0.91780880009703447 0.39702267751910814 -1.9428885020186002e-16 -0.39702267751910814 0.91780880009703447 -1.3877775014418573e-17 1.7281022508176938e-16 8.9874223553251494e-17 1 -0.11979272519884843 -0.27698016411700793 -7.6663736634175649e-18 4.4408920985006262e-16 -8.8817841970012523e-16 -15.834074102645781 
2 0.477634 -0.21590899999999999 0.46278000000000002 1 -7.0420582310415811e-68 -4.1170608238120349e-78 7.0420582310415811e-68 1 -1.5216039121351082e-25 4.1170608238120454e-78 1.5216039121351082e-25 1 0 0 0 5.0466368300432619e-23 -6.3469196117604975e-76 1.1159816540211585e-65 
1 0.49500319756179401 -0.22375429209161288 0.47280929002839489 0.91134797115122268 0.41163682473577395 -3.0531101130596558e-16 -0.41163682473577395 0.91134797115122268 2.4979991834124457e-16 3.8107141592906529e-16 -1.0197739352317868e-16 1 -0.12648700988187789 -0.28004641145639042 1.9473488013189078e-16 -8.8817841970012523e-16 1.8207657603852567e-14 -16.12316312765066 
2 0.477634 -0.21590899999999999 0.46278000000000002 1 -7.5616238645953433e-68 -4.380023055468561e-78 7.5616238645953433e-68 1 -2.0655944769962409e-25 4.3800230554685763e-78 2.0655944769962409e-25 1 0 0 0 5.8374997644983188e-23 1.5727719528528336e-76 -1.7550185008683455e-66 
1 0.49487327884334098 -0.22403578017400186 0.47280929097109181 0.90453166099141047 0.42640646602053323 8.3266647709688209e-17 -0.42640646602053323 0.90453166099141047 -3.6082214007531558e-16 -2.2917421276951203e-16 2.908696126975357e-16 1 -0.13338663368496129 -0.28289036122032607 4.7005088215051801e-16 -7.9936057773011271e-15 4.7073456244106637e-14 -16.4102094549241 
2 0.477634 -0.21590899999999999 0.46278000000000002 1 -6.475448482117598e-68 -3.6976701421309356e-78 6.475448482117598e-68 1 -2.6898248652937e-25 3.6976701421309529e-78 2.6898248652937e-25 1 0 0 0 6.649962004763166e-23 1.2638540091422943e-75 -2.1140573788643571e-65 
1 0.49473636193461989 -0.22431999806935821 0.47280929547165002 0.89734983374418387 0.44131992463436959 -1.9428893669843986e-16 -0.44131992463436959 0.89734983374418387 2.7755562385491411e-17 1.8659422774482887e-16 6.0837129608950228e-17 1 -0.14049148297449637 -0.28550018467344535 7.8323510176417705e-16 -1.5543122344752192e-14 8.0380146982861334e-14 -16.695105966107384 
2 0.477634 -0.21590899999999999 0.46278000000000002 1 -3.0795196643783604e-68 -1.7311534650929578e-78 3.0795196643783604e-68 1 -3.3959982684274717e-25 1.7311534650929683e-78 3.3959982684274717e-25 1 0 0 0 7.4747352574279033e-23 2.7340143233364609e-75 -4.8148351135252626e-65 
1 0.49459230215555322 -0.22460672856684699 0.47280929876901961 0.88979272152496525 0.45636488988658597 -2.220445761533283e-16 -0.45636488988658597 0.88979272152496525 1.6653343211499623e-16 2.7357365912492287e-16 -4.6846887240368218e-17 1 -0.14763979427715113 -0.28792652934657026 7.4311243481251095e-16 -9.7699626167013776e-15 7.460698725481052e-14 -16.977453156804376 
2 0.477634 -0.21590899999999999 0.46278000000000002 1 3.1862708498594278e-69 3.1650535991767776e-79 -3.1862708498594278e-69 1 -3.9474518280557943e-25 -3.1650535991767902e-79 3.9474518280557943e-25 1 0 0 0 2.4769932801799457e-23 7.1277050079621038e-76 -7.1960825091617556e-66 
1 0.49444096425461631 -0.22489574526999329 0.47280929563893948 0.88185082821183425 0.47152848989440926 5.5511125748496442e-17 -0.47152848989440926 0.88185082821183425 9.714447005986877e-17 -3.1461469473602909e-18 -1.1184200867502219e-16 1 -0.15505892092662288 -0.29006777271433959 5.8821575678842015e-16 -1.0658141036401503e-14 6.1284310959308641e-14 -17.257539066624108 
2 0.477634 -0.21590899999999999 0.46278000000000002 1 1.0750035044877155e-68 1.0601875398793074e-78 -1.0750035044877155e-68 1 -4.0713436035604466e-25 -1.0601875398793119e-78 4.0713436035604466e-25 1 0 0 0 -1.5131973237921044e-24 7.5732957628037189e-76 -7.7625421396040177e-66 
1 0.4942821176416663 -0.2251867730550986 0.47280929221488893 0.87351485190737976 0.48679749742293082 1.9428887009326321e-16 -0.48679749742293082 0.87351485190737976 -9.7144435046631604e-17 -2.1700388145603367e-16 -9.7222289451449656e-18 1 -0.16265588498815348 -0.29194704433176155 4.0530274370883329e-16 -1.1102230246251565e-14 4.4853010194856324e-14 -17.535077266689026 
2 0.477634 -0.21590899999999999 0.46278000000000002 1 1.8311097638314532e-68 1.791359455870494e-78 -1.8311097638314532e-68 1 -3.8843034636604227e-25 -1.7913594558705012e-78 3.8843034636604227e-25 1 0 0 0 -3.766484764421355e-23 6.8237856362707134e-76 -7.1269599056945315e-66 
1 0.49411558722367993 -0.22547954427461675 0.47280928911639852 0.86477585783243271 0.50215805849371786 1.1102217527141709e-16 -0.50215805849371786 0.86477585783243271 2.0816657863390705e-16 8.5232281113202018e-18 -2.3576811159422358e-16 1 -0.17042652382854911 -0.29355217115981291 1.572792928803899e-16 -7.5495165674510645e-15 1.9539925233402755e-14 -17.809937503764839 
2 0.477634 -0.21590899999999999 0.46278000000000002 1 2.4469911604435602e-68 2.3739222005004697e-78 -2.4469911604435602e-68 1 -3.2800345445065908e-25 -2.3739222005004779e-78 3.2800345445065908e-25 1 0 0 0 -8.5223324634481207e-23 4.5426523276112815e-76 -4.8879785242001324e-66 
1 0.49394120251673268 -0.2257737791169106 0.47280928726893062 0.85562526975648867 0.51759578606682644 2.7755538420257586e-17 -0.51759578606682644 0.85562526975648867 -8.3266615260772752e-17 -6.6846789227093156e-17 5.687887041786722e-17 1 -0.17836642479401182 -0.29487055799167372 -7.869655893767497e-17 -5.3290705182007514e-15 -4.4408920985006262e-15 -18.08198543674682 
2 0.477634 -0.21590899999999999 0.46278000000000002 1 2.7406531752877026e-68 2.6367008615975978e-78 -2.7406531752877026e-68 1 -2.1363776946541218e-25 -2.6367008615976036e-78 2.1363776946541218e-25 1 0 0 0 -1.4582277933872138e-22 3.6489804196013012e-77 -6.0615894909934882e-67 
1 0.49375879794703065 -0.22606918523095704 0.47280928796598887 0.84605490638099434 0.5330957656825337 2.7755540456795631e-17 -0.5330957656825337 0.84605490638099434 4.1633310685193446e-17 -1.2881695451061183e-18 -5.0020427865840205e-17 1 -0.18647093509941998 -0.29588916369141993 -4.1282064039248616e-16 -5.3290705182007514e-15 -3.730349362740526e-14 -18.351082588290318 
2 0.477634 -0.21590899999999999 0.46278000000000002 1 2.4842532965859913e-68 2.3705969727980486e-78 -2.4842532965859913e-68 1 -3.1435302937136735e-26 -2.3705969727980495e-78 3.1435302937136735e-26 1 0 0 0 -2.2119320737017011e-22 -6.102950509661539e-76 6.1960196284175501e-66 
1 0.49356821314444949 -0.22636545733526076 0.47280929293655061 0.83605701820680944 0.54864256333895456 -8.3266664936665024e-17 -0.54864256333895456 0.83605701820680944 6.938888744722085e-17 1.0768537667925511e-16 -1.2329429844273624e-17 1 -0.19473517075311075 -0.29659447618057433 -7.8275934253504519e-16 8.8817841970012523e-16 -7.8603790143461083e-14 -18.617086300444257 
2 0.477634 -0.21590899999999999 0.46278000000000002 1 1.4002928435401512e-68 1.3257409641344325e-78 -1.4002928435401512e-68 1 2.3427985150512307e-25 -1.3257409641344291e-78 -2.3427985150512307e-25 1 0 0 0 -3.1316044891117331e-22 -1.5282842110345977e-75 1.6034159779948582e-65 
