1 -5.654319433712921e-19 -1.8323016715005026e-20 0.0050000000000000001 1 0 0 0 1 0 0 0 1 -0 -0 -0 0 0 0 
2 0.0049310145229100764 -0.049756256850018228 0.0050000000000000001 0.99512512147106147 -0.098620447257174268 2.0720602959822959e-18 0.098620447257174268 0.99512512147106147 -5.3469517831857374e-17 3.2112285094684831e-18 5.3413207940559763e-17 1 0 0 0 0 0 0 
1 -5.654319433712921e-19 -1.8323016715005026e-20 0.0050000000000000001 1 0 0 0 1 0 0 0 1 0 0 0 0 0 0 
2 0.0043644584710148572 -0.049809151382598893 0.0050000000000000001 0.99618300372292434 -0.087289306868436542 3.6923166545745982e-17 0.087289306868436542 0.99618300372292434 -4.073386607545544e-16 -1.2259215985207553e-18 4.0900684821811131e-16 1 -0.027787812758963922 -0.0024348649932512795 -1.9003878538735982e-32 2.8258645423662188e-15 -1.609823385706477e-15 -0.55788568142030881 
1 -5.654319433712921e-19 -1.8323016715005026e-20 0.0050000000000000001 1 0 0 0 1 0 0 0 1 0 0 0 0 0 0 
2 0.002792200237275192 -0.049921985210931129 0.0050000000000000001 0.9984395001880435 -0.055844108590341515 -4.590913539840085e-17 0.055844108590341515 0.9984395001880435 4.8412602089713233e-16 1.8801908118855156e-17 -4.859342970750361e-16 1 -0.049298996588520549 -0.0027579569879342624 1.1672459989255709e-31 -1.6521506385203111e-14 1.2212453270876722e-15 -0.98751961851334746 
1 -5.654319433712921e-19 -1.8323016715005026e-20 0.0050000000000000001 1 0 0 0 1 0 0 0 1 0 0 0 0 0 0 
2 0.00057291365045128353 -0.049996699573696603 0.0050000000000000001 0.99993435048414736 -0.011458390892542669 1.3684998178038569e-17 0.011458390892542669 0.99993435048414736 -2.9989386024337308e-16 -1.0247798687591607e-17 3.0003098041512862e-16 1 -0.059474944622092553 -0.00067895885665664255 1.8730927052407346e-32 -2.63504496000877e-15 -1.1102230246251565e-16 -1.1895632510704335 
1 -5.654319433712921e-19 -1.8323016715005026e-20 0.0050000000000000001 1 0 0 0 1 0 0 0 1 0 0 0 0 0 0 
2 -0.0017795051760549963 -0.049968305917017786 0.0050000000000000001 0.99936646949947383 0.035590162126032138 -2.3828667404768807e-17 -0.035590162126032138 0.99936646949947383 1.3199261773076247e-16 2.8511209881658216e-17 -1.3106093024540273e-16 1 -0.055810668711753275 0.0019928554052557833 -7.8403927845799343e-32 1.1120444842749322e-14 2.2204460492503131e-15 -1.1169215691713636 
1 -5.654319433712921e-19 -1.8323016715005026e-20 0.0050000000000000001 1 0 0 0 1 0 0 0 1 0 0 0 0 0 0 
2 -0.0037179966002857737 -0.049861568978885037 0.0050000000000000001 0.99723145813835123 0.074360062528603388 9.9345093792577123e-19 -0.074360062528603388 0.99723145813835123 -6.4276489415634247e-17 -5.7703042994823055e-18 6.4024664190103972e-17 1 -0.039220380857434352 0.0029078710650227669 6.7190163169568185e-32 -9.4368957093138306e-15 6.106226635438361e-16 -0.7865411185936676 
1 -5.654319433712921e-19 -1.8323016715005026e-20 0.0050000000000000001 1 0 0 0 1 0 0 0 1 0 0 0 0 0 0 
2 -0.004796781669260025 -0.049769377819433587 0.0050000000000000001 0.99538751632516576 0.09593587620915292 4.761185236051348e-18 -0.09593587620915292 0.99538751632516576 5.7996971501185129e-17 8.2476593156626724e-19 -5.8186229894360755e-17 1 -0.013697357740556372 0.0013200806009894585 1.3693494128492925e-32 -2.1206994493816467e-15 -1.915134717478395e-15 -0.2752052550682571 
1 -5.654319433712921e-19 -1.8323016715005026e-20 0.0050000000000000001 1 0 0 0 1 0 0 0 1 0 0 0 0 0 0 
2 -0.0047723965298504655 -0.049771772733892022 0.0050000000000000001 0.99543442350306244 0.095447936096730898 3.944894510117931e-17 -0.095447936096730898 0.99543442350306244 2.490342125529941e-16 -1.5499036318938502e-17 -2.5166254819632966e-16 1 0.014888957768156888 -0.001428657434126505 2.2861773423191063e-32 -3.2109731540330699e-15 2.2204460492503131e-16 0.29914815258100058 
1 -5.654319433712921e-19 -1.8323016715005026e-20 0.0050000000000000001 1 0 0 0 1 0 0 0 1 0 0 0 0 0 0 
2 -0.0036505695291881007 -0.049866594170605523 0.0050000000000000001 0.99733110539071368 0.073011411574748178 -3.3719705215823802e-17 -0.073011411574748178 0.99733110539071368 -3.9040353616821356e-16 5.1257976169320398e-18 3.9182351355077962e-16 1 0.040127589039818133 -0.0029411464406048733 -1.8393840006057477e-32 2.4737156767429269e-15 -1.6653345369377348e-15 0.80470794569230319 
1 -5.654319433712921e-19 -1.8323016715005026e-20 0.0050000000000000001 1 0 0 0 1 0 0 0 1 0 0 0 0 0 0 
2 -0.0016851653851660451 -0.049971592109581076 0.0050000000000000001 0.9994318783414804 0.033703420521074563 -1.3446386436503053e-17 -0.033703420521074563 0.9994318783414804 -5.1237026761107616e-17 1.1711884193960491e-17 5.1661107113044814e-17 1 0.056220681488337601 -0.0018954406881875304 -3.0340866890272539e-32 4.3211961786582265e-15 1.4432899320127035e-15 1.1250414080504796 
1 -5.654319433712921e-19 -1.8323016715005026e-20 0.0050000000000000001 1 0 0 0 1 0 0 0 1 0 0 0 0 0 0 
2 0.0006716292224334513 -0.049995481514472355 0.0050000000000000001 0.99990977865310227 -0.013432592970236539 -2.2010077518346193e-19 0.013432592970236539 0.99990977865310227 -2.6186935815463948e-17 5.7183936734190815e-19 2.618161667071808e-17 1 0.059281327851290359 0.00080065629568591777 1.6619293732813856e-32 -2.3332030751888055e-15 -4.4408920985006262e-16 1.1857260747017491 
1 -5.654319433712921e-19 -1.8323016715005026e-20 0.0050000000000000001 1 0 0 0 1 0 0 0 1 0 0 0 0 0 0 
2 0.0028717255406137815 -0.049917429736402875 0.0050000000000000001 0.99834926907411448 -0.057434631879915474 1.304957689039624e-17 0.057434631879915474 0.99834926907411448 -1.9263538792095415e-16 -1.9640929579688244e-18 1.9306689637358163e-16 1 0.048550884871136964 0.0027806809159198779 -7.5560012549041919e-32 1.0737938316296436e-14 -1.4988010832439613e-15 0.97261286329214558 
1 -5.654319433712921e-19 -1.8323016715005026e-20 0.0050000000000000001 1 0 0 0 1 0 0 0 1 0 0 0 0 0 0 
2 0.004405728193102902 -0.049805493098538114 0.0050000000000000001 0.99611031996432331 -0.088114870825380651 2.2172340086415437e-18 0.088114870825380651 0.99611031996432331 3.1474018250122779e-16 -2.9941900202436126e-17 -3.133205726086664e-16 1 0.026667275306910085 0.0023578726047103066 1.7673894981438528e-32 -2.4528989950312052e-15 -4.9960036108132044e-16 0.53542152532048726 
1 -5.654319433712921e-19 -1.8323016715005026e-20 0.0050000000000000001 1 0 0 0 1 0 0 0 1 0 0 0 0 0 0 
2 0.0049243670974415971 -0.049756948572741051 0.0050000000000000001 0.99513829320237379 -0.098487447942702019 2.636005663096118e-17 0.098487447942702019 0.99513829320237379 -3.2972437480811108e-16 6.2418104349011848e-18 3.3071748627897194e-16 1 -0.0012284484566396823 -0.00012353378716129057 -2.8006148212168635e-32 3.9758777867215933e-15 -1.5265566588595902e-16 -0.0246925686802884 
1 -5.654319433712921e-19 -1.8323016715005026e-20 0.0050000000000000001 1 0 0 0 1 0 0 0 1 0 0 0 0 0 0 
2 0.0043113941281549264 -0.049813809209618427 0.0050000000000000001 0.99627543817573072 -0.086227903185429583 -1.1634497310010987e-17 0.086227903185429583 0.99627543817573072 6.2339768497894277e-17 6.2157363828470372e-18 -6.3110798483672012e-17 1 -0.028839486802040494 -0.0025009102645652593 -2.729764239291751e-32 3.812922200197022e-15 4.9960036108132044e-16 -0.57896129301918964 
1 -5.654319433712921e-19 -1.8323016715005026e-20 0.0050000000000000001 1 0 0 0 1 0 0 0 1 0 0 0 0 0 0 
2 0.0027048655305416721 -0.049926789648315407 0.0050000000000000001 0.99853566310507447 -0.054097407583998176 -2.1598831473098911e-17 0.054097407583998176 0.99853566310507447 1.2287070529470077e-16 1.4920216882824824e-17 -1.2385922197717055e-16 1 -0.049932907784572877 -0.0027068882947037499 1.3858376987386666e-31 -1.9484414082171497e-14 -8.8817841970012523e-16 -1.0001195525502624 
1 -5.654319433712921e-19 -1.8323016715005026e-20 0.0050000000000000001 1 0 0 0 1 0 0 0 1 0 0 0 0 0 0 
2 0.00047139596715066061 -0.049997777763211154 0.0050000000000000001 0.99995555603630859 -0.0094279346686821797 -1.7512013082446169e-17 0.0094279346686821797 0.99995555603630859 -4.5024205241874636e-17 1.7935720044702303e-17 4.4857102072473222e-17 1 -0.059535580640665123 -0.00055873800847564383 6.767879240842797e-32 -9.5253666065886478e-15 0 -1.1907540862447252 
1 -5.654319433712921e-19 -1.8323016715005026e-20 0.0050000000000000001 1 0 0 0 1 0 0 0 1 0 0 0 0 0 0 
2 -0.0018714740983604404 -0.049964913999927953 0.0050000000000000001 0.99929927088891313 0.037429496401724292 3.9523841345409885e-18 -0.037429496401724292 0.99929927088891313 9.9140395056854337e-17 -2.3883952387366409e-19 -9.9218860243695388e-17 1 -0.055279684586976512 0.0020638743235036356 3.1577778843957237e-32 -4.4348205663347073e-15 3.3306690738754696e-16 -1.1063755352028726 
1 -5.654319433712921e-19 -1.8323016715005026e-20 0.0050000000000000001 1 0 0 0 1 0 0 0 1 0 0 0 0 0 0 
2 -0.0037789959297419066 -0.049856940987754859 0.0050000000000000001 0.99713972558084896 0.075580206857016066 -2.4591353291696325e-18 -0.075580206857016066 0.99713972558084896 4.4608119777865864e-18 2.789250619325743e-18 -4.2621908745298443e-18 1 -0.038228716991200444 0.0028980300420446362 1.4838526071350192e-32 -2.1111584702637742e-15 -2.2204460492503131e-16 -0.76676952740826088 
1 -5.654319433712921e-19 -1.8323016715005026e-20 0.0050000000000000001 1 0 0 0 1 0 0 0 1 0 0 0 0 0 0 
2 -0.0048130615411870652 -0.049767815905375219 0.0050000000000000001 0.99535608543620702 0.096261431451595658 1.1704590085244761e-17 -0.096261431451595658 0.99535608543620702 1.9503990427041169e-16 7.1245854063673474e-18 -1.9526085621460937e-16 1 -0.012481266961451652 0.0012059739277332916 1.5996141675798986e-32 -2.3288662664988635e-15 -6.9388939039072284e-16 -0.25079344332611508 
1 -5.654319433712921e-19 -1.8323016715005026e-20 0.0050000000000000001 1 0 0 0 1 0 0 0 1 0 0 0 0 0 0 
2 -0.0047403114044703111 -0.049774814521570149 0.0050000000000000001 0.99549573909836886 0.09480629428994819 -9.1322386859962055e-18 -0.09480629428994819 0.99549573909836886 -2.2259348008012021e-16 -1.2012158279161087e-17 2.2245665467922794e-16 1 0.016054224506688385 -0.001533869599765559 -4.98746320012015e-32 6.9822619908066486e-15 -7.2164496600635175e-16 0.32255282221839066 
1 -5.654319433712921e-19 -1.8323016715005026e-20 0.0050000000000000001 1 0 0 0 1 0 0 0 1 0 0 0 0 0 0 
2 -0.0035773417034114844 -0.049871868371633508 0.0050000000000000001 0.99743723402923823 0.071546936846398748 1.8301822705340248e-17 -0.071546936846398748 0.99743723402923823 1.4584497158142259e-16 -7.8201584458072253e-18 -1.4678064440451996e-16 1 0.040981331185942001 -0.0029427831173097366 -1.1505035429397079e-31 1.6125989432680399e-14 -1.4988010832439613e-15 0.82173830159046024 
1 -5.654319433712921e-19 -1.8323016715005026e-20 0.0050000000000000001 1 0 0 0 1 0 0 0 1 0 0 0 0 0 0 
2 -0.0015874975812386713 -0.049974797720481724 0.0050000000000000001 0.99949584042129269 0.031750039063502218 3.8738746931215343e-18 -0.031750039063502218 0.99949584042129269 1.1659855178489651e-16 -1.6991306817003524e-19 -1.1666276318098447e-16 1 0.056551320045488691 -0.0017938972700112085 -7.8329192913419256e-34 7.5026790335996907e-17 -1.1102230246251565e-15 1.131612544028854 
1 -5.654319433712921e-19 -1.8323016715005026e-20 0.0050000000000000001 1 0 0 0 1 0 0 0 1 0 0 0 0 0 0 
2 0.00077109471106456102 -0.049994008526394976 0.0050000000000000001 0.99988107719637143 -0.015421785390279484 1.0160768126676921e-17 0.015421785390279484 0.99988107719637143 -2.1375477830468755e-16 -6.8630794624826167e-18 2.1388605517261256e-16 1 0.059023451626086187 0.0009083777073055398 4.7853732664592422e-32 -6.7116451285542666e-15 -1.5543122344752192e-15 1.1806158397676185 
1 -5.654319433712921e-19 -1.8323016715005026e-20 0.0050000000000000001 1 0 0 0 1 0 0 0 1 0 0 0 0 0 0 
2 0.002949803129065085 -0.049912854275147078 0.0050000000000000001 0.99825820428392964 -0.058996250557338217 2.3436361990628492e-17 0.058996250557338217 0.99825820428392964 -9.0504680317182296e-17 -1.8056103839108658e-17 9.1729697136873107e-17 1 0.047759192685696325 0.0028252338141093306 2.0341802508701192e-33 -1.457167719820518e-16 -2.3869795029440866e-15 0.95685545692323881 
1 -5.654319433712921e-19 -1.8323016715005026e-20 0.0050000000000000001 1 0 0 0 1 0 0 0 1 0 0 0 0 0 0 
2 0.0044445506866662276 -0.049802059385975227 0.0050000000000000001 0.99604133699714126 -0.088891253748314886 -1.5140759313011264e-17 0.088891253748314886 0.99604133699714126 3.5225261424556758e-16 -1.6231354367126367e-17 -3.5220404593192842e-16 1 0.025528444821728401 0.0022792011879221212 5.8100671393516796e-33 -6.5746019739520989e-16 -1.8318679906315083e-15 0.51260998072015451 
1 -5.654319433712921e-19 -1.8323016715005026e-20 0.0050000000000000001 1 0 0 0 1 0 0 0 1 0 0 0 0 0 0 
2 0.0049152081135263401 -0.049757835252141704 0.0050000000000000001 0.99515640357082902 -0.098304284911560569 -1.1801379429103942e-17 0.098304284911560569 0.99515640357082902 3.5869324778167268e-17 8.2181099872635872e-18 -3.6855714410503028e-17 1 -0.0024488579525036268 -0.00024573205998793603 1.3122282466657949e-32 -1.8821749714348357e-15 2.6714741530042829e-16 -0.049224637063233406 
1 -5.654319433712921e-19 -1.8323016715005026e-20 0.0050000000000000001 1 0 0 0 1 0 0 0 1 0 0 0 0 0 0 
2 0.0042563298964611741 -0.049818508211255913 0.0050000000000000001 0.9963701319040088 -0.085126730523308922 9.1974308870625563e-18 0.085126730523308922 0.9963701319040088 -9.5952637034183828e-17 -9.9591115031068649e-19 9.6387288838916944e-17 1 -0.029870626324393468 -0.0025556784525053518 -5.1184699372543951e-32 7.2962469399584506e-15 -7.7715611723760958e-16 -0.5995996969647297 
1 -5.654319433712921e-19 -1.8323016715005026e-20 0.0050000000000000001 1 0 0 0 1 0 0 0 1 0 0 0 0 0 0 
2 0.0026163398762302356 -0.049931527758249029 0.0050000000000000001 0.99863001159386022 -0.052326856814130497 6.1812546745034959e-18 0.052326856814130497 0.99863001159386022 -1.1283381987376559e-16 -2.6854729093810481e-19 1.130026844770025e-16 1 -0.050531463033282036 -0.0026434687095435562 -1.2598120064152746e-31 1.7708057242771247e-14 8.8817841970012523e-16 -1.012011359123002 
1 -5.654319433712921e-19 -1.8323016715005026e-20 0.0050000000000000001 1 0 0 0 1 0 0 0 1 0 0 0 0 0 0 
2 0.00036981021021367761 -0.049998606692887436 0.0050000000000000001 0.99997264642572503 -0.0073963775141547925 -1.7483938231470321e-17 0.0073963775141547925 0.99997264642572503 2.7733709817077061e-16 1.543217010651606e-17 -2.7745882981745072e-16 1 -0.059565866969563272 -0.00044027158354017278 4.4436453509930524e-32 -6.2606170248002968e-15 8.8817841970012523e-16 -1.1913488462915121 
1 -5.654319433712921e-19 -1.8323016715005026e-20 0.0050000000000000001 1 0 0 0 1 0 0 0 1 0 0 0 0 0 0 
2 -0.0019624209597406106 -0.049961421909430849 0.0050000000000000001 0.99922948170462444 0.039248476305553809 1.438589132694073e-17 -0.039248476305553809 0.99922948170462444 -1.0039895544119647e-17 -1.4768857336851652e-17 9.4675353060395386e-18 1 -0.054730425860715207 0.0021540777512639013 -1.0631991396830422e-32 1.4233406120389702e-15 -1.8873791418627661e-15 -1.0954525289511152 
1 -5.654319433712921e-19 -1.8323016715005026e-20 0.0050000000000000001 1 0 0 0 1 0 0 0 1 0 0 0 0 0 0 
2 -0.0038383200206170802 -0.049852436488949062 0.0050000000000000001 0.99704908959362393 0.076766613449634938 1.8373986124832892e-17 -0.076766613449634938 0.99704908959362393 5.1080379588346201e-17 -1.4398498383251317e-17 -5.2340154655031311e-17 1 -0.037227651838338108 0.0028694382143243753 -8.8769392106675343e-32 1.2547254901740246e-14 2.2204460492503131e-16 -0.74677211166325808 
1 -5.654319433712921e-19 -1.8323016715005026e-20 0.0050000000000000001 1 0 0 0 1 0 0 0 1 0 0 0 0 0 0 
2 -0.0048272964658527444 -0.049766430785484379 0.0050000000000000001 0.99532851544826617 0.096546083999044241 -1.951654528132467e-17 -0.096546083999044241 0.99532851544826617 3.3276327319349889e-17 2.2638073134093395e-17 -3.1236631450237186e-17 1 -0.011268529453196091 0.0010910849231990461 -3.1904723972014117e-33 5.7766291750027676e-16 1.3045120539345589e-15 -0.22642862370528366 
1 -5.654319433712921e-19 -1.8323016715005026e-20 0.0050000000000000001 1 0 0 0 1 0 0 0 1 0 0 0 0 0 0 
2 -0.0047062725923678944 -0.049778038505301381 0.0050000000000000001 0.99556033567537461 0.094125543982148313 -2.2027471970851178e-18 -0.094125543982148313 0.99556033567537461 -1.5905828882827857e-16 -1.2778480221893334e-17 1.585594581960125e-16 1 0.017198898067452503 -0.0016147392894008189 4.0354365552621901e-32 -5.5944832100252029e-15 1.1657341758564144e-15 0.34548115756336273 
1 -5.654319433712921e-19 -1.8323016715005026e-20 0.0050000000000000001 1 0 0 0 1 0 0 0 1 0 0 0 0 0 0 
2 -0.0035027025404811849 -0.049877207877179829 0.0050000000000000001 0.99754319781658329 0.07005403978262037 7.8728246022681063e-18 -0.07005403978262037 0.99754319781658329 7.5373109155045685e-17 -2.5732918423082389e-18 -7.5739455503791545e-17 1 0.041812001586514512 -0.0029335345735404632 -4.9231612687032344e-32 6.9146077752435531e-15 -4.4408920985006262e-16 0.83829219723305104 
1 -5.654319433712921e-19 -1.8323016715005026e-20 0.0050000000000000001 1 0 0 0 1 0 0 0 1 0 0 0 0 0 0 
2 -0.0014893309189475414 -0.049977813343005301 0.0050000000000000001 0.99955627552120829 0.029786776699908955 -1.0031073379364274e-17 -0.029786776699908955 0.99955627552120829 4.2439777599517893e-17 1.1290766525107931e-17 -4.2122152688510986e-17 1 0.056878029884503634 -0.0016947628495204432 8.833179047186635e-33 -1.1973928792929911e-15 1.5543122344752192e-15 1.1380602173349097 
1 -5.654319433712921e-19 -1.8323016715005026e-20 0.0050000000000000001 1 0 0 0 1 0 0 0 1 0 0 0 0 0 0 
2 0.0008699939682735025 -0.049992392904876108 0.0050000000000000001 0.99984861144858961 -0.01739983288216445 3.1945204482676595e-18 0.01739983288216445 0.99984861144858961 -8.1359280033123593e-18 -3.0524730468455883e-18 8.1902804388960743e-18 1 0.05874610608432982 0.0010268504381462345 2.7704077258424299e-33 -3.7643499428696714e-16 -7.7715611723760958e-16 1.17509144575012 
1 -5.654319433712921e-19 -1.8323016715005026e-20 0.0050000000000000001 1 0 0 0 1 0 0 0 1 0 0 0 0 0 0 
2 0.0030264803123181473 -0.049908301032173072 0.0050000000000000001 0.99816639357446646 -0.060529750854793681 -8.7101195641789916e-19 0.060529750854793681 0.99816639357446646 -1.468845776813196e-16 9.7603017547597578e-18 1.4656252703915784e-16 1 0.046949730216463988 0.0028517280533185249 2.0382848552605971e-32 -2.7998436902265667e-15 -1.2212453270876722e-15 0.94073136142557767 
1 -5.654319433712921e-19 -1.8323016715005026e-20 0.0050000000000000001 1 0 0 0 1 0 0 0 1 0 0 0 0 0 0 
2 0.0044814292959873252 -0.04979876293683045 0.0050000000000000001 0.99597524579933983 -0.089628732864771535 1.9543576040035123e-17 0.089628732864771535 0.99597524579933983 1.5210760427263286e-16 -3.309812978032426e-17 -1.4974374259726957e-16 1 0.024386364703590669 0.0021945654324753015 -1.5605723283720502e-32 2.2551405187698492e-15 -5.5511151231257827e-16 0.48970576711655117 
1 -5.654319433712921e-19 -1.8323016715005026e-20 0.0050000000000000001 1 0 0 0 1 0 0 0 1 0 0 0 0 0 0 
2 0.0049039573818329745 -0.049758955911009858 0.0050000000000000001 0.99517860510535772 -0.098079273756254984 -2.2206624021148847e-17 0.098079273756254984 0.99517860510535772 3.0775752416718505e-19 2.2069372483002697e-17 -2.4842832601838631e-18 1 -0.0036574263723968955 -0.00035611107201541711 7.5027734128304859e-32 -1.0593956267790361e-14 -1.6653345369377348e-16 -0.073498237803873795 
1 -5.654319433712921e-19 -1.8323016715005026e-20 0.0050000000000000001 1 0 0 0 1 0 0 0 1 0 0 0 0 0 0 
2 0.0041995295661565128 -0.049823385136926676 0.0050000000000000001 0.99646655162536601 -0.083990544062125527 1.2682576443293258e-17 0.083990544062125527 0.99646655162536601 1.7228069074003067e-16 -2.7107712160827501e-17 -1.706067293177728e-16 1 -0.030885856768995835 -0.0026032577559417093 5.2321240496722397e-32 -7.3101247277662651e-15 -9.4368957093138306e-16 -0.61990734718358409 
1 -5.654319433712921e-19 -1.8323016715005026e-20 0.0050000000000000001 1 0 0 0 1 0 0 0 1 0 0 0 0 0 0 
2 0.0025268902337701829 -0.049936127641968212 0.0050000000000000001 0.99872214373425494 -0.05053790275480595 3.0492141509673122e-17 0.05053790275480595 0.99872214373425494 -1.8569098200254817e-16 -2.10687441446998e-17 1.869947045001055e-16 1 -0.051121270176583966 -0.0025882994436579074 -2.4565292484919044e-32 3.4729163989055678e-15 -2.2204460492503131e-16 -1.0237316485104708 
1 -5.654319433712921e-19 -1.8323016715005026e-20 0.0050000000000000001 1 0 0 0 1 0 0 0 1 0 0 0 0 0 0 
2 0.00026832562032294343 -0.049999260443518462 0.0050000000000000001 0.99998559966043865 -0.0053666070987923092 2.764700934393094e-17 0.0053666070987923092 0.99998559966043865 -1.3062157745716165e-16 -2.694561653277148e-17 1.3076806709869774e-16 1 -0.059574932905179373 -0.00031644122481274621 -3.5446296411747993e-32 5.0012077812411349e-15 -2.3314683517128287e-15 -1.1915017497461806 
1 -5.654319433712921e-19 -1.8323016715005026e-20 0.0050000000000000001 1 0 0 0 1 0 0 0 1 0 0 0 0 0 0 
2 -0.0020523467554500216 -0.04995784869711202 0.0050000000000000001 0.99915721637176236 0.041047009297040873 1.4410747405015545e-17 -0.041047009297040873 0.99915721637176236 4.4169379338609427e-17 -1.2585581338675504e-17 -4.472367219154441e-17 1 -0.054157012027062724 0.0022298428148364909 7.3382412715817017e-32 -1.0459515198402158e-14 -2.9976021664879227e-15 -1.0840573564769178 
1 -5.654319433712921e-19 -1.8323016715005026e-20 0.0050000000000000001 1 0 0 0 1 0 0 0 1 0 0 0 0 0 0 
2 -0.0038958909276736709 -0.049847971735765564 0.0050000000000000001 0.99695977104507849 0.077918001243259524 1.0426376946346352e-18 -0.077918001243259524 0.99695977104507849 2.1155151008981059e-17 6.0889924529321487e-19 -2.1172074751524629e-17 1 -0.03622462921953732 0.0028192900593508288 -2.0459157890805508e-31 2.8612529012761456e-14 -3.4416913763379853e-15 -0.72666257119857613 
1 -5.654319433712921e-19 -1.8323016715005026e-20 0.0050000000000000001 1 0 0 0 1 0 0 0 1 0 0 0 0 0 0 
2 -0.004839411194426776 -0.049765258957005391 0.0050000000000000001 0.99530497685890962 0.096788444764265624 2.55896851854057e-17 -0.096788444764265624 0.99530497685890962 2.9890594458487013e-16 3.4611004858763435e-18 -2.9997936008913725e-16 1 -0.010058976261069085 0.00097860566986499747 -1.2423285534556598e-31 1.7493818893488111e-14 -7.4940054162198066e-16 -0.20212321270091593 
1 -5.654319433712921e-19 -1.8323016715005026e-20 0.0050000000000000001 1 0 0 0 1 0 0 0 1 0 0 0 0 0 0 
2 -0.0046702980882081567 -0.049781458194759445 0.0050000000000000001 0.99562810750596786 0.093405950260595366 8.1956575222446852e-18 -0.093405950260595366 0.99562810750596786 -9.4221962578295478e-17 -1.696071893868347e-17 9.3044511108450786e-17 1 0.018351550421875504 -0.001723781718431636 -5.6322797226231512e-32 7.9354925408559041e-15 -2.7755575615628914e-16 0.36864932396777361 
1 -5.654319433712921e-19 -1.8323016715005026e-20 0.0050000000000000001 1 0 0 0 1 0 0 0 1 0 0 0 0 0 0 
2 -0.0034267543817828963 -0.049882466383568899 0.0050000000000000001 0.99764870337024369 0.068535134519978405 -1.6434332146954656e-17 -0.068535134519978405 0.99764870337024369 2.6368523809889526e-17 1.8202860483569259e-17 -2.5180194424286139e-17 1 0.042631709536498107 -0.0029320777849909385 8.8626832041249762e-32 -1.251776460264864e-14 -2.2204460492503131e-16 0.85465036813936612 
1 -5.654319433712921e-19 -1.8323016715005026e-20 0.0050000000000000001 1 0 0 0 1 0 0 0 1 0 0 0 0 0 0 
2 -0.0013907664878112594 -0.049980649112051599 0.0050000000000000001 0.99961307610239059 0.027815428904048894 1.0758392700333878e-17 -0.027815428904048894 0.99961307610239059 4.4392063065543637e-17 -9.519445746994567e-18 -4.467413602275737e-17 1 0.057171871463079831 -0.0015896869706966842 -5.4805720956014384e-32 7.6822229133632902e-15 -1.2212453270876722e-15 1.1438672359471944 
1 -5.654319433712921e-19 -1.8323016715005026e-20 0.0050000000000000001 1 0 0 0 1 0 0 0 1 0 0 0 0 0 0 
2 0.00096831770917030398 -0.049990619331891174 0.0050000000000000001 0.99981245404715191 -0.019366381495049833 6.5617486672859869e-17 0.019366381495049833 0.99981245404715191 2.1721530315905815e-16 -6.9811854806339534e-17 -2.1590379202840105e-16 1 0.058440763934846506 0.0011361735297673629 3.8817231656425784e-32 -5.3221316242968442e-15 -7.3274719625260332e-15 1.1690299029265905 
1 -5.654319433712921e-19 -1.8323016715005026e-20 0.0050000000000000001 1 0 0 0 1 0 0 0 1 0 0 0 0 0 0 
2 0.0031017056898634278 -0.049903657919240195 0.0050000000000000001 0.99807401961346642 -0.062034275788614875 2.5776498838979005e-18 0.062034275788614875 0.99807401961346642 -2.6614842719178468e-16 1.3937639552343094e-17 2.6579573318489074e-16 1 0.046126581553068015 0.0028579518531482656 -1.122944080962342e-31 1.5831086441764342e-14 5.5511151231257827e-17 0.92429921157450035 
1 -5.654319433712921e-19 -1.8323016715005026e-20 0.0050000000000000001 1 0 0 0 1 0 0 0 1 0 0 0 0 0 0 
2 0.0045162771531480862 -0.04979559854295864 0.0050000000000000001 0.99591226650936693 -0.090325840246164441 2.1866807985442593e-18 0.090325840246164441 0.99591226650936693 2.867648793348392e-16 -2.8080020909220034e-17 -2.8539514715316616e-16 1 0.02323888044087068 0.0021073630586836882 -9.4999216483500498e-32 1.3341758253737623e-14 9.1593399531575415e-16 0.46668352071627539 
1 -5.654319433712921e-19 -1.8323016715005026e-20 0.0050000000000000001 1 0 0 0 1 0 0 0 1 0 0 0 0 0 0 
2 0.0048906726979787091 -0.049760274878527695 0.0050000000000000001 0.99520475934259955 -0.097813531690857963 -2.5672400753956154e-17 0.097813531690857963 0.99520475934259955 1.6640810914200759e-16 9.2723305569101953e-18 -1.681212503960562e-16 1 -0.0048761537858962693 -0.00048202866634704277 5.856796973017532e-33 -7.7845715984459218e-16 -5.0653925498522767e-16 -0.097999355279293043 
1 -5.654319433712921e-19 -1.8323016715005026e-20 0.0050000000000000001 1 0 0 0 1 0 0 0 1 0 0 0 0 0 0 
2 0.0041411026156074286 -0.049828248477846268 0.0050000000000000001 0.99656434869013388 -0.08282209197918855 -4.6485302894155112e-18 0.08282209197918855 0.99656434869013388 1.3771561732763386e-17 3.491970007709726e-18 -1.410924845185533e-17 1 -0.031890633830253118 -0.0026551374564538488 7.5197850572816159e-32 -1.0495077029659683e-14 -1.4988010832439613e-15 -0.64002582641459882 
1 -5.654319433712921e-19 -1.8323016715005026e-20 0.0050000000000000001 1 0 0 0 1 0 0 0 1 0 0 0 0 0 0 
2 0.0024365690288422905 -0.049940598696756495 0.0050000000000000001 0.99881191596369212 -0.048731473699638185 -1.4585769564498023e-17 0.048731473699638185 0.99881191596369212 -4.1033675875023732e-16 3.4564755411553142e-17 4.0913845815173455e-16 1 -0.051682225637842069 -0.0025224960446360188 -6.8395879010314871e-32 9.4368957093138306e-15 4.1078251911130792e-15 -1.0348682897940744 
1 -5.654319433712921e-19 -1.8323016715005026e-20 0.0050000000000000001 1 0 0 0 1 0 0 0 1 0 0 0 0 0 0 
2 0.00016692093188293785 -0.04999971491565839 0.0050000000000000001 0.99999442729492727 -0.0033384695730696982 -7.0194894432541166e-18 0.0033384695730696982 0.99999442729492727 -5.2965256270661905e-17 7.1962732221991323e-18 5.2941526758984821e-17 1 -0.059544002942236433 -0.00020448177095124835 -1.468281295788498e-32 2.0686577451023425e-15 -6.6613381477509392e-16 -1.1909271769956944 
1 -5.654319433712921e-19 -1.8323016715005026e-20 0.0050000000000000001 1 0 0 0 1 0 0 0 1 0 0 0 0 0 0 
2 -0.0021412216370417622 -0.04995407388495219 0.0050000000000000001 0.99908261099565576 0.04282448372255241 4.0269607043632185e-18 -0.04282448372255241 0.99908261099565576 -1.2290749461104455e-16 -9.2867164172424857e-18 1.2262228811380152e-16 1 -0.053562115231009517 0.0022914154651072893 -4.0025235221083832e-32 5.6144325299989362e-15 -5.5511151231257827e-16 -1.0722278206990354 
1 -5.654319433712921e-19 -1.8323016715005026e-20 0.0050000000000000001 1 0 0 0 1 0 0 0 1 0 0 0 0 0 0 
2 -0.0039516625874642837 -0.049843560492958232 0.0050000000000000001 0.99687195679844809 0.079033548249038743 4.5275135197495283e-18 -0.079033548249038743 0.99687195679844809 6.3437945931914188e-17 5.0037469876571025e-19 -6.3597334754632753e-17 1 -0.035192229129899132 0.0027912169183396856 2.6771729368482817e-32 -3.8632291810003494e-15 -1.0547118733938987e-15 -0.70605870345887101 
1 -5.654319433712921e-19 -1.8323016715005026e-20 0.0050000000000000001 1 0 0 0 1 0 0 0 1 0 0 0 0 0 0 
2 -0.004849494419868431 -0.049764284015973957 0.0050000000000000001 0.99528535039313459 0.096990057700855295 -9.1020489324256361e-18 -0.096990057700855295 0.99528535039313459 -1.889860241242253e-16 -9.2706294234591352e-18 1.8897782949103694e-16 1 -0.0088372785260381788 0.00085937019369985621 -3.0542281053041852e-32 4.2904048369596381e-15 -2.9143354396410359e-16 -0.17758375077481345 
1 -5.654319433712921e-19 -1.8323016715005026e-20 0.0050000000000000001 1 0 0 0 1 0 0 0 1 0 0 0 0 0 0 
2 -0.0046324521179644321 -0.049784964107831571 0.0050000000000000001 0.99569882043951552 0.092649117509868623 -1.2631514123788551e-17 -0.092649117509868623 0.99569882043951552 -1.7943945198259411e-16 -4.0477231592204495e-18 1.7983794931576449e-16 1 0.019487726903478494 -0.0018183106238095225 1.3353232276126771e-32 -1.8925833122906965e-15 -5.5511151231257827e-17 0.39145420372387435 
1 -5.654319433712921e-19 -1.8323016715005026e-20 0.0050000000000000001 1 0 0 0 1 0 0 0 1 0 0 0 0 0 0 
2 -0.003349515233922286 -0.049887683975114616 0.0050000000000000001 0.99775361944839769 0.066990408847998228 -1.6455691677560459e-17 -0.066990408847998228 0.99775361944839769 -2.357905752174487e-16 6.2301889549125627e-19 2.3636327336838549e-16 1 0.043427520071665428 -0.0029182459667968256 6.0271596832790258e-32 -8.4307560932472825e-15 1.0547118733938987e-15 0.870508635722824 
1 -5.654319433712921e-19 -1.8323016715005026e-20 0.0050000000000000001 1 0 0 0 1 0 0 0 1 0 0 0 0 0 0 
2 -0.0012917727819218314 -0.049983312370071996 0.0050000000000000001 0.99966620601752421 0.025835567470616969 3.2266737670334451e-19 -0.025835567470616969 0.99966620601752421 -4.4132520885519851e-17 -1.4627483932609203e-18 4.410945342083539e-17 1 0.057429798278837242 -0.001483648899497741 -6.3889056503629348e-32 9.0290188520247838e-15 1.3322676295501878e-15 1.1489958300958349 
1 -5.654319433712921e-19 -1.8323016715005026e-20 0.0050000000000000001 1 0 0 0 1 0 0 0 1 0 0 0 0 0 0 
2 0.0010660590985539782 -0.049988582048574197 0.0050000000000000001 0.99977267946935766 -0.021321101910101802 1.0079232894436509e-17 0.021321101910101802 0.99977267946935766 1.1237221174390397e-16 -1.2472841056321794e-17 -1.1213176688138296e-16 1 0.058110402469131101 0.0012385762734984983 -4.3477049462766163e-32 6.1391863814819203e-15 -8.8817841970012523e-16 1.162474359113072 
1 -5.654319433712921e-19 -1.8323016715005026e-20 0.0050000000000000001 1 0 0 0 1 0 0 0 1 0 0 0 0 0 0 
2 0.0031754481740263489 -0.049899013670060721 0.0050000000000000001 0.99798125450489805 -0.063509177737001155 -4.3816410904855374e-18 0.063509177737001155 0.99798125450489805 -1.7724501248320957e-16 1.562948067306611e-17 1.7660892548993441e-16 1 0.045279553987823212 0.0028847658230926484 9.1188807914581403e-33 -1.3530843112619095e-15 1.0547118733938987e-15 0.90743083425122961 
1 -5.654319433712921e-19 -1.8323016715005026e-20 0.0050000000000000001 1 0 0 0 1 0 0 0 1 0 0 0 0 0 0 
2 0.0045491926726814562 -0.049792616137202157 0.0050000000000000001 0.9958523481195003 -0.090984068632247506 2.1775844337944199e-18 0.090984068632247506 0.9958523481195003 6.2333775896815748e-17 -7.8399331159256648e-18 -6.1877111602421807e-17 1 0.022077692765239236 0.0020173003709351772 2.2378119345289967e-33 -3.0357660829594124e-16 -1.3877787807814457e-16 0.44340295448553102 
1 -5.654319433712921e-19 -1.8323016715005026e-20 0.0050000000000000001 1 0 0 0 1 0 0 0 1 0 0 0 0 0 0 
2 0.0048753709981185856 -0.049761751678913287 0.0050000000000000001 0.99523478586779668 -0.097507543291178139 -2.913763053337614e-17 0.097507543291178139 0.99523478586779668 3.4118222266808259e-16 -4.2690568624088647e-18 -3.423975550896036e-16 1 -0.0060841834814533901 -0.00060013466869350237 7.5114334780007442e-32 -1.0544516648725022e-14 -7.9103390504542404e-16 -0.12227731597908997 
1 -5.654319433712921e-19 -1.8323016715005026e-20 0.0050000000000000001 1 0 0 0 1 0 0 0 1 0 0 0 0 0 0 
2 0.0040810338237248596 -0.049833185868365125 0.0050000000000000001 0.99666345890523877 -0.081620767474004222 -1.1570833955347882e-17 0.081620767474004222 0.99666345890523877 1.5059948982748523e-16 -7.5981854855763103e-19 -1.5104142878857552e-16 1 -0.03286748085068248 -0.0026757374426541712 1.3159952259828885e-32 -1.5855372570428017e-15 -3.3306690738754696e-15 -0.65950040029994383 
1 -5.654319433712921e-19 -1.8323016715005026e-20 0.0050000000000000001 1 0 0 0 1 0 0 0 1 0 0 0 0 0 0 
2 0.0023453432710148631 -0.049944987297502824 0.0050000000000000001 0.99889926339057933 -0.046906946156812089 2.7867072672264572e-18 0.046906946156812089 0.99889926339057933 -2.7415941979824947e-16 1.0076341306341649e-17 2.7398835841579858e-16 1 -0.05221358691873379 -0.0024495387894105545 -1.9945803529819934e-32 2.8310687127941492e-15 -4.4408920985006262e-16 -1.0454223690470226 
1 -5.654319433712921e-19 -1.8323016715005026e-20 0.0050000000000000001 1 0 0 0 1 0 0 0 1 0 0 0 0 0 0 
2 6.562346372497791e-05 -0.049999924180611076 0.0050000000000000001 0.99999913850268252 -0.001312628619484478 1.7294685170780165e-17 0.001312628619484478 0.99999913850268252 1.0089699965227228e-16 -1.7427110560818973e-17 -1.0087421123105759e-16 1 -0.059509431228922181 -7.7053547534849392e-05 -9.3110028002598703e-32 1.3105835861004778e-14 -1.3322676295501878e-15 -1.1901852544000899 
1 -5.654319433712921e-19 -1.8323016715005026e-20 0.0050000000000000001 1 0 0 0 1 0 0 0 1 0 0 0 0 0 0 
2 -0.002228986258455534 -0.049950244016697239 0.0050000000000000001 0.9990058256600548 0.044579819394791935 5.8177090406782407e-19 -0.044579819394791935 0.9990058256600548 2.7011562119132328e-16 1.1460513086057953e-17 -2.6987301441374898e-16 1 -0.052946038341980174 0.0023674975606916 1.0099418714449301e-31 -1.4203048459560108e-14 5.5511151231257827e-16 -1.0599772632243769 
1 -5.654319433712921e-19 -1.8323016715005026e-20 0.0050000000000000001 1 0 0 0 1 0 0 0 1 0 0 0 0 0 0 
2 -0.0040056781122375868 -0.049839274977663731 0.0050000000000000001 0.99678572672334242 0.080113762866426769 -5.8659126432748734e-18 -0.080113762866426769 0.99678572672334242 3.6765358866195885e-17 8.7924692389278858e-18 -3.6177244621187046e-17 1 -0.034152577013025452 0.002747357679968393 1.8195975058303053e-32 -2.6315755130568164e-15 -7.7715611723760958e-16 -0.6852691158609302 
1 -5.654319433712921e-19 -1.8323016715005026e-20 0.0050000000000000001 1 0 0 0 1 0 0 0 1 0 0 0 0 0 0 
2 -0.0048575217285817844 -0.049763488501420587 0.0050000000000000001 0.99526969391626263 0.097150586060140945 -1.2569283307498921e-17 -0.097150586060140945 0.99526969391626263 -2.4449749900127186e-16 -1.1243248568011044e-17 2.4456206423396705e-16 1 -0.0076200080471854736 0.00074146393588651448 -5.6174433703080769e-33 6.7784319823793737e-16 -1.1934897514720433e-15 -0.15312198456317533 
1 -5.654319433712921e-19 -1.8323016715005026e-20 0.0050000000000000001 1 0 0 0 1 0 0 0 1 0 0 0 0 0 0 
2 -0.0045926968643534962 -0.049788658173999009 0.0050000000000000001 0.99577248679716912 0.091853984876985983 -5.7036026585522941e-18 -0.091853984876985983 0.99577248679716912 -1.8976314653700346e-17 3.9364404837876438e-18 1.9419990665303753e-17 1 0.020604751423061216 -0.0018914347302147637 2.7221848538900688e-31 -3.8074578212476951e-14 4.3298697960381105e-15 0.41381749514888805 
1 -5.654319433712921e-19 -1.8323016715005026e-20 0.0050000000000000001 1 0 0 0 1 0 0 0 1 0 0 0 0 0 0 
2 -0.0032709561392750136 -0.049892938725475337 0.0050000000000000001 0.99785787437234685 0.065419129871175222 8.6984887182300658e-19 -0.065419129871175222 0.99785787437234685 -1.2801926229086057e-16 -9.2428942920803418e-18 1.2768812419195999e-16 1 0.044200549933681603 -0.0028966425107896984 -6.9551997054522706e-32 9.7040431246142589e-15 -1.609823385706477e-15 0.88590594962205549 
1 -5.654319433712921e-19 -1.8323016715005026e-20 0.0050000000000000001 1 0 0 0 1 0 0 0 1 0 0 0 0 0 0 
2 -0.0011924299552726412 -0.049985770642347993 0.0050000000000000001 0.99971557784662191 0.023848761200425905 -6.6437013756765216e-18 -0.023848761200425905 0.99971557784662191 3.1166055472344554e-17 7.3850835743440225e-18 -3.0998747108139362e-17 1 0.057679981690567116 -0.0013752953340236533 -3.4408011549628014e-32 4.8756571696673134e-15 1.3322676295501878e-15 1.1539196781947896 
1 -5.654319433712921e-19 -1.8323016715005026e-20 0.0050000000000000001 1 0 0 0 1 0 0 0 1 0 0 0 0 0 0 
2 0.0011631110735679827 -0.04998643475301065 0.0050000000000000001 0.99972939812338613 -0.02326221244533801 -1.0764319591228149e-17 0.02326221244533801 0.99972939812338613 3.8418154648088221e-16 1.8244939943295088e-18 -3.8432798812260476e-16 1 0.057758676551208497 0.0013489736211518676 8.7811199132178583e-32 -1.2366843660238658e-14 2.2204460492503131e-16 1.1554799047455884 
1 -5.654319433712921e-19 -1.8323016715005026e-20 0.0050000000000000001 1 0 0 0 1 0 0 0 1 0 0 0 0 0 0 
2 0.0032477042803520585 -0.049894399762006894 0.0050000000000000001 0.99788824421696776 -0.064954230451737038 -1.8279421841709205e-17 0.064954230451737038 0.99788824421696776 1.3023399105055007e-16 9.7815714995776001e-18 -1.3114629444563261e-16 1 0.044417090841371715 0.0028952186978096809 1.3221100646099494e-31 -1.8780116350924914e-14 2.0539125955565396e-15 0.89023471911794294 
1 -5.654319433712921e-19 -1.8323016715005026e-20 0.0050000000000000001 1 0 0 0 1 0 0 0 1 0 0 0 0 0 0 
2 0.0045801158832373245 -0.049789780768655 0.0050000000000000001 0.99579565405492976 -0.091602485584806881 1.6046849187367345e-17 0.091602485584806881 0.99579565405492976 -1.1547647545939477e-16 -5.4014505034017674e-18 1.1646090367941345e-16 1 0.020927324455486181 0.0019193623367209493 5.5757373972129367e-33 -7.2164496600635175e-16 -7.2164496600635175e-16 0.42026688187100647 
1 -5.654319433712921e-19 -1.8323016715005026e-20 0.0050000000000000001 1 0 0 0 1 0 0 0 1 0 0 0 0 0 0 
2 0.0048579956529759211 -0.049763473588158393 0.0050000000000000001 0.99526877476080466 -0.097160001987065814 -8.3161137586133032e-18 0.097160001987065814 0.99526877476080466 7.5335921987654036e-17 9.5713002128863034e-19 -7.5787484401439528e-17 1 -0.0072812784954551816 -0.0007072762073704979 3.1057156898338828e-32 -4.4296163959067769e-15 3.8857805861880479e-16 -0.14631153908285366 
1 -5.654319433712921e-19 -1.8323016715005026e-20 0.0050000000000000001 1 0 0 0 1 0 0 0 1 0 0 0 0 0 0 
2 0.0040193205390839214 -0.049838244108609958 0.0050000000000000001 0.99676377903420343 -0.080386372013256921 -1.155377130772539e-17 0.080386372013256921 0.99676377903420343 -2.9160049203240088e-17 1.3860451313961844e-17 2.8136915082145997e-17 1 -0.033847141800453832 -0.0027308696920679393 1.439293661467722e-32 -2.005340338229189e-15 -3.3306690738754696e-16 -0.67914419343201682 
1 -5.654319433712921e-19 -1.8323016715005026e-20 0.0050000000000000001 1 0 0 0 1 0 0 0 1 0 0 0 0 0 0 
2 0.0022533256858532011 -0.049949211564463997 0.0050000000000000001 0.99898398332055571 -0.04506662921714534 -1.8004571274068072e-17 0.04506662921714534 0.99898398332055571 -9.6890900563533998e-17 2.2352824619559461e-17 9.5981052454652976e-17 1 -0.052733233029610339 -0.0023799644724604137 -1.8937491203879193e-32 2.5326962749261384e-15 2.9976021664879227e-15 -1.055732592998464 
1 -5.654319433712921e-19 -1.8323016715005026e-20 0.0050000000000000001 1 0 0 0 1 0 0 0 1 0 0 0 0 0 0 
2 -3.5455039614527572e-05 -0.049999968197435338 0.0050000000000000001 0.99999974863412788 0.00070903574030106687 -4.1658078305965982e-17 -0.00070903574030106687 0.99999974863412788 -2.1833328561834467e-16 4.1503261731746034e-17 2.1836276780319911e-16 1 -0.059440954210605072 4.5987501317113681e-05 -3.1259189868987913e-32 4.401860820291148e-15 3.5527136788005009e-15 -1.1888064241073544 
1 -5.654319433712921e-19 -1.8323016715005026e-20 0.0050000000000000001 1 0 0 0 1 0 0 0 1 0 0 0 0 0 0 
