1 0.49669269999999982 -0.21590899999999982 0.47280929999999971 1 5.5511151231257827e-17 -1.110223024625156e-16 -5.5511151231257827e-17 1 0 1.110223024625156e-16 6.162975822039152e-33 1 0 0 0 0 0 0 
2 0.477634 -0.21590899999999999 0.46278000000000002 1 0 0 0 1 0 0 0 1 0 0 0 0 0 0 
1 0.49669269976254593 -0.21591200850843967 0.47280929999999971 0.99999998754092134 0.00015785486102587456 -2.4980018054066012e-16 -0.00015785486102587456 0.99999998754092134 2.2102138912474801e-16 2.4983506672904405e-16 -2.2098195419824167e-16 1 -9.4981577670995892e-07 -0.0060170168173849098 -5.0567548014314314e-15 -1.0398210070761138e-12 -4.2123249333059221e-13 -0.31570972272048725 
2 0.477634 -0.21590899999999999 0.46278000000000002 1 0 0 0 1 0 0 0 1 0 0 0 0 0 0 
1 0.4966926962007388 -0.21592103403285182 0.47280929999999971 0.99999980065475291 0.00063141939660243983 -6.106226635438362e-16 -0.00063141939660243983 0.99999980065475291 9.7036094437452671e-17 6.1068381229130882e-16 -9.6650516100001817e-17 1 -7.5985213499959096e-06 -0.012034030906269647 -2.4702030223322056e-14 -1.7782442185421132e-12 -2.0573820425084932e-12 -0.6314194210143973 
2 0.477634 -0.21590899999999999 0.46278000000000002 1 0 0 0 1 0 0 0 1 0 0 0 0 0 0 
1 0.49669268076624451 -0.21593607656506178 0.47280929999999971 0.99999899081493693 0.0014206931785826456 0 -0.0014206931785826456 0.99999899081493693 2.7376104855258907e-17 3.8893045424029577e-20 -2.7376077227702803e-17 1 -2.5644999069944447e-05 -0.01805102866961775 7.8742584478632935e-15 3.6567970873591094e-13 6.5566996276800182e-13 -0.94712897137560781 
2 0.477634 -0.21590899999999999 0.46278000000000002 1 0 0 0 1 0 0 0 1 0 0 0 0 0 0 
1 0.49669263921187568 -0.21595713607348629 0.47280929999999965 0.99999681047895017 0.0025256745488159565 -2.7755575615628756e-16 -0.0025256745488159565 0.99999681047895017 -5.7679555576228503e-17 2.774091911008549e-16 5.8380387115273144e-17 1 -6.0788068515508264e-05 -0.024067975316889402 5.2563134239850859e-16 -3.0592195443546188e-13 4.4575454438700035e-14 -1.2628380721202332 
2 0.477634 -0.21590899999999999 0.46278000000000002 1 0 0 0 1 0 0 0 1 0 0 0 0 0 0 
1 0.49669255159171127 -0.21598421247543872 0.47280929999999854 0.9999922130942569 0.0039463591892115891 -1.9428902930937846e-16 -0.0039463591892115891 0.9999922130942569 3.4965520062653209e-16 1.9566738141306846e-16 -3.4888574359826415e-16 1 -0.00011872633908862468 -0.030084801283975407 -1.9918402355572947e-15 -3.6820546611693317e-13 -1.645350522494482e-13 -1.5785460802910833 
2 0.477634 -0.21590899999999999 0.46278000000000002 1 0 0 0 1 0 0 0 1 0 0 0 0 0 0 
1 0.4966923922613749 -0.21601730560013255 0.47280929999999544 0.99998385311338134 0.0056827381177980653 -1.6653345369369847e-16 -0.0056827381177980653 0.99998385311338134 -3.0357660829580446e-18 1.6651351323326712e-16 3.9820830699810415e-18 1 -0.00020515785472214641 -0.03610139200492718 3.8514317886689676e-15 2.233768725545815e-13 3.1968871994081383e-13 -1.8942519154098099 
2 0.477634 -0.21590899999999999 0.46278000000000002 1 0 0 0 1 0 0 0 1 0 0 0 0 0 0 
1 0.4966921298790285 -0.21605641512683912 0.47280929999995314 0.99997008602647675 0.0077347949035965402 2.2204460492394174e-16 -0.0077347949035965402 0.99997008602647675 -3.9399906947929896e-16 -2.250854646821393e-16 3.9226981392302954e-16 1 -0.00032577994226737318 -0.042117578203184902 6.4720592499479689e-15 4.6040948831205242e-13 5.3579363168410055e-13 -2.2099539641821524 
2 0.477634 -0.21590899999999999 0.46278000000000002 1 0 0 0 1 0 0 0 1 0 0 0 0 0 0 
1 0.49669172740539486 -0.21610154055361211 0.47280929999989763 0.99994896841531156 0.010102502915334152 8.8817841969057863e-16 -0.010102502915334152 0.99994896841531156 -7.9710543720277514e-16 -8.9618585454150539e-16 7.8809193457488996e-16 1 -0.00048628995330190285 -0.04813315436383532 -3.4985566694870517e-16 4.8183679268731794e-14 -2.964295475749168e-14 -2.5256504130527442 
2 0.477634 -0.21590899999999999 0.46278000000000002 1 0 0 0 1 0 0 0 1 0 0 0 0 0 0 
1 0.49669114210477605 -0.216152681138856 0.47280929999997356 0.99991825803978196 0.01278582178383254 3.0531133177107707e-16 -0.01278582178383254 0.99991825803978196 7.979727989471333e-17 -3.0426610122477294e-16 -8.3694413385244231e-17 1 -0.00069237729023340089 -0.054147748185621028 -3.1468949328394851e-15 1.6275869541004795e-13 -2.6434410216324977e-13 -2.8413377044478683 
2 0.477634 -0.21590899999999999 0.46278000000000002 1 0 0 0 1 0 0 0 1 0 0 0 0 0 0 
1 0.49669032555717885 -0.21620983565028751 0.47280929999958948 0.99987541400205948 0.01578469113445758 -3.0531133175873337e-16 -0.01578469113445758 0.99987541400205948 -1.5829351717604785e-16 3.0277467996457278e-16 1.6309304109190446e-16 1 -0.00094973666455890667 -0.060161021073294109 -2.3416061642571621e-15 1.4888090760223349e-13 -1.9750867608081535e-13 -3.1570130489262338 
2 0.477634 -0.21590899999999999 0.46278000000000002 1 0 0 0 1 0 0 0 1 0 0 0 0 0 0 
1 0.4966892236422058 -0.21627300260126686 0.47280929999922638 0.99981759689400462 0.019099029847029554 -8.3266726840108182e-17 -0.019099029847029554 0.99981759689400462 -1.7173762410772312e-16 7.9971516721815125e-17 1.7329661233285329e-16 1 -0.0012640609557638531 -0.066172553134982159 -2.920871151797963e-16 9.9920072216264089e-15 -2.453592884421596e-14 -3.4726730907512859 
2 0.477634 -0.21590899999999999 0.46278000000000002 1 0 0 0 1 0 0 0 1 0 0 0 0 0 0 
1 0.49668777654945567 -0.21634218002050432 0.47280929999988724 0.99974166906635431 0.022728729230207929 -1.1102230246120117e-16 -0.022728729230207929 0.99974166906635431 -5.984795992049125e-17 1.0963335389013769e-16 6.2355895192283087e-17 1 -0.0016410438639569308 -0.072181875477418445 4.3513316712268469e-15 -3.1763480734525729e-13 3.6992631180510216e-13 -3.788314367924297 
2 0.477634 -0.21590899999999999 0.46278000000000002 1 0 0 0 1 0 0 0 1 0 0 0 0 0 0 
1 0.49668591883670532 -0.21641736482759161 0.4728092999986519 0.99964419515819969 0.026673640293652743 0 -0.026673640293652743 0.99964419515819969 2.4286128660229663e-17 6.4779946000833663e-19 -2.4277487538063768e-17 1 -0.0020862688674769007 -0.078187448631752268 -8.5535084111281341e-15 -9.7033492352238682e-14 2.6978419498391304e-14 -4.1039197689380504 
2 0.477634 -0.21590899999999999 0.46278000000000002 1 0 0 0 1 0 0 0 1 0 0 0 0 0 0 
1 0.49668357934163376 -0.21649855366231749 0.47280929999730287 0.99952144230505202 0.030933580013126918 -1.1102230243099896e-16 -0.030933580013126918 0.99952144230505202 -1.092875789555146e-16 1.0758851578579843e-16 1.126695958191341e-16 1 -0.0026055235562105865 -0.084189518157003429 -1.9943809758793927e-14 -5.3734794391857577e-14 -2.4868995751603507e-14 -4.4194966256767962 
2 0.477634 -0.21590899999999999 0.46278000000000002 1 0 0 0 1 0 0 0 1 0 0 0 0 0 0 
1 0.49668068123140396 -0.21658574232202807 0.4728092999987813 0.99936938081255089 0.035508318663923386 2.775557561206916e-17 -0.035508318663923386 0.99936938081255089 2.0209528492537857e-16 -2.056200863592276e-17 -2.029533935845456e-16 1 -0.0032044533872200211 -0.090186959797942751 -3.8210927208688463e-14 1.3500311979441904e-13 -1.1191048088221578e-13 -4.7350347592809285 
2 0.477634 -0.21590899999999999 0.46278000000000002 1 0 0 0 1 0 0 0 1 0 0 0 0 0 0 
1 0.49667714213138392 -0.21667892492601798 0.47280929999732779 0.9991836852948095 0.040397562311149347 -5.5511151215645222e-17 -0.040397562311149347 0.9991836852948095 3.0704605516153761e-16 6.7869748792386657e-17 -3.0455289376134082e-16 1 -0.0038884645988474394 -0.096177371459195582 -1.1176030740192858e-14 -2.9976021664879227e-14 -4.1744385725905886e-14 -5.0505062433692451 
2 0.477634 -0.21590899999999999 0.46278000000000002 1 0 0 0 1 0 0 0 1 0 0 0 0 0 0 
1 0.49667287397033971 -0.21677809479040061 0.47280929999388788 0.99895973517642134 0.045600959378660141 -8.3266726793317723e-17 -0.045600959378660141 0.99895973517642134 1.4224732493858442e-16 8.9666721832707561e-17 -1.3830230742410655e-16 1 -0.0046634709434843959 -0.10216105573500818 1.5184156010390669e-14 7.7715611723760958e-15 -1.5543122344752192e-14 -5.3659227657347692 
2 0.477634 -0.21590899999999999 0.46278000000000002 1 0 0 0 1 0 0 0 1 0 0 0 0 0 0 
1 0.49666778300163605 -0.2168832442205908 0.47280929999573712 0.99869261574023771 0.051118091375968566 -5.5511151206350468e-17 -0.051118091375968566 0.99869261574023771 3.98986399295644e-17 5.7478119122718343e-17 -3.7008852975983133e-17 1 -0.0055350349366999549 -0.10813628633175378 6.465243398699326e-14 6.3726801613483985e-14 5.8841820305133297e-14 -5.6812679593692117 
2 0.477634 -0.21590899999999999 0.46278000000000002 1 0 0 0 1 0 0 0 1 0 0 0 0 0 0 
1 0.49666177006028428 -0.2169943633195148 0.47280929999627719 0.99837712022326341 0.05694844874712103 -2.2204460483802478e-16 -0.05694844874712103 0.99837712022326341 3.1225022555347233e-17 2.2346246973592056e-16 -1.8529252299521023e-17 1 -0.0065083082497858291 -0.11409999784739305 2.6340378336735033e-14 4.7961634663806763e-14 1.7541523789077473e-14 -5.9965063599750703 
2 0.477634 -0.21590899999999999 0.46278000000000002 1 0 0 0 1 0 0 0 1 0 0 0 0 0 0 
1 0.49665473043598041 -0.21711144042074501 0.47280929998972887 0.99800775119067087 0.063091430189368622 -1.3877787792810552e-16 -0.063091430189368622 0.99800775119067087 -1.8908485867704375e-16 1.2657176370495267e-16 1.9746384938961203e-16 1 -0.0075893219839699962 -0.1200520300330857 -3.5188254191060767e-15 2.9531932455029164e-14 2.5979218776228663e-14 -6.3116468481959327 
2 0.477634 -0.21590899999999999 0.46278000000000002 1 0 0 0 1 0 0 0 1 0 0 0 0 0 0 
1 0.49664655368322869 -0.21723446271715696 0.47280929999054389 0.99757872168443296 0.069546344565712057 2.7755575588002468e-17 -0.069546344565712057 0.99757872168443296 6.7654215495756017e-17 -2.2983268232504371e-17 -6.9420704634282332e-17 1 -0.0087835132963457428 -0.12599007172117238 -7.0386932070536232e-14 -3.3084646133829665e-14 1.7097434579227411e-14 -6.6266675130612676 
2 0.477634 -0.21590899999999999 0.46278000000000002 1 0 0 0 1 0 0 0 1 0 0 0 0 0 0 
1 0.49663712408464145 -0.21736341469984666 0.47280929999602594 0.99708395869051758 0.076312379874081918 -1.1102230241607645e-16 -0.076312379874081918 0.99708395869051758 1.0755285546557405e-16 1.1890617115878842e-16 -9.8766850779612818e-17 1 -0.010095749372637288 -0.13191061464127796 -3.3759825448224802e-14 -1.5099033134902129e-14 2.5979218776228663e-14 -6.9415295464148583 
2 0.477634 -0.21590899999999999 0.46278000000000002 1 0 0 0 1 0 0 0 1 0 0 0 0 0 0 
1 0.49662632071614721 -0.21749827797261609 0.47280929998586874 0.99651710606252508 0.083388592293970651 -1.6653345344606258e-16 -0.083388592293970651 0.99651710606252508 1.6306400649926959e-16 1.7955111304645751e-16 -1.4860908160689227e-16 1 -0.011532068198795358 -0.13781256799135072 -7.4112300463694786e-15 -5.1070259132757201e-15 -1.5987211554602254e-14 -7.2562319860987481 
2 0.477634 -0.21590899999999999 0.46278000000000002 1 0 0 0 1 0 0 0 1 0 0 0 0 0 0 
1 0.49661401681355777 -0.21763903267747886 0.47280929998392823 0.99587152565274051 0.090773919129247177 2.7755575568674082e-17 -0.090773919129247177 0.99587152565274051 -8.6736173652106507e-17 -3.5514369799622044e-17 8.3858603212147807e-17 1 -0.013097745141969553 -0.14369304401831801 6.0820856644112272e-14 2.3980817331903381e-14 -7.815970093361102e-14 -7.5707481288917196 
2 0.477634 -0.21590899999999999 0.46278000000000002 1 0 0 0 1 0 0 0 1 0 0 0 0 0 0 
1 0.49660008051830751 -0.21778565571366873 0.4728092999966092 0.99514030251431163 0.098467143310468186 -2.2204460484578303e-16 -0.098467143310468186 0.99514030251431163 -5.2041704260730397e-17 2.1584113728634096e-16 7.3652895248049591e-17 1 -0.014797354142776269 -0.14954814198622324 4.0680339546785992e-14 2.5757174171303632e-14 -6.9944050551384862e-14 -7.8850374424103027 
2 0.477634 -0.21590899999999999 0.46278000000000002 1 0 0 0 1 0 0 0 1 0 0 0 0 0 0 
1 0.4965843752917255 -0.21793812005804433 0.47280929998242227 0.99431624984689448 0.10646687414594345 -2.4980018007846558e-16 -0.10646687414594345 0.99431624984689448 -1.8735013505884917e-16 2.2843379501616283e-16 2.1288072803407211e-16 1 -0.016636774846720992 -0.15537564471132281 2.6828884805333438e-14 1.7985612998927536e-14 -4.5519144009631418e-14 -8.1990863441209676 
2 0.477634 -0.21590899999999999 0.46278000000000002 1 0 0 0 1 0 0 0 1 0 0 0 0 0 0 
1 0.496566758648811 -0.21809639663193439 0.47280929997617149 0.99339191041906982 0.11477156579027188 -1.6653345327606954e-16 -0.11477156579027188 0.99339191041906982 -1.214306430138007e-16 1.5149620026498616e-16 1.3974152363585114e-16 1 -0.018621077242772437 -0.16117203463970098 -2.253066794061887e-14 4.4408920985006262e-15 2.8421709430404007e-14 -8.5128631754876949 
2 0.477634 -0.21590899999999999 0.46278000000000002 1 0 0 0 1 0 0 0 1 0 0 0 0 0 0 
1 0.49654708323634072 -0.21826045249652279 0.4728092999981599 0.99235956374755285 0.1233794806228594 0 -0.1233794806228594 0.99235956374755285 5.8980598171788464e-17 7.2769955692608309e-18 -5.8529960671325715e-17 1 -0.020754507639156525 -0.16693292461422868 -2.29469942173747e-14 -1.3322676295501878e-14 3.3084646133829665e-14 -8.8263246357346699 
2 0.477634 -0.21590899999999999 0.46278000000000002 1 0 0 0 1 0 0 0 1 0 0 0 0 0 0 
1 0.49652519774000264 -0.21843024984921985 0.47280929997990379 0.99121123344556816 0.13228866425856473 -5.5511151113832405e-17 -0.13228866425856473 0.99121123344556816 -4.1633363335374304e-17 4.9515654541296977e-17 4.8610953456448085e-17 1 -0.023042608238855421 -0.17265495365226796 -2.8306357287294292e-14 -1.1990408665951691e-14 3.2418512319054571e-14 -9.1394448702386981 
2 0.477634 -0.21590899999999999 0.46278000000000002 1 0 0 0 1 0 0 0 1 0 0 0 0 0 0 
1 0.49650094482632889 -0.21860574803476859 0.47280929996804139 0.98993868938967455 0.14149696551323412 -1.6653345313355129e-16 -0.14149696551323412 0.98993868938967455 -2.9143354298371475e-16 1.2362094635359825e-16 3.1206531786032584e-16 1 -0.025490174917712057 -0.17833388166809899 -1.7733877110262831e-14 -1.4210854715202004e-14 -5.3290705182007514e-15 -9.452186349408553 
2 0.477634 -0.21590899999999999 0.46278000000000002 1 0 0 0 1 0 0 0 1 0 0 0 0 0 0 
1 0.49647416262837796 -0.21878690180199264 0.47280929999729965 0.98853345719847574 0.15100199998420313 -1.9428902925418292e-16 -0.15100199998420313 0.98853345719847574 1.1102230243096166e-16 2.088257954942995e-16 -8.0411228455842295e-17 1 -0.028102090891890415 -0.18396535847177353 1.8556034325319926e-14 -2.3092638912203256e-14 -1.0258460747536446e-13 -9.7645117662185008 
2 0.477634 -0.21590899999999999 0.46278000000000002 1 0 0 0 1 0 0 0 1 0 0 0 0 0 0 
1 0.49644468608033265 -0.21897366027290061 0.47280929997849092 0.98698682823615391 0.16080112216131073 -1.9428902886951852e-16 -0.16080112216131073 0.98698682823615391 -4.1633363329182541e-17 1.850660208223265e-16 7.2333475086923153e-17 1 -0.030880315015077202 -0.18954299598422836 -1.2143730560424196e-16 -8.8817841970012523e-15 -1.4654943925052066e-14 -10.076351053919508 
2 0.477634 -0.21590899999999999 0.46278000000000002 1 0 0 0 1 0 0 0 1 0 0 0 0 0 0 
1 0.49641234432267295 -0.21916596860649284 0.47280929995996529 0.98528986332828661 0.17089144280076254 -1.942890284906427e-16 -0.17089144280076254 0.98528986332828661 -3.4694469373329056e-17 1.8550202239931587e-16 6.7386441386219191e-17 1 -0.033832318134382186 -0.19506364211398325 2.3095810229255756e-14 1.4654943925052066e-14 -7.9936057773011271e-15 -10.387692354997556 
2 0.477634 -0.21590899999999999 0.46278000000000002 1 0 0 0 1 0 0 0 1 0 0 0 0 0 0 
1 0.49637696238909212 -0.21936376659560605 0.47280929998412891 0.98343340461595419 0.18126979529274295 -5.5511151138520584e-17 -0.18126979529274295 0.98343340461595419 2.7755575569260292e-17 5.9622767859978163e-17 -1.7233265175808909e-17 1 -0.036961504838091838 -0.20052138786371224 5.7739158427866469e-14 4.6629367034256575e-14 1.9539925233402755e-14 -10.69847880207643 
2 0.477634 -0.21590899999999999 0.46278000000000002 1 0 0 0 1 0 0 0 1 0 0 0 0 0 0 
1 0.49633836253677471 -0.21956698790948478 0.47280929997840565 0.98140808779201416 0.1919327101262896 -2.2204460442031297e-16 -0.1919327101262896 0.98140808779201416 -8.3266726657617365e-17 2.019347621179321e-16 1.2433626168106315e-16 1 -0.040269121877987313 -0.20590948513601773 2.1978352918739294e-14 2.4424906541753444e-14 1.8207657603852567e-14 -11.008636354967079 
2 0.477634 -0.21590899999999999 0.46278000000000002 1 0 0 0 1 0 0 0 1 0 0 0 0 0 0 
1 0.49629636241664843 -0.21977556071602244 0.47280929995248033 0.97920435001058781 0.20287641785171123 -8.3266726430384773e-17 -0.20287641785171123 0.97920435001058781 -6.9388938691987303e-17 6.7457761411411972e-17 8.4838805794246823e-17 1 -0.043762100626480747 -0.21122316045717413 -1.3062800593318683e-14 -6.6613381477509392e-15 2.7977620220553945e-14 -11.318137366704715 
2 0.477634 -0.21590899999999999 0.46278000000000002 1 0 0 0 1 0 0 0 1 0 0 0 0 0 0 
1 0.49625077560183689 -0.21998940721701679 0.47280929996879273 0.97681244220780683 0.21409683030820423 -1.9428902867117549e-16 -0.21409683030820423 0.97681244220780683 -1.387778776222682e-17 1.8681275021889078e-16 5.5152660958620877e-17 1 -0.047443240976914783 -0.2164557889705673 -8.551341170736326e-14 -6.2172489379008766e-14 4.929390229335695e-14 -11.626918040976495 
2 0.477634 -0.21590899999999999 0.46278000000000002 1 0 0 0 1 0 0 0 1 0 0 0 0 0 0 
1 0.49620141350343605 -0.22020844283778182 0.47280929997991655 0.97422244482641995 0.22558951215965967 -2.2204460445562781e-16 -0.22558951215965967 0.97422244482641995 1.804112411201976e-16 2.5701972128570122e-16 -1.2566974640145799e-16 1 -0.051313036902777616 -0.22160024947335388 -3.8224512040544638e-14 -1.7763568394002505e-15 3.7747582837255322e-14 -11.934900717598939 
2 0.477634 -0.21590899999999999 0.46278000000000002 1 0 0 0 1 0 0 0 1 0 0 0 0 0 0 
1 0.49614808445099379 -0.22043257623093054 0.4728092999463912 0.97142428039146334 0.23734967340598462 -5.5511150918010443e-17 -0.23734967340598462 0.97142428039146334 2.289834975367931e-16 1.0827403818994815e-16 -2.0926457577541954e-16 1 -0.055377537063358441 -0.22665018122332822 -1.408371236870603e-14 1.3322676295501878e-15 1.021405182655144e-14 -12.242040601564259 
2 0.477634 -0.21590899999999999 0.46278000000000002 1 0 0 0 1 0 0 0 1 0 0 0 0 0 0 
1 0.49609059279949774 -0.22066170922973763 0.47280929995241383 0.96840772663291286 0.2493721616333178 0 -0.2493721616333178 0.96840772663291286 9.020562029895303e-17 2.2494770525424209e-17 -8.7355819683220841e-17 1 -0.059638819870441687 -0.23159821055554772 4.9955650170451312e-14 3.6859404417555197e-14 -4.0412118096355698e-14 -12.548266470245103 
2 0.477634 -0.21590899999999999 0.46278000000000002 1 0 0 0 1 0 0 0 1 0 0 0 0 0 0 
1 0.4960287414735845 -0.22089573619715996 0.47280929998312488 0.96516243581213923 0.261651433202989 0 -0.261651433202989 0.96516243581213923 -4.1633363349490471e-17 -1.0893429189454976e-17 4.0182958381446069e-17 1 -0.064096577220799852 -0.23643682580574477 2.0295054494161344e-14 3.3306690738754696e-14 -2.042810365310288e-14 -12.85349678131756 
2 0.477634 -0.21590899999999999 0.46278000000000002 1 0 0 0 1 0 0 0 1 0 0 0 0 0 0 
1 0.49596233212343172 -0.2211345438019709 0.47280929994245041 0.96167795204446849 0.27418153940693574 -2.4980017902742123e-16 -0.27418153940693574 0.96167795204446849 4.1633363171236872e-17 2.516424241924098e-16 2.8452710198627821e-17 1 -0.068755612788441639 -0.24115820215034633 1.2695863160787658e-14 2.2648549702353193e-14 -2.4868995751603507e-14 -13.157669549085675 
2 0.477634 -0.21590899999999999 0.46278000000000002 1 0 0 0 1 0 0 0 1 0 0 0 0 0 0 
1 0.49589116269047628 -0.22137801079915928 0.47280929993640058 0.95794372626466606 0.28695612436427703 -1.9428902800871187e-16 -0.28695612436427703 0.95794372626466606 2.1510570958107386e-16 2.478438562130182e-16 -1.5030673849301655e-16 1 -0.073617143023838025 -0.24575420328829295 -1.9317017155822667e-14 -5.773159728050814e-15 -9.3258734068513149e-15 -13.460705473022944 
2 0.477634 -0.21590899999999999 0.46278000000000002 1 0 0 0 1 0 0 0 1 0 0 0 0 0 0 
1 0.49581503056391107 -0.22162600775773736 0.47280929998789439 0.9539491389771807 0.29996839874342685 -1.3877787790130897e-16 -0.29996839874342685 0.9539491389771807 6.2450045055589044e-17 1.5112007714981391e-16 -1.7945188894798856e-17 1 -0.078679988444011459 -0.25021690367457805 -6.8573529575244925e-15 8.8817841970012523e-15 -3.0198066269804258e-14 -13.762517994152189 
2 0.477634 -0.21590899999999999 0.46278000000000002 1 0 0 0 1 0 0 0 1 0 0 0 0 0 0 
1 0.49573373386680014 -0.22187839703411991 0.47280929994111009 0.94968352186867389 0.31321112414968905 5.5511150887151264e-17 -0.31321112414968905 0.94968352186867389 2.0816681582681724e-16 1.2482137118285534e-17 -2.1507930476280707e-16 1 -0.083947354302497557 -0.25453723379034776 -5.4981089319341969e-15 2.3536728122053319e-14 -7.5495165674510645e-15 -14.06302919482162 
2 0.477634 -0.21590899999999999 0.46278000000000002 1 0 0 0 1 0 0 0 1 0 0 0 0 0 0 
1 0.49564706753704374 -0.22213503178584698 0.4728092999221053 0.94513617610257361 0.32667661168532564 -1.9428902771635415e-16 -0.32667661168532564 0.94513617610257361 1.3877787694025297e-16 2.2896507533024681e-16 -6.769431067692933e-17 1 -0.089419428148373198 -0.2587063062046337 4.3185448394321835e-15 5.2402526762307389e-14 2.8421709430404007e-14 -14.362150834249512 
2 0.477634 -0.21590899999999999 0.46278000000000002 1 0 0 0 1 0 0 0 1 0 0 0 0 0 0 
1 0.49555482701415188 -0.22239575627892236 0.47280929999391635 0.94029639809575039 0.34035670072463414 -2.7755575597855625e-17 -0.34035670072463414 0.94029639809575039 -2.7755575597855625e-17 1.6651671624538642e-17 3.5545263898937255e-17 1 -0.095094062363029114 -0.26271577341910612 5.3487188939169082e-15 5.5511151231257827e-14 -3.1086244689504383e-15 -14.659790128299342 
2 0.477634 -0.21590899999999999 0.46278000000000002 1 0 0 0 1 0 0 0 1 0 0 0 0 0 0 
1 0.49545681058353486 -0.22266040647790489 0.47280929994256032 0.93515350451176082 0.35424274586697208 8.3266726343437461e-17 -0.35424274586697208 0.93515350451176082 -1.5265566496296869e-16 -1.3194433287791786e-16 1.1325984629444035e-16 1 -0.10097254480355267 -0.26655562021006185 1.2267456616041855e-14 1.4654943925052066e-14 1.1102230246251565e-14 -14.955854817858839 
2 0.477634 -0.21590899999999999 0.46278000000000002 1 0 0 0 1 0 0 0 1 0 0 0 0 0 0 
1 0.4953528142171556 -0.22292880775197313 0.47280929991069243 0.92969685563497517 0.36832561222706223 5.5511150709413193e-17 -0.36832561222706223 0.92969685563497517 -8.3266726064119786e-17 -8.2277810122930663e-17 5.6966634830357662e-17 1 -0.10705384187508449 -0.27021625951102313 2.1870480991831905e-14 -5.6843418860808015e-14 -1.3322676295501878e-14 -15.25024694935424 
2 0.477634 -0.21590899999999999 0.46278000000000002 1 0 0 0 1 0 0 0 1 0 0 0 0 0 0 
1 0.49524263567901394 -0.22320077594765916 0.47280929999654486 0.92391588355587539 0.38259566138832002 -8.326672681660502e-17 -0.38259566138832002 0.92391588355587539 1.6653345363321004e-16 1.4064642831364847e-16 -1.220054145370991e-16 1 -0.11333697711753468 -0.27368765283938212 3.4477762779164392e-14 -1.7719159473017498e-13 -8.9261931179862586e-14 -15.542865510081912 
2 0.477634 -0.21590899999999999 0.46278000000000002 1 0 0 0 1 0 0 0 1 0 0 0 0 0 0 
1 0.49512607754709559 -0.22347611887757313 0.47280929994680371 0.9178001190836923 0.39704274506652326 -8.3266726380629369e-17 -0.39704274506652326 0.9178001190836923 1.6653345276125874e-16 1.425431106175872e-16 -1.1978397316083353e-16 1 -0.11981426467454846 -0.27696308485369658 1.4778123888923151e-14 -6.5281113847959205e-14 -6.4392935428259079e-14 -15.833608871644209 
2 0.477634 -0.21590899999999999 0.46278000000000002 1 0 0 0 1 0 0 0 1 0 0 0 0 0 0 
1 0.49500294159133051 -0.22375463247719959 0.47280929990317389 0.91133922226090802 0.41165619389107128 -1.6653345199644014e-16 -0.41165619389107128 0.91133922226090802 2.9143354099377027e-16 2.7173888888055299e-16 -1.9704028958560909e-16 1 -0.12649003301488923 -0.28002849741142521 -3.6933017162723277e-15 1.1990408665951691e-14 -6.2616578588858829e-14 -16.122365541810915 
2 0.477634 -0.21590899999999999 0.46278000000000002 1 0 0 0 1 0 0 0 1 0 0 0 0 0 0 
1 0.49487303299356533 -0.22403610279477343 0.4728092999652373 0.9045230117260129 0.42642481313603603 -1.6653345308439618e-16 -0.42642481313603603 0.9045230117260129 -6.9388938785165075e-17 1.2104417528185885e-16 1.3377788850284193e-16 1 -0.13335930958508085 -0.28287462518476714 -3.8589296175661555e-14 1.6830981053317373e-13 -4.5297099404706387e-14 -16.409024645566582 
2 0.477634 -0.21590899999999999 0.46278000000000002 1 0 0 0 1 0 0 0 1 0 0 0 0 0 0 
1 0.49473616264259035 -0.22432030759814031 0.47280929995361531 0.89734149316394396 0.44133688339668992 -1.1102230192044448e-16 -0.44133688339668992 0.89734149316394396 -8.3266726440333369e-17 6.2876240641968383e-17 1.237169253519377e-16 1 -0.14041350198639174 -0.285495156246584 -1.2795500471496583e-14 6.0396132539608516e-14 3.5527136788005009e-15 -16.693483240174317 
2 0.477634 -0.21590899999999999 0.46278000000000002 1 0 0 0 1 0 0 0 1 0 0 0 0 0 0 
1 0.49459214409112789 -0.22460701305333994 0.47280929990034198 0.88978489582756937 0.45638014763694701 -3.3306690389359563e-16 -0.45638014763694701 0.88978489582756937 1.2490008896009836e-16 3.5335982142405158e-16 4.087091012772476e-17 1 -0.1476538323148362 -0.28787505940063496 -2.6520795180502841e-15 8.4376949871511897e-15 3.2418512319054571e-14 -16.975609979224405 
2 0.477634 -0.21590899999999999 0.46278000000000002 1 0 0 0 1 0 0 0 1 0 0 0 0 0 0 
1 0.4944407950474351 -0.22489597439316544 0.47280929993777504 0.88184370474025842 0.47154181194245742 -5.5511150867663294e-17 -0.47154181194245742 0.88184370474025842 5.5511150867663294e-17 7.512798759868468e-17 -2.2776330272386542e-17 1 -0.15507387929271141 -0.29000499640632837 2.5500617153619587e-14 -1.1146639167236572e-13 1.0791367799356522e-13 -17.25528658737208 
2 0.477634 -0.21590899999999999 0.46278000000000002 1 0 0 0 1 0 0 0 1 0 0 0 0 0 0 
1 0.49428194028459427 -0.22518693854400673 0.47280929996247606 0.87350868940008941 0.4868085553300579 -1.110223020239948e-16 -0.4868085553300579 0.87350868940008941 2.498001795539883e-16 2.1858381006502671e-16 -1.6415602099639307e-16 1 -0.16266414309404992 -0.29187908177744715 -1.6717762141792194e-15 -1.8207657603852567e-14 -8.8817841970012523e-15 -17.532408014216678 
2 0.477634 -0.21590899999999999 0.46278000000000002 1 0 0 0 1 0 0 0 1 0 0 0 0 0 0 
1 0.49411541054754055 -0.22547964196923045 0.47280929990259801 0.86477094279019906 0.50216652268520467 0 -0.50216652268520467 0.86477094279019906 1.3877787665528757e-16 6.9689603745621996e-17 -1.2001107523361497e-16 1 -0.17042244738434142 -0.29348200909729222 -1.362028395858282e-14 -6.6613381477509392e-15 -1.7319479184152442e-14 -17.806826306715102 
2 0.477634 -0.21590899999999999 0.46278000000000002 1 0 0 0 1 0 0 0 1 0 0 0 0 0 0 
1 0.49394104198723315 -0.22577380907498226 0.47280929991640708 0.85562192042365093 0.51760132272874215 -8.3266726114207091e-17 -0.51760132272874215 0.85562192042365093 1.8041123991411536e-16 1.6462593251990658e-16 -1.1126484398532194e-16 1 -0.17834078368576306 -0.29480454262579514 -3.940734546015085e-14 5.1514348342607263e-14 -9.681144774731365e-14 -18.078415497840936 
2 0.477634 -0.21590899999999999 0.46278000000000002 1 0 0 0 1 0 0 0 1 0 0 0 0 0 0 
1 0.49375867933661854 -0.22606915609877679 0.47280929997258175 0.84605346681483451 0.53309805035340341 -1.1102230214209603e-16 -0.53309805035340341 0.84605346681483451 2.914335431230021e-16 2.492934572675413e-16 -1.8738258668764859e-16 1 -0.18640870915388522 -0.29584126412450068 -2.1825460104741247e-14 3.0198066269804258e-14 -6.2616578588858829e-14 -18.347067442359638 
2 0.477634 -0.21590899999999999 0.46278000000000002 1 0 0 0 1 0 0 0 1 0 0 0 0 0 0 
1 0.49356817620981014 -0.22636539073718337 0.47280929990983672 0.83605785251741616 0.54864129196039046 -1.3877787676103316e-16 -0.54864129196039046 0.83605785251741616 5.5511150704413269e-17 1.4648204306243327e-16 2.9728740152990676e-17 1 -0.19462053474230698 -0.29657736966874876 -8.7495192072739085e-15 2.3980817331903381e-14 -1.9984014443252818e-14 -18.612621663686312 
2 0.477634 -0.21590899999999999 0.46278000000000002 1 0 0 0 1 0 0 0 1 0 0 0 0 0 0 
1 0.4933693934606101 -0.22666220762350564 0.47280929990289489 0.82562782457216577 0.56421511437769278 -5.551115066385046e-17 -0.56421511437769278 0.82562782457216577 1.80411239657514e-16 1.4762229878047818e-16 -1.1763230910575919e-16 1 -0.20296653166446638 -0.29700396040854815 2.0680578890038293e-14 4.8849813083506888e-15 6.794564910705958e-14 -18.874944397538304 
2 0.477634 -0.21590899999999999 0.46278000000000002 1 0 0 0 1 0 0 0 1 0 0 0 0 0 0 
1 0.4931622021937368 -0.22695929359398204 0.47280929998292331 0.81475662788323688 0.57980310219964903 -8.3266726697214497e-17 -0.57980310219964903 0.81475662788323688 2.4980018009164345e-16 2.1267703680586347e-16 -1.552480459270374e-16 1 -0.2114352464947693 -0.29711616513882483 1.9440051168352794e-14 1.9984014443252818e-14 5.6621374255882984e-14 -19.13392348037403 
2 0.477634 -0.21590899999999999 0.46278000000000002 1 0 0 0 1 0 0 0 1 0 0 0 0 0 0 
1 0.49294648470269459 -0.22725632949692348 0.47280929992144316 0.80343803513811252 0.59538838054954446 5.5511150772232356e-17 -0.59538838054954446 0.80343803513811252 -3.3306690463339412e-16 -2.4290393486902399e-16 2.3454792526746626e-16 1 -0.22001756787377216 -0.29690048716833517 2.3014798209070211e-14 1.3322676295501878e-15 3.7525538232330291e-14 -19.389390475587621 
2 0.477634 -0.21590899999999999 0.46278000000000002 1 0 0 0 1 0 0 0 1 0 0 0 0 0 0 
1 0.49272213294652123 -0.22755298246049796 0.47280929989831177 0.79166641313316788 0.61095359096813917 8.326672595560408e-17 -0.61095359096813917 0.79166641313316788 -1.3877787659267346e-16 -1.5070631232184265e-16 5.899367855362294e-17 1 -0.22870193687021648 -0.29634866615497329 1.6226301549135262e-14 -7.9936057773011271e-15 -3.1308289294429414e-14 -19.64120404841541 
2 0.477634 -0.21590899999999999 0.46278000000000002 1 0 0 0 1 0 0 0 1 0 0 0 0 0 0 
1 0.49248905092505563 -0.22784891249752026 0.47280929999238591 0.77943673606104402 0.62648094502427321 -2.4980018034045645e-16 -0.62648094502427321 0.77943673606104402 0 1.9470343723202554e-16 1.5649505304692302e-16 1 -0.23747580205756308 -0.29545651638025716 1.6401561580868928e-14 -1.4210854715202004e-14 -2.0872192862952943e-14 -19.889247348544664 
2 0.477634 -0.21590899999999999 0.46278000000000002 1 0 0 0 1 0 0 0 1 0 0 0 0 0 0 
1 0.49224715538627639 -0.22814377660720658 0.4728092999363418 0.76674460292233815 0.64195226760987922 -1.6653345257786507e-16 -0.64195226760987922 0.76674460292233815 0 1.2768862597010119e-16 1.0690652751526276e-16 1 -0.24632693473620573 -0.29421262091456685 7.9068715664203775e-15 -2.886579864025407e-14 -1.6209256159527285e-14 -20.133348767335395 
2 0.477634 -0.21590899999999999 0.46278000000000002 1 0 0 0 1 0 0 0 1 0 0 0 0 0 0 
1 0.49199637568726506 -0.22843721800263539 0.47280929990292875 0.75358632346498944 0.65734895838247154 -8.3266725996070955e-17 -0.65734895838247154 0.75358632346498944 -1.3877787666011825e-16 -2.8476826758714076e-17 1.593164054520122e-16 1 -0.25524188274897353 -0.29260972902998594 -6.7936216476521889e-15 -4.3076653355456074e-14 2.7533531010703882e-14 -20.373360068966804 
2 0.477634 -0.21590899999999999 0.46278000000000002 1 0 0 0 1 0 0 0 1 0 0 0 0 0 0 
1 0.4917366550780487 -0.22872887384841431 0.47280929999986027 0.7399589205193503 0.67265206157703694 -1.9428902930654842e-16 -0.67265206157703694 0.7399589205193503 1.9428902930654842e-16 2.7445481649927716e-16 -1.3076984289574828e-17 1 -0.26420691030676613 -0.29064455224420305 -1.2111729333773454e-14 -3.1530333899354446e-14 -1.6209256159527285e-14 -20.60915940238084 
2 0.477634 -0.21590899999999999 0.46278000000000002 1 0 0 0 1 0 0 0 1 0 0 0 0 0 0 
1 0.49146795029832474 -0.22901838144571907 0.47280929995306981 0.72586012981402326 0.68784233073166512 -1.1102230191406894e-16 -0.68784233073166512 0.72586012981402326 2.4980017930665512e-16 2.5240980003107528e-16 -1.0495415166732718e-16 1 -0.2732071815436431 -0.28830843272711337 -1.1474971877983514e-14 -2.886579864025407e-14 8.8817841970012523e-15 -20.840576818153501 
2 0.477634 -0.21590899999999999 0.46278000000000002 1 0 0 0 1 0 0 0 1 0 0 0 0 0 0 
1 0.49119023399223899 -0.22930536505680826 0.47280929991614978 0.71128850779816566 0.70290017689161155 -2.7755575370650683e-17 -0.70290017689161155 0.71128850779816566 0 1.9742221788469643e-17 1.9509398837758821e-17 1 -0.28222736186015651 -0.28559556375020834 6.4537502975645897e-16 -6.2172489379008766e-15 7.9936057773011271e-15 -21.067458357976257 
2 0.477634 -0.21590899999999999 0.46278000000000002 1 0 0 0 1 0 0 0 1 0 0 0 0 0 0 
1 0.49090349430016744 -0.22958944505567863 0.47280929997300009 0.69624341623655428 0.71780575739349728 0 -0.71780575739349728 0.69624341623655428 0 0 0 1 -0.29125138411889318 -0.28250008588440811 2.990243100896841e-14 3.9968028886505635e-14 -3.7525538232330291e-14 -21.289643339841895 
2 0.477634 -0.21590899999999999 0.46278000000000002 1 0 0 0 1 0 0 0 1 0 0 0 0 0 0 
1 0.49060773368503757 -0.22987024244927001 0.47280929996989668 0.680725022125796 0.73253903940461396 -1.110223021107152e-16 -0.73253903940461396 0.680725022125796 1.110223021107152e-16 1.5690382960144558e-16 5.7525114798987431e-18 1 -0.30026576257378607 -0.2790279111458579 5.4723170702949846e-15 4.4408920985006262e-16 -2.7977620220553945e-14 -21.507070034698256 
2 0.477634 -0.21590899999999999 0.46278000000000002 1 0 0 0 1 0 0 0 1 0 0 0 0 0 0 
1 0.49030297257345679 -0.23014737080043318 0.47280929993650789 0.66473438378656613 0.74707978088815541 -1.3877787715064723e-16 -0.74707978088815541 0.66473438378656613 1.3877787715064723e-16 1.9592857270477214e-16 1.1427719402885628e-17 1 -0.30925012038778665 -0.27516387562806877 1.6426597320579653e-15 3.5527136788005009e-15 7.1054273576010019e-15 -21.719478584778845 
2 0.477634 -0.21590899999999999 0.46278000000000002 1 0 0 0 1 0 0 0 1 0 0 0 0 0 0 
1 0.48998924899409591 -0.23042043970590015 0.47280929996224708 0.64827345887032517 0.76140759289903648 -8.326672651598921e-17 -0.76140759289903648 0.64827345887032517 2.4980017954796762e-16 2.441793622226949e-16 -9.8538908616867501e-17 1 -0.31818777693258932 -0.2709083836406837 -1.1367845456450753e-14 -9.7699626167013776e-15 3.730349362740526e-14 -21.926741987629676 
2 0.477634 -0.21590899999999999 0.46278000000000002 1 0 0 0 1 0 0 0 1 0 0 0 0 0 0 
1 0.48966661619123286 -0.23068906083873028 0.4728092999850052 0.63134508434510439 0.77550202093435772 -2.2204460457456373e-16 -0.77550202093435772 0.63134508434510439 4.9960036029276838e-16 5.2762785867007838e-16 -1.4322419202273789e-16 1 -0.32706555285000138 -0.2662681376176772 -7.7665153363777983e-16 7.1054273576010019e-15 2.8643754035329039e-14 -22.128797469707489 
2 0.477634 -0.21590899999999999 0.46278000000000002 1 0 0 0 1 0 0 0 1 0 0 0 0 0 0 
1 0.48933514574851217 -0.23095284417894008 0.47280929996177107 0.61395303376968435 0.78934255702134848 8.32667265118169e-17 -0.78934255702134848 0.61395303376968435 0 -5.1121859354000594e-17 -6.5725970819634858e-17 1 -0.33586012106776963 -0.26123322683296873 -4.9113126101003268e-16 -5.3290705182007514e-15 1.3766765505351941e-14 -22.325395052133825 
2 0.477634 -0.21590899999999999 0.46278000000000002 1 0 0 0 1 0 0 0 1 0 0 0 0 0 0 
1 0.48899492948528372 -0.23121139651567618 0.47280929996803017 0.5961020566394466 0.80290867355523199 -1.1102230208890317e-16 -0.80290867355523199 0.5961020566394466 2.2204460417780633e-16 2.4446216121854012e-16 -4.3220475910832708e-17 1 -0.34455401376100203 -0.25580605186761429 1.3187010912103764e-15 -2.5313084961453569e-14 -5.9952043329758453e-15 -22.516406503269227 
2 0.477634 -0.21590899999999999 0.46278000000000002 1 0 0 0 1 0 0 0 1 0 0 0 0 0 0 
1 0.48864607522237852 -0.23146432853173396 0.47280929999671456 0.57779783466719215 0.81617992027120101 -8.3266726818092492e-17 -0.81617992027120101 0.57779783466719215 5.5511151212061661e-17 9.3418421425741531e-17 3.5886407485422296e-17 1 -0.35313423214902429 -0.24999419637549336 -6.2482663184595668e-15 -1.7763568394002505e-14 3.5305092183079978e-14 -22.701766979496085 
2 0.477634 -0.21590899999999999 0.46278000000000002 1 0 0 0 1 0 0 0 1 0 0 0 0 0 0 
1 0.48828870794355556 -0.23171125451112826 0.47280929998916749 0.55904700318046985 0.82913596486639984 -9.7144514543934489e-17 -0.82913596486639984 0.55904700318046985 3.6082248259175666e-16 3.5347924698041407e-16 -1.2117071677519568e-16 1 -0.36157587513664657 -0.2437934981936519 -1.4899014562009411e-14 -2.9753977059954195e-14 1.5987211554602254e-14 -22.881243787724912 
2 0.477634 -0.21590899999999999 0.46278000000000002 1 0 0 0 1 0 0 0 1 0 0 0 0 0 0 
1 0.48792297565950132 -0.23195178747704309 0.47280929998821442 0.53985722511992651 0.8417566016882867 -1.3877787790598376e-16 -0.8417566016882867 0.53985722511992651 4.9960036046154152e-16 4.9546214169870662e-16 -1.5289566937202998e-16 1 -0.36986091773375879 -0.23720869781555584 -2.8275617002787813e-14 -2.2204460492503131e-14 2.2204460492503131e-15 -23.054709059952728 
2 0.477634 -0.21590899999999999 0.46278000000000002 1 0 0 0 1 0 0 0 1 0 0 0 0 0 0 
1 0.48754904293768231 -0.23218554654470666 0.47280930000370219 0.52023712207682549 0.85402185968113375 1.9428902938512412e-16 -0.85402185968113375 0.52023712207682549 3.0531133189090933e-16 1.5966618594478147e-16 -3.2476136683149533e-16 1 -0.37797646034240501 -0.23024846455774028 -1.6021441709338374e-14 2.3092638912203256e-14 -6.3060667798708891e-14 -23.22209561262887 
2 0.477634 -0.21590899999999999 0.46278000000000002 1 0 0 0 1 0 0 0 1 0 0 0 0 0 0 
1 0.487167089070003 -0.23241215883446076 0.47280930001569715 0.50019625591037986 0.86591206572794543 5.5511151322982542e-17 -0.86591206572794543 0.50019625591037986 2.4980018095342144e-16 1.8853852065556133e-16 -1.7301689095165716e-16 1 -0.38589749382612548 -0.22291447191789165 2.6059795140450944e-15 3.6415315207705135e-14 -5.1625370645069779e-14 -23.383194314564523 
2 0.477634 -0.21590899999999999 0.46278000000000002 1 0 0 0 1 0 0 0 1 0 0 0 0 0 0 
1 0.48677731887065556 -0.23263125338052101 0.47280930001927518 0.47974523609103631 0.87740783473134987 -2.7755575671944652e-17 -0.87740783473134987 0.47974523609103631 1.665334540316679e-16 1.5943336251583825e-16 -5.5540671669435163e-17 1 -0.39360578382575995 -0.21521413639699019 3.9969231436935331e-14 6.8833827526759706e-14 -4.7406523151494184e-14 -23.537879886776974 
2 0.477634 -0.21590899999999999 0.46278000000000002 1 0 0 0 1 0 0 0 1 0 0 0 0 0 0 
1 0.48637995389203154 -0.23284246786622115 0.47280930000519322 0.4588956261175956 0.8884901824613145 -1.2490009033861036e-16 -0.8884901824613145 0.4588956261175956 2.7755575630802303e-16 3.0392166972338436e-16 -1.6396618519126418e-17 1 -0.40108854633208935 -0.20715750874331901 3.5511767780770287e-14 2.5757174171303632e-14 1.1657341758564144e-14 -23.686083428678305 
2 0.477634 -0.21590899999999999 0.46278000000000002 1 0 0 0 1 0 0 0 1 0 0 0 0 0 0 
1 0.48597522712848101 -0.2330454512028676 0.47280930003848604 0.43765988534556588 0.89914060344270186 -1.6653345436842749e-16 -0.89914060344270186 0.43765988534556588 2.4980018155264126e-16 2.9749049852642537e-16 4.0409471836595018e-17 1 -0.40832208549693816 -0.19875177134453731 2.4488440049582147e-14 2.5757174171303632e-14 1.1324274851176597e-14 -23.827624166446327 
2 0.477634 -0.21590899999999999 0.46278000000000002 1 0 0 0 1 0 0 0 1 0 0 0 0 0 0 
1 0.48556339881263128 -0.23323985854356108 0.47280930005668587 0.41605150348379283 0.90934105067838855 -1.5265566679684419e-16 -0.90934105067838855 0.41605150348379283 3.8857806093742156e-16 4.1686260188955375e-16 -2.2852422036778805e-17 1 -0.41528843433257551 -0.19000730077019173 -1.3814980643310177e-14 -1.1102230246251565e-14 1.6653345369377348e-15 -23.962382228881356 
2 0.477634 -0.21590899999999999 0.46278000000000002 1 0 0 0 1 0 0 0 1 0 0 0 0 0 0 
