       1 4.776340e-01 -2.159090e-01 4.627800e-01 1.000000e+00 0.000000e+00 0.000000e+00 0.000000e+00 1.000000e+00 0.000000e+00 0.000000e+00 0.000000e+00 1.000000e+00 0.000000e+00 0.000000e+00 0.000000e+00 0.000000e+00 0.000000e+00 0.000000e+00
       2 4.966927e-01 -2.159090e-01 4.728093e-01 1.000000e+00 0.000000e+00 0.000000e+00 0.000000e+00 1.000000e+00 0.000000e+00 0.000000e+00 0.000000e+00 1.000000e+00 0.000000e+00 0.000000e+00 0.000000e+00 0.000000e+00 0.000000e+00 0.000000e+00
       1 4.776340e-01 -2.159090e-01 4.627800e-01 1.000000e+00 0.000000e+00 0.000000e+00 0.000000e+00 1.000000e+00 0.000000e+00 0.000000e+00 0.000000e+00 1.000000e+00 1.011191e-12 -2.715606e-13 0.000000e+00 0.000000e+00 0.000000e+00 0.000000e+00
       2 4.960844e-01 -2.206855e-01 4.728093e-01 9.680851e-01 2.506218e-01 1.369968e-26 -2.506218e-01 9.680851e-01 -9.227029e-28 -1.349371e-26 -2.540184e-27 1.000000e+00 -6.009122e-02 -2.321193e-01 5.257778e-13 5.198047e-22 2.278311e-22 -1.258068e+01
       1 4.776340e-01 -2.159090e-01 4.627800e-01 1.000000e+00 0.000000e+00 0.000000e+00 0.000000e+00 1.000000e+00 0.000000e+00 0.000000e+00 0.000000e+00 1.000000e+00 1.011191e-12 -2.715606e-13 0.000000e+00 0.000000e+00 0.000000e+00 0.000000e+00
       2 4.882505e-01 -2.317369e-01 4.728093e-01 5.570448e-01 8.304824e-01 -1.445351e-26 -8.304824e-01 5.570448e-01 1.486613e-26 2.039731e-26 3.722286e-27 1.000000e+00 -3.624767e-01 -2.431316e-01 9.284163e-13 -8.516745e-22 -1.027980e-21 -2.290108e+01
       1 4.776340e-01 -2.159090e-01 4.627800e-01 1.000000e+00 0.000000e+00 0.000000e+00 0.000000e+00 1.000000e+00 0.000000e+00 0.000000e+00 0.000000e+00 1.000000e+00 1.011191e-12 -2.715606e-13 0.000000e+00 0.000000e+00 0.000000e+00 0.000000e+00
       2 4.703718e-01 -2.335299e-01 4.728093e-01 -3.810419e-01 9.245578e-01 -7.145552e-27 -9.245578e-01 -3.810419e-01 8.361792e-26 7.458685e-26 3.846841e-26 1.000000e+00 -4.257804e-01 1.754793e-01 1.162856e-12 -2.274778e-21 8.960136e-23 -2.416337e+01
       1 4.776340e-01 -2.159090e-01 4.627800e-01 1.000000e+00 0.000000e+00 0.000000e+00 0.000000e+00 1.000000e+00 0.000000e+00 0.000000e+00 0.000000e+00 1.000000e+00 1.011191e-12 -2.715606e-13 0.000000e+00 0.000000e+00 0.000000e+00 0.000000e+00
       2 4.598712e-01 -2.228167e-01 4.728093e-01 -9.320058e-01 3.624433e-01 3.366808e-26 -3.624433e-01 -9.320058e-01 -6.136078e-26 9.139051e-27 -6.939137e-26 1.000000e+00 -1.045065e-01 2.687360e-01 6.030506e-13 8.856923e-22 2.460031e-22 -1.512910e+01
       1 4.776340e-01 -2.159090e-01 4.627800e-01 1.000000e+00 0.000000e+00 0.000000e+00 0.000000e+00 1.000000e+00 0.000000e+00 0.000000e+00 0.000000e+00 1.000000e+00 1.011191e-12 -2.715606e-13 0.000000e+00 0.000000e+00 0.000000e+00 0.000000e+00
       2 4.585766e-01 -2.161305e-01 4.728093e-01 -9.999325e-01 1.161974e-02 3.455217e-27 -1.161974e-02 -9.999325e-01 -5.255135e-28 3.448877e-27 -5.656268e-28 1.000000e+00 -5.998383e-04 5.163302e-02 9.756291e-13 -1.928365e-23 2.986931e-22 -2.709342e+00
       1 4.776340e-01 -2.159090e-01 4.627800e-01 1.000000e+00 0.000000e+00 0.000000e+00 0.000000e+00 1.000000e+00 0.000000e+00 0.000000e+00 0.000000e+00 1.000000e+00 8.042456e-13 -5.344614e-13 0.000000e+00 0.000000e+00 0.000000e+00 0.000000e+00
       2 4.588059e-01 -2.188649e-01 4.728093e-01 -9.878994e-01 1.550959e-01 -7.683847e-27 -1.550959e-01 -9.878994e-01 -9.455780e-28 -7.737523e-27 2.575975e-28 1.000000e+00 2.925378e-02 -1.863387e-01 8.018652e-13 -1.193386e-22 -5.018194e-22 9.896850e+00
       1 4.776340e-01 -2.159090e-01 4.627800e-01 1.000000e+00 0.000000e+00 0.000000e+00 0.000000e+00 1.000000e+00 0.000000e+00 0.000000e+00 0.000000e+00 1.000000e+00 8.042456e-13 -5.344614e-13 0.000000e+00 0.000000e+00 0.000000e+00 0.000000e+00
       2 4.641983e-01 -2.294263e-01 4.728093e-01 -7.049622e-01 7.092449e-01 -2.495094e-26 -7.092449e-01 -7.049622e-01 -4.898365e-27 -2.106361e-26 1.424316e-26 1.000000e+00 2.860741e-01 -2.843480e-01 8.105317e-13 -1.020471e-22 -1.193495e-21 2.116359e+01
       1 4.776340e-01 -2.159090e-01 4.627800e-01 1.000000e+00 0.000000e+00 0.000000e+00 0.000000e+00 1.000000e+00 0.000000e+00 0.000000e+00 0.000000e+00 1.000000e+00 8.042456e-13 -5.344614e-13 0.000000e+00 0.000000e+00 0.000000e+00 0.000000e+00
       2 4.809979e-01 -2.346685e-01 4.728093e-01 1.765002e-01 9.843006e-01 -2.525966e-26 -9.843006e-01 1.765002e-01 3.203734e-26 3.599271e-26 1.920850e-26 1.000000e+00 4.677095e-01 8.386778e-02 4.965803e-13 4.545310e-22 -6.217445e-22 2.493183e+01
       1 4.776340e-01 -2.159090e-01 4.627800e-01 1.000000e+00 0.000000e+00 0.000000e+00 0.000000e+00 1.000000e+00 0.000000e+00 0.000000e+00 0.000000e+00 1.000000e+00 8.042456e-13 -5.344614e-13 0.000000e+00 0.000000e+00 0.000000e+00 0.000000e+00
       2 4.942385e-01 -2.252644e-01 4.728093e-01 8.712314e-01 4.908725e-01 -2.423203e-26 -4.908725e-01 8.712314e-01 -6.943890e-27 1.770314e-26 1.794457e-26 1.000000e+00 1.647164e-01 2.923509e-01 6.626783e-13 -4.309088e-22 -7.191662e-22 1.760664e+01
       1 4.776340e-01 -2.159090e-01 4.627800e-01 1.000000e+00 0.000000e+00 0.000000e+00 0.000000e+00 1.000000e+00 0.000000e+00 0.000000e+00 0.000000e+00 1.000000e+00 8.042456e-13 -5.344614e-13 0.000000e+00 0.000000e+00 0.000000e+00 0.000000e+00
       2 4.966716e-01 -2.168050e-01 4.728093e-01 9.988942e-01 4.701478e-02 -9.086707e-27 -4.701478e-02 9.988942e-01 8.104555e-28 9.114762e-27 -3.823497e-28 1.000000e+00 4.882305e-03 1.037384e-01 1.109069e-12 -1.052489e-22 -1.209199e-21 5.449124e+00
       1 4.776340e-01 -2.159090e-01 4.627800e-01 1.000000e+00 0.000000e+00 0.000000e+00 0.000000e+00 1.000000e+00 0.000000e+00 0.000000e+00 0.000000e+00 1.000000e+00 6.741274e-13 -4.169998e-13 0.000000e+00 0.000000e+00 0.000000e+00 0.000000e+00
       2 4.966293e-01 -2.174627e-01 4.728093e-01 9.966718e-01 8.151935e-02 -2.590754e-26 -8.151935e-02 9.966718e-01 9.100921e-27 2.656321e-26 -6.958666e-27 1.000000e+00 -1.114729e-02 -1.362943e-01 6.677970e-13 2.078744e-22 -9.967921e-23 -7.175170e+00
       1 4.776340e-01 -2.159090e-01 4.627800e-01 1.000000e+00 0.000000e+00 0.000000e+00 0.000000e+00 1.000000e+00 0.000000e+00 0.000000e+00 0.000000e+00 1.000000e+00 6.741274e-13 -4.169998e-13 0.000000e+00 0.000000e+00 0.000000e+00 0.000000e+00
       2 4.932162e-01 -2.268830e-01 4.728093e-01 8.175906e-01 5.758000e-01 7.661141e-27 -5.758000e-01 8.175906e-01 7.565922e-26 3.730091e-26 -6.626955e-26 1.000000e+00 -2.092626e-01 -2.971379e-01 1.144911e-12 -1.053492e-21 -2.200291e-22 -1.906899e+01
       1 4.776340e-01 -2.159090e-01 4.627800e-01 1.000000e+00 0.000000e+00 0.000000e+00 0.000000e+00 1.000000e+00 0.000000e+00 0.000000e+00 0.000000e+00 1.000000e+00 6.741274e-13 -4.169998e-13 0.000000e+00 0.000000e+00 0.000000e+00 0.000000e+00
       2 4.784007e-01 -2.349523e-01 4.728093e-01 4.022760e-02 9.991905e-01 -4.087562e-28 -9.991905e-01 4.022760e-02 5.045374e-26 5.042934e-26 -1.621207e-27 1.000000e+00 -4.783624e-01 -1.925903e-02 4.370500e-13 -4.405407e-21 -2.560800e-22 -2.511970e+01
       1 4.776340e-01 -2.159090e-01 4.627800e-01 1.000000e+00 0.000000e+00 0.000000e+00 0.000000e+00 1.000000e+00 0.000000e+00 0.000000e+00 0.000000e+00 1.000000e+00 6.741274e-13 -4.169998e-13 0.000000e+00 0.000000e+00 0.000000e+00 0.000000e+00
       2 4.627662e-01 -2.278330e-01 4.728093e-01 -7.801052e-01 6.256484e-01 6.879838e-26 -6.256484e-01 -7.801052e-01 -1.215484e-26 4.606531e-26 -5.252565e-26 1.000000e+00 -2.370171e-01 2.955321e-01 4.016838e-13 -1.252548e-21 1.975875e-21 -1.987727e+01
       1 4.776340e-01 -2.159090e-01 4.627800e-01 1.000000e+00 0.000000e+00 0.000000e+00 0.000000e+00 1.000000e+00 0.000000e+00 0.000000e+00 0.000000e+00 1.000000e+00 6.741274e-13 -4.169998e-13 0.000000e+00 0.000000e+00 0.000000e+00 0.000000e+00
       2 4.586827e-01 -2.179293e-01 4.728093e-01 -9.943656e-01 1.060046e-01 1.391375e-26 -1.060046e-01 -9.943656e-01 4.356009e-27 1.429711e-26 2.856543e-27 1.000000e+00 -1.652977e-02 1.550605e-01 1.046540e-12 -5.350729e-22 7.686986e-22 -8.182041e+00
       1 4.776340e-01 -2.159090e-01 4.627800e-01 1.000000e+00 0.000000e+00 0.000000e+00 0.000000e+00 1.000000e+00 0.000000e+00 0.000000e+00 0.000000e+00 1.000000e+00 5.493384e-13 -5.337952e-13 0.000000e+00 0.000000e+00 0.000000e+00 0.000000e+00
       2 4.585846e-01 -2.165035e-01 4.728093e-01 -9.995134e-01 3.119243e-02 -2.951515e-26 -3.119243e-02 -9.995134e-01 -1.816634e-27 -2.955745e-26 -8.951005e-28 1.000000e+00 2.638406e-03 -8.455216e-02 1.071347e-12 -6.843329e-23 -3.395760e-22 4.438569e+00
       1 4.776340e-01 -2.159090e-01 4.627800e-01 1.000000e+00 0.000000e+00 0.000000e+00 0.000000e+00 1.000000e+00 0.000000e+00 0.000000e+00 0.000000e+00 1.000000e+00 5.493384e-13 -5.337952e-13 0.000000e+00 0.000000e+00 0.000000e+00 0.000000e+00
       2 4.605406e-01 -2.243380e-01 4.728093e-01 -8.968835e-01 4.422669e-01 -3.348744e-26 -4.422669e-01 -8.968835e-01 -1.603494e-28 -3.010525e-26 1.466657e-26 1.000000e+00 1.408673e-01 -2.856702e-01 8.419166e-13 4.405351e-22 2.376639e-22 1.671224e+01
       1 4.776340e-01 -2.159090e-01 4.627800e-01 1.000000e+00 0.000000e+00 0.000000e+00 0.000000e+00 1.000000e+00 0.000000e+00 0.000000e+00 0.000000e+00 1.000000e+00 5.493384e-13 -5.337952e-13 0.000000e+00 0.000000e+00 0.000000e+00 0.000000e+00
       2 4.727905e-01 -2.343420e-01 4.728093e-01 -2.541368e-01 9.671683e-01 4.248513e-26 -9.671683e-01 -2.541368e-01 -3.160494e-26 -1.977026e-26 -4.912225e-26 1.000000e+00 4.555516e-01 -1.197029e-01 9.053184e-13 -2.046966e-21 1.001368e-21 2.471390e+01
       1 4.776340e-01 -2.159090e-01 4.627800e-01 1.000000e+00 0.000000e+00 0.000000e+00 0.000000e+00 1.000000e+00 0.000000e+00 0.000000e+00 0.000000e+00 1.000000e+00 5.493384e-13 -5.337952e-13 0.000000e+00 0.000000e+00 0.000000e+00 0.000000e+00
       2 4.901072e-01 -2.303192e-01 4.728093e-01 6.544617e-01 7.560952e-01 -1.801165e-27 -7.560952e-01 6.544617e-01 6.408424e-26 4.963258e-26 -4.057883e-26 1.000000e+00 3.148828e-01 2.725578e-01 7.612344e-13 -9.474614e-22 2.026902e-21 2.185140e+01
       1 4.776340e-01 -2.159090e-01 4.627800e-01 1.000000e+00 0.000000e+00 0.000000e+00 0.000000e+00 1.000000e+00 0.000000e+00 0.000000e+00 0.000000e+00 1.000000e+00 5.493384e-13 -5.337952e-13 0.000000e+00 0.000000e+00 0.000000e+00 0.000000e+00
       2 4.963532e-01 -2.194901e-01 4.728093e-01 9.821888e-01 1.878965e-01 1.262182e-27 -1.878965e-01 9.821888e-01 5.767451e-27 -1.560173e-28 -5.901886e-27 1.000000e+00 3.900857e-02 2.039123e-01 7.799727e-13 -1.390970e-22 2.108387e-22 1.089319e+01
       1 4.776340e-01 -2.159090e-01 4.627800e-01 1.000000e+00 0.000000e+00 0.000000e+00 0.000000e+00 1.000000e+00 0.000000e+00 0.000000e+00 0.000000e+00 1.000000e+00 6.399326e-13 -4.705125e-13 0.000000e+00 0.000000e+00 0.000000e+00 0.000000e+00
       2 4.966925e-01 -2.159959e-01 4.728093e-01 9.999896e-01 4.561996e-03 1.156985e-26 -4.561996e-03 9.999896e-01 -9.368097e-30 -1.156978e-26 -4.341359e-29 1.000000e+00 -1.475370e-04 -3.236221e-02 6.104873e-13 3.196696e-24 6.273920e-22 -1.698047e+00
       1 4.776340e-01 -2.159090e-01 4.627800e-01 1.000000e+00 0.000000e+00 0.000000e+00 0.000000e+00 1.000000e+00 0.000000e+00 0.000000e+00 0.000000e+00 1.000000e+00 6.399326e-13 -4.705125e-13 0.000000e+00 0.000000e+00 0.000000e+00 0.000000e+00
       2 4.957014e-01 -2.219756e-01 4.728093e-01 9.479854e-01 3.183138e-01 -1.298868e-26 -3.183138e-01 9.479854e-01 3.737072e-26 2.420870e-26 -3.129242e-26 1.000000e+00 -8.601343e-02 -2.561632e-01 6.098635e-13 -2.174684e-22 -8.352530e-22 -1.417820e+01
       1 4.776340e-01 -2.159090e-01 4.627800e-01 1.000000e+00 0.000000e+00 0.000000e+00 0.000000e+00 1.000000e+00 0.000000e+00 0.000000e+00 0.000000e+00 1.000000e+00 6.399326e-13 -4.705125e-13 0.000000e+00 0.000000e+00 0.000000e+00 0.000000e+00
       2 4.862256e-01 -2.329213e-01 4.728093e-01 4.507984e-01 8.926258e-01 -2.121722e-26 -8.926258e-01 4.507984e-01 -2.140239e-26 -9.539635e-27 2.858720e-26 1.000000e+00 -4.039137e-01 -2.039873e-01 1.130129e-12 1.269583e-21 1.953547e-22 -2.374243e+01
       1 4.776340e-01 -2.159090e-01 4.627800e-01 1.000000e+00 0.000000e+00 0.000000e+00 0.000000e+00 1.000000e+00 0.000000e+00 0.000000e+00 0.000000e+00 1.000000e+00 6.399326e-13 -4.705125e-13 0.000000e+00 0.000000e+00 0.000000e+00 0.000000e+00
       2 4.682203e-01 -2.324805e-01 4.728093e-01 -4.939314e-01 8.695009e-01 -7.962030e-26 -8.695009e-01 -4.939314e-01 4.917727e-27 -3.505100e-26 7.165894e-26 1.000000e+00 -3.883197e-01 2.205909e-01 1.027991e-12 -1.143901e-21 -2.343369e-21 -2.343288e+01
       1 4.776340e-01 -2.159090e-01 4.627800e-01 1.000000e+00 0.000000e+00 0.000000e+00 0.000000e+00 1.000000e+00 0.000000e+00 0.000000e+00 0.000000e+00 1.000000e+00 6.399326e-13 -4.705125e-13 0.000000e+00 0.000000e+00 0.000000e+00 0.000000e+00
       2 4.593996e-01 -2.214534e-01 4.728093e-01 -9.567501e-01 2.909111e-01 -1.218878e-26 -2.909111e-01 -9.567501e-01 2.961239e-26 -3.047039e-27 3.187751e-26 1.000000e+00 -7.514900e-02 2.471532e-01 8.513882e-13 -3.137249e-22 -4.611223e-22 -1.355420e+01
       1 4.776340e-01 -2.159090e-01 4.627800e-01 1.000000e+00 0.000000e+00 0.000000e+00 0.000000e+00 1.000000e+00 0.000000e+00 0.000000e+00 0.000000e+00 1.000000e+00 8.535395e-13 -3.848033e-13 0.000000e+00 0.000000e+00 0.000000e+00 0.000000e+00
       2 4.585753e-01 -2.159418e-01 4.728093e-01 -9.999985e-01 1.718533e-03 -6.679757e-24 -1.718533e-03 -9.999985e-01 -2.237435e-26 -6.679785e-24 -1.089494e-26 1.000000e+00 -3.409391e-05 1.987628e-02 4.938102e-13 -2.351891e-22 1.576329e-19 -1.042900e+00
       1 4.776340e-01 -2.159090e-01 4.627800e-01 1.000000e+00 0.000000e+00 0.000000e+00 0.000000e+00 1.000000e+00 0.000000e+00 0.000000e+00 0.000000e+00 1.000000e+00 8.442136e-13 -4.938272e-13 0.000000e+00 0.000000e+00 0.000000e+00 0.000000e+00
       2 4.590032e-01 -2.199246e-01 4.728093e-01 -9.775513e-01 2.106976e-01 2.736366e-27 -2.106976e-01 -9.775513e-01 -1.537987e-26 -5.655621e-28 -1.561115e-26 1.000000e+00 4.632030e-02 -2.149106e-01 1.005027e-12 -5.688560e-23 9.409855e-23 1.153519e+01
       1 4.776340e-01 -2.159090e-01 4.627800e-01 1.000000e+00 0.000000e+00 0.000000e+00 0.000000e+00 1.000000e+00 0.000000e+00 0.000000e+00 0.000000e+00 1.000000e+00 8.442136e-13 -4.938272e-13 0.000000e+00 0.000000e+00 0.000000e+00 0.000000e+00
       2 4.658333e-01 -2.308749e-01 4.728093e-01 -6.191776e-01 7.852510e-01 2.358914e-26 -7.852510e-01 -6.191776e-01 6.578641e-26 6.626471e-26 2.221007e-26 1.000000e+00 3.332706e-01 -2.627880e-01 4.921682e-13 -5.894714e-22 -3.860409e-22 2.226871e+01
       1 4.776340e-01 -2.159090e-01 4.627800e-01 1.000000e+00 0.000000e+00 0.000000e+00 0.000000e+00 1.000000e+00 0.000000e+00 0.000000e+00 0.000000e+00 1.000000e+00 8.442136e-13 -4.938272e-13 0.000000e+00 0.000000e+00 0.000000e+00 0.000000e+00
       2 4.834126e-01 -2.340705e-01 4.728093e-01 3.032000e-01 9.529269e-01 1.018527e-26 -9.529269e-01 3.032000e-01 1.179420e-25 1.093020e-25 -4.546585e-26 1.000000e+00 4.455269e-01 1.417571e-01 8.722232e-13 -1.344299e-21 1.144989e-21 2.453127e+01
       1 4.776340e-01 -2.159090e-01 4.627800e-01 1.000000e+00 0.000000e+00 0.000000e+00 0.000000e+00 1.000000e+00 0.000000e+00 0.000000e+00 0.000000e+00 1.000000e+00 8.442136e-13 -4.938272e-13 0.000000e+00 0.000000e+00 0.000000e+00 0.000000e+00
       2 4.950046e-01 -2.237510e-01 4.728093e-01 9.114250e-01 4.114662e-01 -4.873387e-27 -4.114662e-01 9.114250e-01 7.601308e-27 7.569408e-27 -4.922789e-27 1.000000e+00 1.264109e-01 2.800108e-01 1.148220e-12 -6.894175e-22 1.977745e-22 1.611980e+01
       1 4.776340e-01 -2.159090e-01 4.627800e-01 1.000000e+00 0.000000e+00 0.000000e+00 0.000000e+00 1.000000e+00 0.000000e+00 0.000000e+00 0.000000e+00 1.000000e+00 8.442136e-13 -4.938272e-13 0.000000e+00 0.000000e+00 0.000000e+00 0.000000e+00
       2 4.966878e-01 -2.163410e-01 4.728093e-01 9.997431e-01 2.266571e-02 -6.305991e-26 -2.266571e-02 9.997431e-01 -6.306055e-28 6.302942e-26 2.059741e-27 1.000000e+00 1.634230e-03 7.209300e-02 1.166880e-12 -3.334118e-24 -1.049700e-21 3.783655e+00
       1 4.776340e-01 -2.159090e-01 4.627800e-01 1.000000e+00 0.000000e+00 0.000000e+00 0.000000e+00 1.000000e+00 0.000000e+00 0.000000e+00 0.000000e+00 1.000000e+00 8.770762e-13 -5.770939e-13 0.000000e+00 0.000000e+00 0.000000e+00 0.000000e+00
       2 4.965467e-01 -2.182635e-01 4.728093e-01 9.923396e-01 1.235399e-01 1.408121e-26 -1.235399e-01 9.923396e-01 5.783613e-27 -1.325883e-26 -7.478899e-27 1.000000e+00 -2.079654e-02 -1.670533e-01 9.195941e-13 -1.850074e-22 5.240148e-22 -8.832862e+00
       1 4.776340e-01 -2.159090e-01 4.627800e-01 1.000000e+00 0.000000e+00 0.000000e+00 0.000000e+00 1.000000e+00 0.000000e+00 0.000000e+00 0.000000e+00 1.000000e+00 8.770762e-13 -5.770939e-13 0.000000e+00 0.000000e+00 0.000000e+00 0.000000e+00
       2 4.919909e-01 -2.284434e-01 4.728093e-01 7.533010e-01 6.576759e-01 6.987963e-27 -6.576759e-01 7.533010e-01 3.451993e-26 1.743889e-26 -3.059971e-26 1.000000e+00 -2.554477e-01 -2.925908e-01 1.113038e-12 -5.603912e-22 -1.476746e-21 -2.037968e+01
       1 4.776340e-01 -2.159090e-01 4.627800e-01 1.000000e+00 0.000000e+00 0.000000e+00 0.000000e+00 1.000000e+00 0.000000e+00 0.000000e+00 0.000000e+00 1.000000e+00 8.770762e-13 -5.770939e-13 0.000000e+00 0.000000e+00 0.000000e+00 0.000000e+00
       2 4.758770e-01 -2.348865e-01 4.728093e-01 -9.218820e-02 9.957416e-01 1.584754e-27 -9.957416e-01 -9.218820e-02 -6.377033e-26 -6.335267e-26 -7.456877e-27 1.000000e+00 -4.758878e-01 4.405899e-02 8.924298e-13 4.151703e-21 2.297335e-22 -2.507630e+01
       1 4.776340e-01 -2.159090e-01 4.627800e-01 1.000000e+00 0.000000e+00 0.000000e+00 0.000000e+00 1.000000e+00 0.000000e+00 0.000000e+00 0.000000e+00 1.000000e+00 8.770762e-13 -5.770939e-13 0.000000e+00 0.000000e+00 0.000000e+00 0.000000e+00
       2 4.616357e-01 -2.262670e-01 4.728093e-01 -8.394219e-01 5.434803e-01 1.738351e-26 -5.434803e-01 -8.394219e-01 -1.997776e-26 3.734577e-27 -2.621737e-26 1.000000e+00 -1.918932e-01 2.963866e-01 4.791670e-13 1.258678e-21 3.536889e-22 -1.852609e+01
       1 4.776340e-01 -2.159090e-01 4.627800e-01 1.000000e+00 0.000000e+00 0.000000e+00 0.000000e+00 1.000000e+00 0.000000e+00 0.000000e+00 0.000000e+00 1.000000e+00 8.770762e-13 -5.770939e-13 0.000000e+00 0.000000e+00 0.000000e+00 0.000000e+00
       2 4.586186e-01 -2.171926e-01 4.728093e-01 -9.977295e-01 6.734929e-02 -1.107356e-26 -6.734929e-02 -9.977295e-01 1.559304e-26 -9.998232e-27 1.630343e-26 1.000000e+00 -8.370963e-03 1.240154e-01 1.071068e-12 -3.387396e-22 1.500477e-23 -6.521833e+00
       1 4.776340e-01 -2.159090e-01 4.627800e-01 1.000000e+00 0.000000e+00 0.000000e+00 0.000000e+00 1.000000e+00 0.000000e+00 0.000000e+00 0.000000e+00 1.000000e+00 5.258016e-13 -5.766498e-13 0.000000e+00 0.000000e+00 0.000000e+00 0.000000e+00
       2 4.586085e-01 -2.170331e-01 4.728093e-01 -9.982590e-01 5.898316e-02 4.505384e-26 -5.898316e-02 -9.982590e-01 3.167632e-27 4.516224e-26 5.047000e-28 1.000000e+00 6.860675e-03 -1.161195e-01 9.118953e-13 8.515272e-24 -3.287092e-22 6.103358e+00
       1 4.776340e-01 -2.159090e-01 4.627800e-01 1.000000e+00 0.000000e+00 0.000000e+00 0.000000e+00 1.000000e+00 0.000000e+00 0.000000e+00 0.000000e+00 1.000000e+00 5.258016e-13 -5.766498e-13 0.000000e+00 0.000000e+00 0.000000e+00 0.000000e+00
       2 4.613881e-01 -2.258742e-01 4.728093e-01 -8.524144e-01 5.228668e-01 7.559083e-26 -5.228668e-01 -8.524144e-01 5.984534e-26 9.572585e-26 1.148909e-26 1.000000e+00 1.810800e-01 -2.952111e-01 5.775870e-13 5.693204e-22 2.775486e-21 1.817136e+01
       1 4.776340e-01 -2.159090e-01 4.627800e-01 1.000000e+00 0.000000e+00 0.000000e+00 0.000000e+00 1.000000e+00 0.000000e+00 0.000000e+00 0.000000e+00 1.000000e+00 5.258016e-13 -5.766498e-13 0.000000e+00 0.000000e+00 0.000000e+00 0.000000e+00
       2 4.752467e-01 -2.348176e-01 4.728093e-01 -1.252609e-01 9.921238e-01 2.444772e-26 -9.921238e-01 -1.252609e-01 7.403696e-26 7.651618e-26 -1.498123e-26 1.000000e+00 4.732966e-01 -5.975642e-02 8.949442e-13 -4.442230e-21 1.095669e-21 2.503071e+01
       1 4.776340e-01 -2.159090e-01 4.627800e-01 1.000000e+00 0.000000e+00 0.000000e+00 0.000000e+00 1.000000e+00 0.000000e+00 0.000000e+00 0.000000e+00 1.000000e+00 5.258016e-13 -5.766498e-13 0.000000e+00 0.000000e+00 0.000000e+00 0.000000e+00
       2 4.916438e-01 -2.288303e-01 4.728093e-01 7.350873e-01 6.779725e-01 7.065774e-26 -6.779725e-01 7.350873e-01 -5.394245e-26 -8.851110e-26 -8.251592e-27 1.000000e+00 2.673635e-01 2.898885e-01 1.076490e-12 1.289510e-21 1.497429e-21 2.069175e+01
       1 4.776340e-01 -2.159090e-01 4.627800e-01 1.000000e+00 0.000000e+00 0.000000e+00 0.000000e+00 1.000000e+00 0.000000e+00 0.000000e+00 0.000000e+00 1.000000e+00 5.258016e-13 -5.766498e-13 0.000000e+00 0.000000e+00 0.000000e+00 0.000000e+00
       2 4.965171e-01 -2.184904e-01 4.728093e-01 9.907849e-01 1.354447e-01 9.130563e-27 -1.354447e-01 9.907849e-01 6.292931e-27 -8.194080e-27 -7.471627e-27 1.000000e+00 2.387389e-02 1.746428e-01 4.568159e-13 -6.338822e-23 -4.064995e-22 9.248642e+00
       1 4.776340e-01 -2.159090e-01 4.627800e-01 1.000000e+00 0.000000e+00 0.000000e+00 0.000000e+00 1.000000e+00 0.000000e+00 0.000000e+00 0.000000e+00 1.000000e+00 8.117951e-13 -2.733369e-13 0.000000e+00 0.000000e+00 0.000000e+00 0.000000e+00
       2 4.966896e-01 -2.162505e-01 4.728093e-01 9.998394e-01 1.792062e-02 -2.195967e-26 -1.792062e-02 9.998394e-01 5.142562e-27 2.204830e-26 -4.748205e-27 1.000000e+00 -1.148898e-03 -6.411133e-02 4.941757e-13 -1.126224e-22 -7.504126e-22 -3.364430e+00
       1 4.776340e-01 -2.159090e-01 4.627800e-01 1.000000e+00 0.000000e+00 0.000000e+00 0.000000e+00 1.000000e+00 0.000000e+00 0.000000e+00 0.000000e+00 1.000000e+00 8.117951e-13 -2.733369e-13 0.000000e+00 0.000000e+00 0.000000e+00 0.000000e+00
       2 4.951665e-01 -2.233819e-01 4.728093e-01 9.199237e-01 3.920973e-01 -4.243407e-27 -3.920973e-01 9.199237e-01 3.659932e-26 1.825411e-26 -3.200475e-26 1.000000e+00 -1.175910e-01 -2.758898e-01 7.087851e-13 -8.413902e-22 -4.590051e-24 -1.573583e+01
       1 4.776340e-01 -2.159090e-01 4.627800e-01 1.000000e+00 0.000000e+00 0.000000e+00 0.000000e+00 1.000000e+00 0.000000e+00 0.000000e+00 0.000000e+00 1.000000e+00 8.117951e-13 -2.733369e-13 0.000000e+00 0.000000e+00 0.000000e+00 0.000000e+00
       2 4.839995e-01 -2.338732e-01 4.728093e-01 3.339943e-01 9.425751e-01 -3.060579e-26 -9.425751e-01 3.339943e-01 1.001737e-25 1.046434e-25 -4.609210e-27 1.000000e+00 -4.382868e-01 -1.553041e-01 1.001805e-12 -2.104891e-21 4.371329e-22 -2.439767e+01
       1 4.776340e-01 -2.159090e-01 4.627800e-01 1.000000e+00 0.000000e+00 0.000000e+00 0.000000e+00 1.000000e+00 0.000000e+00 0.000000e+00 0.000000e+00 1.000000e+00 8.117951e-13 -2.733369e-13 0.000000e+00 0.000000e+00 0.000000e+00 0.000000e+00
       2 4.662836e-01 -2.312192e-01 4.728093e-01 -5.955522e-01 8.033166e-01 -9.516926e-26 -8.033166e-01 -5.955522e-01 -4.996701e-26 -9.681759e-26 4.669309e-26 1.000000e+00 -3.448374e-01 2.556520e-01 4.001813e-13 4.008074e-22 -2.053443e-21 -2.252341e+01
       1 4.776340e-01 -2.159090e-01 4.627800e-01 1.000000e+00 0.000000e+00 0.000000e+00 0.000000e+00 1.000000e+00 0.000000e+00 0.000000e+00 0.000000e+00 1.000000e+00 8.117951e-13 -2.733369e-13 0.000000e+00 0.000000e+00 0.000000e+00 0.000000e+00
       2 4.590680e-01 -2.202146e-01 4.728093e-01 -9.741478e-01 2.259116e-01 2.190685e-26 -2.259116e-01 -9.741478e-01 -1.981973e-26 1.686300e-26 -2.425635e-26 1.000000e+00 -5.142684e-02 2.217595e-01 4.453068e-13 4.112934e-22 -1.167348e-22 -1.194438e+01
       1 4.776340e-01 -2.159090e-01 4.627800e-01 1.000000e+00 0.000000e+00 0.000000e+00 0.000000e+00 1.000000e+00 0.000000e+00 0.000000e+00 0.000000e+00 1.000000e+00 3.735234e-12 -1.917133e-12 0.000000e+00 0.000000e+00 0.000000e+00 0.000000e+00
       2 4.585753e-01 -2.159207e-01 4.728093e-01 -9.999998e-01 6.122432e-04 -1.002215e-25 -6.122432e-04 -9.999998e-01 -4.193145e-28 -1.002218e-25 -3.579544e-28 1.000000e+00 7.042386e-06 -1.188481e-02 -8.417939e-13 5.826070e-21 -1.379811e-17 6.235904e-01
       1 4.776340e-01 -2.159090e-01 4.627800e-01 1.000000e+00 0.000000e+00 0.000000e+00 0.000000e+00 1.000000e+00 0.000000e+00 0.000000e+00 0.000000e+00 1.000000e+00 1.125322e-12 -2.378098e-13 0.000000e+00 0.000000e+00 0.000000e+00 0.000000e+00
       2 4.593042e-01 -2.211292e-01 4.728093e-01 -9.617579e-01 2.739009e-01 6.908914e-27 -2.739009e-01 -9.617579e-01 8.276846e-27 8.911738e-27 6.067964e-27 1.000000e+00 6.865509e-02 -2.410738e-01 4.101561e-13 5.154703e-22 -4.112597e-23 1.315196e+01
       1 4.776340e-01 -2.159090e-01 4.627800e-01 1.000000e+00 0.000000e+00 0.000000e+00 0.000000e+00 1.000000e+00 0.000000e+00 0.000000e+00 0.000000e+00 1.000000e+00 1.125322e-12 -2.378098e-13 0.000000e+00 0.000000e+00 0.000000e+00 0.000000e+00
       2 4.677116e-01 -2.321810e-01 4.728093e-01 -5.206251e-01 8.537854e-01 4.109270e-26 -8.537854e-01 -5.206251e-01 -5.741148e-26 -2.762320e-26 -6.497421e-26 1.000000e+00 3.778396e-01 -2.304015e-01 7.525658e-13 5.159745e-22 1.696169e-21 2.322015e+01
       1 4.776340e-01 -2.159090e-01 4.627800e-01 1.000000e+00 0.000000e+00 0.000000e+00 0.000000e+00 1.000000e+00 0.000000e+00 0.000000e+00 0.000000e+00 1.000000e+00 1.125322e-12 -2.378098e-13 0.000000e+00 0.000000e+00 0.000000e+00 0.000000e+00
       2 4.856829e-01 -2.331846e-01 4.728093e-01 4.223243e-01 9.064448e-01 7.756842e-26 -9.064448e-01 4.223243e-01 -1.492334e-26 -4.628621e-26 -6.400900e-26 1.000000e+00 4.133295e-01 1.925762e-01 1.187848e-12 -5.393072e-22 1.076037e-21 2.392550e+01
       1 4.776340e-01 -2.159090e-01 4.627800e-01 1.000000e+00 0.000000e+00 0.000000e+00 0.000000e+00 1.000000e+00 0.000000e+00 0.000000e+00 0.000000e+00 1.000000e+00 1.125322e-12 -2.378098e-13 0.000000e+00 0.000000e+00 0.000000e+00 0.000000e+00
       2 4.955823e-01 -2.223194e-01 4.728093e-01 9.417359e-01 3.363531e-01 -9.599283e-27 -3.363531e-01 9.417359e-01 4.118285e-27 1.042519e-26 -6.495884e-28 1.000000e+00 9.342779e-02 2.615856e-01 7.816939e-13 -5.532369e-22 4.598395e-22 1.457440e+01
       1 4.776340e-01 -2.159090e-01 4.627800e-01 1.000000e+00 0.000000e+00 0.000000e+00 0.000000e+00 1.000000e+00 0.000000e+00 0.000000e+00 0.000000e+00 1.000000e+00 1.125322e-12 -2.378098e-13 0.000000e+00 0.000000e+00 0.000000e+00 0.000000e+00
       2 4.966922e-01 -2.160442e-01 4.728093e-01 9.999748e-01 7.095581e-03 4.775216e-26 -7.095581e-03 9.999748e-01 -2.163353e-27 -4.776630e-26 1.824470e-27 1.000000e+00 2.862050e-04 4.035281e-02 5.212633e-13 2.055292e-23 7.545696e-22 2.117345e+00
       1 4.776340e-01 -2.159090e-01 4.627800e-01 1.000000e+00 0.000000e+00 0.000000e+00 0.000000e+00 1.000000e+00 0.000000e+00 0.000000e+00 0.000000e+00 1.000000e+00 7.869261e-13 -3.159695e-13 0.000000e+00 0.000000e+00 0.000000e+00 0.000000e+00
       2 4.964022e-01 -2.192241e-01 4.728093e-01 9.847564e-01 1.739394e-01 9.829564e-27 -1.739394e-01 9.847564e-01 -2.361814e-26 -1.378785e-26 2.154837e-26 1.000000e+00 -3.474387e-02 -1.967056e-01 1.138844e-12 3.310236e-22 4.370779e-22 -1.048080e+01
       1 4.776340e-01 -2.159090e-01 4.627800e-01 1.000000e+00 0.000000e+00 0.000000e+00 0.000000e+00 1.000000e+00 0.000000e+00 0.000000e+00 0.000000e+00 1.000000e+00 7.869261e-13 -3.159695e-13 0.000000e+00 0.000000e+00 0.000000e+00 0.000000e+00
       2 4.905174e-01 -2.299536e-01 4.728093e-01 6.759870e-01 7.369136e-01 2.454420e-26 -7.369136e-01 6.759870e-01 -4.096425e-26 -4.677867e-26 9.604345e-27 1.000000e+00 -3.029765e-01 -2.779282e-01 5.312937e-13 3.263342e-22 9.734290e-22 -2.157244e+01
       1 4.776340e-01 -2.159090e-01 4.627800e-01 1.000000e+00 0.000000e+00 0.000000e+00 0.000000e+00 1.000000e+00 0.000000e+00 0.000000e+00 0.000000e+00 1.000000e+00 7.869261e-13 -3.159695e-13 0.000000e+00 0.000000e+00 0.000000e+00 0.000000e+00
       2 4.733992e-01 -2.344912e-01 4.728093e-01 -2.221987e-01 9.750014e-01 5.551950e-26 -9.750014e-01 -2.221987e-01 -1.360392e-26 -9.274827e-28 -5.715436e-26 1.000000e+00 -4.610970e-01 1.050824e-01 6.040251e-13 1.484938e-22 4.188511e-22 -2.481377e+01
       1 4.776340e-01 -2.159090e-01 4.627800e-01 1.000000e+00 0.000000e+00 0.000000e+00 0.000000e+00 1.000000e+00 0.000000e+00 0.000000e+00 0.000000e+00 1.000000e+00 7.869261e-13 -3.159695e-13 0.000000e+00 0.000000e+00 0.000000e+00 0.000000e+00
       2 4.607340e-01 -2.247195e-01 4.728093e-01 -8.867333e-01 4.622814e-01 -2.556674e-26 -4.622814e-01 -8.867333e-01 2.231767e-26 -1.235384e-26 3.160885e-26 1.000000e+00 -1.505369e-01 2.887571e-01 1.045899e-12 1.370535e-22 5.649575e-22 -1.708620e+01
       1 4.776340e-01 -2.159090e-01 4.627800e-01 1.000000e+00 0.000000e+00 0.000000e+00 0.000000e+00 1.000000e+00 0.000000e+00 0.000000e+00 0.000000e+00 1.000000e+00 7.869261e-13 -3.159695e-13 0.000000e+00 0.000000e+00 0.000000e+00 0.000000e+00
       2 4.585886e-01 -2.166211e-01 4.728093e-01 -9.993018e-01 3.736154e-02 -2.666478e-27 -3.736154e-02 -9.993018e-01 2.935123e-28 -2.653650e-27 3.929311e-28 1.000000e+00 -3.458635e-03 9.251530e-02 8.306289e-13 6.533653e-23 -7.653916e-23 -4.857622e+00
       1 4.776340e-01 -2.159090e-01 4.627800e-01 1.000000e+00 0.000000e+00 0.000000e+00 0.000000e+00 1.000000e+00 0.000000e+00 0.000000e+00 0.000000e+00 1.000000e+00 6.519230e-13 -4.800604e-13 0.000000e+00 0.000000e+00 0.000000e+00 0.000000e+00
       2 4.586624e-01 -2.177285e-01 4.728093e-01 -9.954322e-01 9.547083e-02 -2.583685e-26 -9.547083e-02 -9.954322e-01 2.869891e-27 -2.544484e-26 5.323447e-27 1.000000e+00 1.412811e-02 -1.473125e-01 3.909518e-13 1.551564e-22 -7.113661e-22 7.764876e+00
       1 4.776340e-01 -2.159090e-01 4.627800e-01 1.000000e+00 0.000000e+00 0.000000e+00 0.000000e+00 1.000000e+00 0.000000e+00 0.000000e+00 0.000000e+00 1.000000e+00 6.519230e-13 -4.800604e-13 0.000000e+00 0.000000e+00 0.000000e+00 0.000000e+00
       2 4.624592e-01 -2.274398e-01 4.728093e-01 -7.962132e-01 6.050162e-01 1.582755e-26 -6.050162e-01 -7.962132e-01 -2.641167e-27 1.100415e-26 -1.167886e-26 1.000000e+00 2.253898e-01 -2.966190e-01 8.200099e-13 -5.593135e-22 5.387457e-22 1.954677e+01
       1 4.776340e-01 -2.159090e-01 4.627800e-01 1.000000e+00 0.000000e+00 0.000000e+00 0.000000e+00 1.000000e+00 0.000000e+00 0.000000e+00 0.000000e+00 1.000000e+00 6.519230e-13 -4.800604e-13 0.000000e+00 0.000000e+00 0.000000e+00 0.000000e+00
       2 4.777650e-01 -2.349672e-01 4.728093e-01 6.873673e-03 9.999764e-01 -7.222548e-28 -9.999764e-01 6.873673e-03 -1.766275e-26 -1.765737e-26 8.436457e-28 1.000000e+00 4.789268e-01 3.292068e-03 1.093977e-12 6.499436e-22 -9.583379e-25 2.512957e+01
       1 4.776340e-01 -2.159090e-01 4.627800e-01 1.000000e+00 0.000000e+00 0.000000e+00 0.000000e+00 1.000000e+00 0.000000e+00 0.000000e+00 0.000000e+00 1.000000e+00 6.519230e-13 -4.800604e-13 0.000000e+00 0.000000e+00 0.000000e+00 0.000000e+00
       2 4.929308e-01 -2.272775e-01 4.728093e-01 8.026146e-01 5.964979e-01 6.708223e-27 -5.964979e-01 8.026146e-01 -5.971894e-26 -4.100634e-26 4.392986e-26 1.000000e+00 2.206466e-01 2.968914e-01 9.942328e-13 5.621116e-22 -9.350173e-22 1.940868e+01
       1 4.776340e-01 -2.159090e-01 4.627800e-01 1.000000e+00 0.000000e+00 0.000000e+00 0.000000e+00 1.000000e+00 0.000000e+00 0.000000e+00 0.000000e+00 1.000000e+00 6.519230e-13 -4.800604e-13 0.000000e+00 0.000000e+00 0.000000e+00 0.000000e+00
       2 4.966131e-01 -2.176488e-01 4.728093e-01 9.958245e-01 9.128843e-02 -2.458150e-26 -9.128843e-02 9.958245e-01 -4.896120e-28 2.443416e-26 2.731574e-27 1.000000e+00 1.320995e-02 1.441064e-01 3.763135e-13 9.113471e-23 -4.285813e-22 7.592893e+00
       1 4.776340e-01 -2.159090e-01 4.627800e-01 1.000000e+00 0.000000e+00 0.000000e+00 0.000000e+00 1.000000e+00 0.000000e+00 0.000000e+00 0.000000e+00 1.000000e+00 9.769963e-13 -2.824407e-13 0.000000e+00 0.000000e+00 0.000000e+00 0.000000e+00
       2 4.966774e-01 -2.166726e-01 4.728093e-01 9.991971e-01 4.006418e-02 6.481589e-27 -4.006418e-02 9.991971e-01 -6.977856e-27 -6.755947e-27 6.712574e-27 1.000000e+00 -3.840636e-03 -9.579264e-02 5.956568e-13 2.462107e-22 -7.410604e-22 -5.030230e+00
       1 4.776340e-01 -2.159090e-01 4.627800e-01 1.000000e+00 0.000000e+00 0.000000e+00 0.000000e+00 1.000000e+00 0.000000e+00 0.000000e+00 0.000000e+00 1.000000e+00 9.769963e-13 -2.824407e-13 0.000000e+00 0.000000e+00 0.000000e+00 0.000000e+00
       2 4.944505e-01 -2.248778e-01 4.728093e-01 8.823539e-01 4.705864e-01 3.215240e-26 -4.705864e-01 8.823539e-01 -1.450601e-26 -3.519613e-26 -2.331045e-27 1.000000e+00 -1.546118e-01 -2.899005e-01 1.178722e-12 -7.561769e-23 2.433501e-22 -1.723899e+01
       1 4.776340e-01 -2.159090e-01 4.627800e-01 1.000000e+00 0.000000e+00 0.000000e+00 0.000000e+00 1.000000e+00 0.000000e+00 0.000000e+00 0.000000e+00 1.000000e+00 9.769963e-13 -2.824407e-13 0.000000e+00 0.000000e+00 0.000000e+00 0.000000e+00
       2 4.816160e-01 -2.345471e-01 4.728093e-01 2.089333e-01 9.779299e-01 -2.120359e-26 -9.779299e-01 2.089333e-01 6.550148e-26 6.848599e-26 7.050182e-27 1.000000e+00 -4.631760e-01 -9.895719e-02 1.033059e-12 -2.693722e-22 -6.232762e-22 -2.485101e+01
       1 4.776340e-01 -2.159090e-01 4.627800e-01 1.000000e+00 0.000000e+00 0.000000e+00 0.000000e+00 1.000000e+00 0.000000e+00 0.000000e+00 0.000000e+00 1.000000e+00 9.769963e-13 -2.824407e-13 0.000000e+00 0.000000e+00 0.000000e+00 0.000000e+00
       2 4.645862e-01 -2.298010e-01 4.728093e-01 -6.846129e-01 7.289068e-01 5.977486e-26 -7.289068e-01 -6.846129e-01 1.618969e-26 5.272341e-26 -3.248663e-26 1.000000e+00 -2.980521e-01 2.799414e-01 6.695172e-13 2.667639e-24 -2.806518e-22 -2.145492e+01
       1 4.776340e-01 -2.159090e-01 4.627800e-01 1.000000e+00 0.000000e+00 0.000000e+00 0.000000e+00 1.000000e+00 0.000000e+00 0.000000e+00 0.000000e+00 1.000000e+00 9.769963e-13 -2.824407e-13 0.000000e+00 0.000000e+00 0.000000e+00 0.000000e+00
       2 4.588473e-01 -2.191173e-01 4.728093e-01 -9.857296e-01 1.683364e-01 1.035299e-26 -1.683364e-01 -9.857296e-01 -1.447442e-26 7.768681e-27 -1.601065e-26 1.000000e+00 -3.307864e-02 1.937027e-01 5.020970e-13 -1.722492e-22 -1.762423e-22 -1.031061e+01
       1 4.776340e-01 -2.159090e-01 4.627800e-01 1.000000e+00 0.000000e+00 0.000000e+00 0.000000e+00 1.000000e+00 0.000000e+00 0.000000e+00 0.000000e+00 1.000000e+00 4.738432e-13 -5.999645e-13 0.000000e+00 0.000000e+00 0.000000e+00 0.000000e+00
       2 4.585760e-01 -2.160672e-01 4.728093e-01 -9.999655e-01 8.301275e-03 6.705773e-27 -8.301275e-03 -9.999655e-01 -2.434436e-28 6.703521e-27 -2.991016e-28 1.000000e+00 3.621802e-04 -4.364440e-02 8.389650e-13 7.181551e-23 -6.871112e-22 2.290079e+00
       1 4.776340e-01 -2.159090e-01 4.627800e-01 1.000000e+00 0.000000e+00 0.000000e+00 0.000000e+00 1.000000e+00 0.000000e+00 0.000000e+00 0.000000e+00 1.000000e+00 4.738432e-13 -5.999645e-13 0.000000e+00 0.000000e+00 0.000000e+00 0.000000e+00
       2 4.597377e-01 -2.224631e-01 4.728093e-01 -9.390089e-01 3.438928e-01 -1.019415e-26 -3.438928e-01 -9.390089e-01 1.252495e-26 -5.265158e-27 1.526673e-26 1.000000e+00 9.658673e-02 -2.637352e-01 8.182599e-13 -2.267633e-22 -3.154998e-22 1.473684e+01
       1 4.776340e-01 -2.159090e-01 4.627800e-01 1.000000e+00 0.000000e+00 0.000000e+00 0.000000e+00 1.000000e+00 0.000000e+00 0.000000e+00 0.000000e+00 1.000000e+00 4.738432e-13 -5.999645e-13 0.000000e+00 0.000000e+00 0.000000e+00 0.000000e+00
       2 4.698122e-01 -2.332887e-01 4.728093e-01 -4.104061e-01 9.119028e-01 -6.445721e-26 -9.119028e-01 -4.104061e-01 3.220879e-26 2.917651e-27 7.199740e-26 1.000000e+00 4.170683e-01 -1.877042e-01 5.270959e-13 -5.988263e-22 -2.160207e-21 2.399742e+01
       1 4.776340e-01 -2.159090e-01 4.627800e-01 1.000000e+00 0.000000e+00 0.000000e+00 0.000000e+00 1.000000e+00 0.000000e+00 0.000000e+00 0.000000e+00 1.000000e+00 4.738432e-13 -5.999645e-13 0.000000e+00 0.000000e+00 0.000000e+00 0.000000e+00
       2 4.877619e-01 -2.320539e-01 4.728093e-01 5.314073e-01 8.471164e-01 1.129906e-26 -8.471164e-01 5.314073e-01 -7.703028e-26 -7.125802e-26 3.136283e-26 1.000000e+00 3.734212e-01 2.342529e-01 1.007606e-12 1.686208e-21 -5.439081e-22 2.312928e+01
       1 4.776340e-01 -2.159090e-01 4.627800e-01 1.000000e+00 0.000000e+00 0.000000e+00 0.000000e+00 1.000000e+00 0.000000e+00 0.000000e+00 0.000000e+00 1.000000e+00 4.738432e-13 -5.999645e-13 0.000000e+00 0.000000e+00 0.000000e+00 0.000000e+00
       2 4.960007e-01 -2.209980e-01 4.728093e-01 9.636915e-01 2.670180e-01 4.357490e-27 -2.670180e-01 9.636915e-01 -1.030637e-26 -6.951263e-27 8.768635e-27 1.000000e+00 6.608352e-02 2.385040e-01 7.315160e-13 7.466522e-23 1.933784e-22 1.298566e+01
       1 4.776340e-01 -2.159090e-01 4.627800e-01 1.000000e+00 0.000000e+00 0.000000e+00 0.000000e+00 1.000000e+00 0.000000e+00 0.000000e+00 0.000000e+00 1.000000e+00 -4.582468e-11 1.469913e-11 0.000000e+00 0.000000e+00 0.000000e+00 0.000000e+00
       2 4.966927e-01 -2.159151e-01 4.728093e-01 9.999999e-01 3.186176e-04 -9.119548e-24 -3.186176e-04 9.999999e-01 -4.538676e-28 9.119547e-24 3.359516e-27 1.000000e+00 3.844440e-06 8.592583e-03 -2.058294e-11 2.123742e-22 2.481365e-19 4.508487e-01
       1 4.776340e-01 -2.159090e-01 4.627800e-01 1.000000e+00 0.000000e+00 0.000000e+00 0.000000e+00 1.000000e+00 0.000000e+00 0.000000e+00 0.000000e+00 1.000000e+00 9.792167e-13 -6.032952e-13 0.000000e+00 0.000000e+00 0.000000e+00 0.000000e+00
       2 4.961712e-01 -2.203367e-01 4.728093e-01 9.726401e-01 2.323172e-01 4.775397e-27 -2.323172e-01 9.726401e-01 1.813763e-27 -4.223374e-27 -2.873546e-27 1.000000e+00 -5.362954e-02 -2.245332e-01 1.101181e-12 -1.138171e-21 3.006576e-22 -1.211253e+01
       1 4.776340e-01 -2.159090e-01 4.627800e-01 1.000000e+00 0.000000e+00 0.000000e+00 0.000000e+00 1.000000e+00 0.000000e+00 0.000000e+00 0.000000e+00 1.000000e+00 9.792167e-13 -6.032952e-13 0.000000e+00 0.000000e+00 0.000000e+00 0.000000e+00
       2 4.887945e-01 -2.313582e-01 4.728093e-01 5.855859e-01 8.106103e-01 -4.188148e-26 -8.106103e-01 5.855859e-01 4.521978e-26 6.118083e-26 7.469492e-27 1.000000e+00 -3.495444e-01 -2.525123e-01 8.944281e-13 1.736320e-21 4.352338e-22 -2.262542e+01
       1 4.776340e-01 -2.159090e-01 4.627800e-01 1.000000e+00 0.000000e+00 0.000000e+00 0.000000e+00 1.000000e+00 0.000000e+00 0.000000e+00 0.000000e+00 1.000000e+00 9.792167e-13 -6.032952e-13 0.000000e+00 0.000000e+00 0.000000e+00 0.000000e+00
       2 4.710296e-01 -2.337868e-01 4.728093e-01 -3.465301e-01 9.380388e-01 4.267942e-26 -9.380388e-01 -3.465301e-01 -1.997967e-26 -3.952002e-27 -4.695851e-26 1.000000e+00 -4.351266e-01 1.607449e-01 4.855396e-13 5.816260e-22 1.134879e-21 -2.433888e+01
       1 4.776340e-01 -2.159090e-01 4.627800e-01 1.000000e+00 0.000000e+00 0.000000e+00 0.000000e+00 1.000000e+00 0.000000e+00 0.000000e+00 0.000000e+00 1.000000e+00 9.792167e-13 -6.032952e-13 0.000000e+00 0.000000e+00 0.000000e+00 0.000000e+00
       2 4.600381e-01 -2.232314e-01 4.728093e-01 -9.232483e-01 3.842039e-01 1.000778e-26 -3.842039e-01 -9.232483e-01 -5.485542e-26 -1.183600e-26 -5.449020e-26 1.000000e+00 -1.140580e-01 2.740855e-01 7.357556e-13 1.980017e-21 6.953995e-22 -1.557663e+01
       1 4.776340e-01 -2.159090e-01 4.627800e-01 1.000000e+00 0.000000e+00 0.000000e+00 0.000000e+00 1.000000e+00 0.000000e+00 0.000000e+00 0.000000e+00 1.000000e+00 9.792167e-13 -6.032952e-13 0.000000e+00 0.000000e+00 0.000000e+00 0.000000e+00
       2 4.585778e-01 -2.162164e-01 4.728093e-01 -9.998699e-01 1.612787e-02 -1.587551e-26 -1.612787e-02 -9.998699e-01 -2.801063e-27 -1.591862e-26 -2.544660e-27 1.000000e+00 -9.808613e-04 6.082186e-02 7.956849e-13 8.955504e-23 -5.952209e-22 -3.191708e+00
       1 4.776340e-01 -2.159090e-01 4.627800e-01 1.000000e+00 0.000000e+00 0.000000e+00 0.000000e+00 1.000000e+00 0.000000e+00 0.000000e+00 0.000000e+00 1.000000e+00 1.236788e-12 -5.255796e-13 0.000000e+00 0.000000e+00 0.000000e+00 0.000000e+00
       2 4.587644e-01 -2.185868e-01 4.728093e-01 -9.900803e-01 1.405028e-01 3.187680e-26 -1.405028e-01 -9.900803e-01 -2.283112e-26 2.835275e-26 -2.708342e-26 1.000000e+00 2.522362e-02 -1.777471e-01 4.838703e-13 4.049509e-22 4.702816e-22 9.419737e+00
       1 4.776340e-01 -2.159090e-01 4.627800e-01 1.000000e+00 0.000000e+00 0.000000e+00 0.000000e+00 1.000000e+00 0.000000e+00 0.000000e+00 0.000000e+00 1.000000e+00 1.236788e-12 -5.255796e-13 0.000000e+00 0.000000e+00 0.000000e+00 0.000000e+00
