       1 -3.469447e+01 -1.975255e-02 -1.387779e+02 2.772338e-04 3.632699e+00 9.871989e-16 -3.469447e+01 -1.975255e-02 -1.387779e+02 2.772338e-04 3.632699e+00 9.871989e-16
       2 3.469447e+01 1.975255e-02 1.387779e+02 -1.192134e-04 -3.910254e+00 0.000000e+00 3.469447e+01 1.975255e-02 1.387779e+02 -1.192134e-04 -3.910254e+00 0.000000e+00 1.000000e+00 -2.087786e-53 0.000000e+00 -2.087786e-53 1.000000e+00 0.000000e+00 0.000000e+00 0.000000e+00 1.000000e+00 0.000000e+00 0.000000e+00 0.000000e+00
       1 3.471600e+01 -1.300825e-02 1.387782e+02 -2.164622e-04 -3.632287e+00 -9.859486e-16 3.471600e+01 -1.300825e-02 1.387782e+02 -2.164622e-04 -3.632287e+00 -9.859486e-16
       2 -3.471600e+01 7.528246e-03 -1.387782e+02 -2.967158e-04 3.910015e+00 0.000000e+00 -3.471600e+01 1.300825e-02 -1.387782e+02 3.204891e-04 3.910015e+00 1.795381e-23 1.000000e+00 1.578523e-04 -9.183809e-24 -1.578523e-04 1.000000e+00 -4.590998e-24 9.183084e-24 4.592448e-24 1.000000e+00 9.183447e-21 -1.836689e-20 -3.157046e-01
       1 1.286425e-01 -1.477641e-02 -6.939012e-05 2.078148e-04 2.514587e-03 -2.816299e-18 1.286425e-01 -1.477641e-02 -6.939012e-05 2.078148e-04 2.514587e-03 -2.816299e-18
       2 -1.286518e-01 1.469518e-02 6.939012e-05 -8.866555e-05 -1.485503e-03 0.000000e+00 -1.286425e-01 1.477641e-02 6.939012e-05 -8.960349e-05 -1.485447e-03 -2.553846e-31 9.999998e-01 6.314114e-04 -1.165248e-31 -6.314114e-04 9.999998e-01 -1.719174e-28 7.980572e-33 1.719175e-28 1.000000e+00 -9.200583e-21 1.835819e-20 -6.314125e-01
       1 3.679617e-01 -1.519258e-02 9.004686e-10 2.159419e-04 7.186370e-03 -9.594502e-18 3.679617e-01 -1.519258e-02 9.004686e-10 2.159419e-04 7.186370e-03 -9.594502e-18
       2 -3.679829e-01 1.466981e-02 -9.004686e-10 -8.837367e-05 -4.242806e-03 0.000000e+00 -3.679617e-01 1.519258e-02 -9.004686e-10 -9.440124e-05 -4.242676e-03 1.592037e-30 9.999990e-01 1.420678e-03 1.542044e-30 -1.420678e-03 9.999990e-01 3.752093e-28 -1.008983e-30 -3.752111e-28 1.000000e+00 2.282258e-21 -4.598039e-21 -9.471211e-01
       1 6.930028e-01 -1.638139e-02 -4.847166e-11 2.391595e-04 1.353448e-02 -1.876515e-17 6.930028e-01 -1.638139e-02 -4.847166e-11 2.391595e-04 1.353448e-02 -1.876515e-17
       2 -6.930419e-01 1.463105e-02 4.847166e-11 -8.792699e-05 -7.990702e-03 0.000000e+00 -6.930028e-01 1.638139e-02 4.847166e-11 -1.081084e-04 -7.990454e-03 -1.987256e-26 9.999968e-01 2.525651e-03 3.669545e-23 -2.525651e-03 9.999968e-01 -2.983517e-24 -3.670287e-23 2.890827e-24 1.000000e+00 4.360224e-21 5.506600e-20 -1.262829e+00
       1 1.110912e+00 -1.896132e-02 2.638547e-10 2.895461e-04 2.169631e-02 -3.049618e-17 1.110912e+00 -1.896132e-02 2.638547e-10 2.895461e-04 2.169631e-02 -3.049618e-17
       2 -1.110978e+00 1.457715e-02 -2.638547e-10 -8.730592e-05 -1.280946e-02 0.000000e+00 -1.110912e+00 1.896132e-02 -2.638547e-10 -1.378555e-04 -1.280901e-02 1.314114e-26 9.999922e-01 3.946326e-03 3.364935e-23 -3.946326e-03 9.999922e-01 6.637818e-25 -3.364647e-23 -7.965680e-25 1.000000e+00 -6.897960e-21 -2.294916e-20 -1.578536e+00
       1 1.621675e+00 -2.372394e-02 2.031443e-10 3.825610e-04 3.167160e-02 -4.474222e-17 1.621675e+00 -2.372394e-02 2.031443e-10 3.825610e-04 3.167160e-02 -4.474222e-17
       2 -1.621784e+00 1.450807e-02 -2.031443e-10 -8.651026e-05 -1.869899e-02 0.000000e+00 -1.621675e+00 2.372394e-02 -2.031443e-10 -1.927695e-04 -1.869820e-02 1.537929e-25 9.999839e-01 5.682694e-03 1.182415e-22 -5.682694e-03 9.999839e-01 7.005997e-24 -1.181998e-22 -7.677814e-24 1.000000e+00 -8.336709e-21 1.283574e-19 -1.894240e+00
       1 2.225277e+00 -3.163668e-02 3.009227e-11 5.370984e-04 4.346005e-02 -6.144784e-17 2.225277e+00 -3.163668e-02 3.009227e-11 5.370984e-04 4.346005e-02 -6.144784e-17
       2 -2.225455e+00 1.442381e-02 -3.009227e-11 -8.553989e-05 -2.565926e-02 0.000000e+00 -2.225277e+00 3.163668e-02 -3.009227e-11 -2.840050e-04 -2.565783e-02 -2.380293e-26 9.999701e-01 7.734737e-03 7.812116e-23 -7.734737e-03 9.999701e-01 -1.792425e-24 -7.813268e-23 1.188124e-24 1.000000e+00 1.703636e-20 -1.023364e-19 -2.209939e+00
       1 2.921690e+00 -4.384272e-02 7.458628e-12 7.754847e-04 5.706112e-02 -8.054727e-17 2.921690e+00 -4.384272e-02 7.458628e-12 7.754847e-04 5.706112e-02 -8.054727e-17
       2 -2.921984e+00 1.432432e-02 -7.458628e-12 -8.439468e-05 -3.369017e-02 0.000000e+00 -2.921690e+00 4.384272e-02 -7.458628e-12 -4.247429e-04 -3.368760e-02 -1.714912e-26 9.999490e-01 1.010243e-02 -3.204280e-22 -1.010243e-02 9.999490e-01 3.530985e-24 3.204473e-22 -2.937037e-25 1.000000e+00 -6.263790e-21 -5.778403e-19 -2.525632e+00
       1 3.710874e+00 -6.166084e-02 -2.062018e-10 1.123476e-03 7.247401e-02 -1.019644e-16 3.710874e+00 -6.166084e-02 -2.062018e-10 1.123476e-03 7.247401e-02 -1.019644e-16
       2 -3.711359e+00 1.420959e-02 2.062018e-10 -8.307445e-05 -4.279158e-02 0.000000e+00 -3.710874e+00 6.166084e-02 2.062018e-10 -6.301890e-04 -4.278702e-02 -2.194314e-25 9.999183e-01 1.278573e-02 -1.001493e-22 -1.278573e-02 9.999183e-01 -3.653407e-24 1.000944e-22 4.933590e-24 1.000000e+00 6.646538e-21 5.297692e-19 -2.841315e+00
       1 4.592767e+00 -8.658521e-02 5.301149e-11 1.610253e-03 8.969753e-02 -1.256125e-16 4.592767e+00 -8.658521e-02 5.301149e-11 1.610253e-03 8.969753e-02 -1.256125e-16
       2 -4.593562e+00 1.407958e-02 -5.301149e-11 -8.157907e-05 -5.296328e-02 0.000000e+00 -4.592767e+00 8.658521e-02 -5.301149e-11 -9.175715e-04 -5.295540e-02 -5.231820e-25 9.998754e-01 1.578457e-02 8.968289e-23 -1.578457e-02 9.998754e-01 -1.143363e-23 -8.985220e-23 1.001660e-23 1.000000e+00 3.760835e-21 1.747483e-19 -3.156984e+00
       1 5.567287e+00 -1.202851e-01 2.257494e-10 2.268418e-03 1.087301e-01 -1.513944e-16 5.567287e+00 -1.202851e-01 2.257494e-10 2.268418e-03 1.087301e-01 -1.513944e-16
       2 -5.568568e+00 1.393425e-02 -2.257494e-10 -7.990838e-05 -6.420500e-02 0.000000e+00 -5.567287e+00 1.202851e-01 -2.257494e-10 -1.306137e-03 -6.419177e-02 1.393948e-24 9.998176e-01 1.909887e-02 -2.360303e-22 -1.909887e-02 9.998176e-01 2.651798e-23 2.364938e-22 -2.200523e-23 1.000000e+00 -4.780615e-20 -5.845368e-19 -3.472636e+00
       1 6.634319e+00 -1.646044e-01 -8.432803e-10 3.133982e-03 1.295694e-01 -1.792020e-16 6.634319e+00 -1.646044e-01 -8.432803e-10 3.133982e-03 1.295694e-01 -1.792020e-16
       2 -6.636346e+00 1.377358e-02 8.432803e-10 -7.806224e-05 -7.651636e-02 0.000000e+00 -6.634319e+00 1.646044e-01 8.432803e-10 -1.817147e-03 -7.649482e-02 1.420161e-24 9.997417e-01 2.272853e-02 -2.690845e-22 -2.272853e-02 9.997417e-01 2.495760e-23 2.695822e-22 -1.883526e-23 1.000000e+00 1.924056e-20 1.136723e-19 -3.788266e+00
       1 7.793715e+00 -2.215612e-01 2.111746e-10 4.246357e-03 1.522126e-01 -2.089164e-16 7.793715e+00 -2.215612e-01 2.111746e-10 4.246357e-03 1.522126e-01 -2.089164e-16
       2 -7.796852e+00 1.359754e-02 -2.111746e-10 -7.604056e-05 -8.989687e-02 0.000000e+00 -7.793715e+00 2.215612e-01 -2.111746e-10 -2.473868e-03 -8.986286e-02 -1.674330e-24 9.996442e-01 2.667339e-02 2.109070e-22 -2.667339e-02 9.996442e-01 -2.443819e-23 -2.114838e-22 1.880389e-23 1.000000e+00 5.146922e-20 7.383572e-19 -4.103865e+00
       1 9.045285e+00 -2.933467e-01 8.036611e-10 5.648341e-03 1.766559e-01 -2.404076e-16 9.045285e+00 -2.933467e-01 8.036611e-10 5.648341e-03 1.766559e-01 -2.404076e-16
       2 -9.050030e+00 1.340608e-02 -8.036611e-10 -7.384327e-05 -1.043459e-01 0.000000e+00 -9.045285e+00 2.933467e-01 -8.036611e-10 -3.301568e-03 -1.042937e-01 4.221876e-24 9.995215e-01 3.093327e-02 -3.378346e-22 -3.093327e-02 9.995215e-01 5.117530e-23 3.392560e-22 -4.070048e-23 1.000000e+00 -1.047652e-19 -1.066917e-18 -4.419427e+00
       1 1.038879e+01 -3.823247e-01 -4.251742e-10 7.386096e-03 2.028948e-01 -2.735345e-16 1.038879e+01 -3.823247e-01 -4.251742e-10 7.386096e-03 2.028948e-01 -2.735345e-16
       2 -1.039581e+01 1.319919e-02 4.251742e-10 -7.147035e-05 -1.198626e-01 0.000000e+00 -1.038879e+01 3.823247e-01 4.251742e-10 -4.327499e-03 -1.197845e-01 -8.030699e-25 9.993694e-01 3.550793e-02 -3.263002e-22 -3.550793e-02 9.993694e-01 5.084077e-24 3.262749e-22 6.505372e-24 1.000000e+00 1.000895e-19 2.950122e-19 -4.734944e+00
       1 1.182393e+01 -4.910299e-01 2.005793e-10 9.509128e-03 2.309234e-01 -3.081445e-16 1.182393e+01 -4.910299e-01 2.005793e-10 9.509128e-03 2.309234e-01 -3.081445e-16
       2 -1.183411e+01 1.297683e-02 -2.005793e-10 -6.892186e-05 -1.364461e-01 0.000000e+00 -1.182393e+01 4.910299e-01 -2.005793e-10 -5.580889e-03 -1.363319e-01 -6.340252e-24 9.991837e-01 4.039708e-02 1.438106e-22 -4.039708e-02 9.991837e-01 -5.239303e-23 -1.458097e-22 4.654074e-23 1.000000e+00 2.957024e-20 7.018853e-19 -5.050404e+00
       1 1.335035e+01 -6.221669e-01 -9.375738e-10 1.207026e-02 2.607345e-01 -3.440736e-16 1.335035e+01 -6.221669e-01 -9.375738e-10 1.207026e-02 2.607345e-01 -3.440736e-16
       2 -1.336483e+01 1.273898e-02 9.375738e-10 -6.619791e-05 -1.540951e-01 0.000000e+00 -1.335035e+01 6.221669e-01 9.375738e-10 -7.092921e-03 -1.539318e-01 -1.547415e-24 9.989598e-01 4.560036e-02 -3.237037e-22 -4.560036e-02 9.989598e-01 4.863123e-24 3.235887e-22 9.902940e-24 1.000000e+00 -7.002377e-20 -9.409930e-19 -5.365797e+00
       1 1.496760e+01 -7.786078e-01 1.636482e-10 1.512557e-02 2.923198e-01 -3.811462e-16 1.496760e+01 -7.786078e-01 1.636482e-10 1.512557e-02 2.923198e-01 -3.811462e-16
       2 -1.498784e+01 1.248563e-02 -1.636482e-10 -6.329874e-05 -1.728082e-01 0.000000e+00 -1.496760e+01 7.786078e-01 -1.636482e-10 -8.896712e-03 -1.725790e-01 1.767381e-24 9.986927e-01 5.111735e-02 8.893670e-24 -5.111735e-02 9.986927e-01 9.782512e-24 -8.381987e-24 -1.022434e-23 1.000000e+00 -1.235255e-20 7.326901e-19 -5.681109e+00
       1 1.667518e+01 -9.633907e-01 7.846517e-10 1.873441e-02 3.256691e-01 -4.191747e-16 1.667518e+01 -9.633907e-01 7.846517e-10 1.873441e-02 3.256691e-01 -4.191747e-16
       2 -1.670298e+01 1.221677e-02 -7.846517e-10 -6.022467e-05 -1.925836e-01 0.000000e+00 -1.667518e+01 9.633907e-01 -7.846517e-10 -1.102729e-02 -1.922676e-01 -9.627375e-24 9.983772e-01 5.694754e-02 2.029470e-22 -5.694754e-02 9.983772e-01 -6.171257e-23 -2.061320e-22 5.005509e-23 1.000000e+00 9.615536e-20 1.311409e-19 -5.996325e+00
       1 1.847246e+01 -1.179716e+00 1.778049e-11 2.295929e-02 3.607703e-01 -4.579598e-16 1.847246e+01 -1.179716e+00 1.778049e-11 2.295929e-02 3.607703e-01 -4.579598e-16
       2 -1.851009e+01 1.193240e-02 -1.778049e-11 -5.697616e-05 -2.134194e-01 0.000000e+00 -1.847246e+01 1.179716e+00 -1.778049e-11 -1.352156e-02 -2.129906e-01 3.465123e-24 9.980078e-01 6.309033e-02 -3.291728e-22 -6.309033e-02 9.980078e-01 3.716620e-23 3.308618e-22 -1.632454e-23 1.000000e+00 -1.226831e-19 -9.048548e-19 -6.311430e+00
       1 2.035873e+01 -1.430945e+00 -5.141631e-10 2.786583e-02 3.976095e-01 -4.972902e-16 2.035873e+01 -1.430945e+00 -5.141631e-10 2.786583e-02 3.976095e-01 -4.972902e-16
       2 -2.040896e+01 1.163254e-02 5.141631e-10 -5.355382e-05 -2.353131e-01 0.000000e+00 -2.035873e+01 1.430945e+00 5.141631e-10 -1.641827e-02 -2.347396e-01 -7.791585e-24 9.975788e-01 6.954500e-02 -2.174855e-22 -6.954500e-02 9.975788e-01 -1.798098e-23 2.157084e-22 3.306248e-23 1.000000e+00 1.024898e-19 4.409643e-19 -6.626405e+00
       1 2.233316e+01 -1.720595e+00 5.552661e-10 3.352274e-02 4.361704e-01 -5.369421e-16 2.233316e+01 -1.720595e+00 5.552661e-10 3.352274e-02 4.361704e-01 -5.369421e-16
       2 -2.239934e+01 1.131720e-02 -5.552661e-10 -4.995843e-05 -2.582620e-01 0.000000e+00 -2.233316e+01 1.720595e+00 -5.552661e-10 -1.975798e-02 -2.575051e-01 -1.278089e-23 9.970841e-01 7.631076e-02 4.088605e-22 -7.631076e-02 9.970841e-01 -8.100479e-23 -4.138499e-22 4.956813e-23 1.000000e+00 -6.424119e-21 8.871151e-19 -6.941231e+00
       1 2.439479e+01 -2.052334e+00 -2.103585e-10 4.000166e-02 4.764343e-01 -5.766798e-16 2.439479e+01 -2.052334e+00 -2.103585e-10 4.000166e-02 4.764343e-01 -5.766798e-16
       2 -2.448096e+01 1.098644e-02 2.103585e-10 -4.619094e-05 -2.822629e-01 0.000000e+00 -2.439479e+01 2.052334e+00 2.103585e-10 -2.358299e-02 -2.812760e-01 2.170187e-24 9.965173e-01 8.338665e-02 -1.911775e-22 -8.338665e-02 9.965173e-01 2.374438e-23 1.924917e-22 -7.720030e-24 1.000000e+00 -8.399764e-20 -1.225334e-18 -7.255885e+00
       1 2.654251e+01 -2.429978e+00 -9.882012e-10 4.737712e-02 5.183798e-01 -6.162553e-16 2.654251e+01 -2.429978e+00 -9.882012e-10 4.737712e-02 5.183798e-01 -6.162553e-16
       2 -2.665351e+01 1.064029e-02 9.882012e-10 -4.225252e-05 -3.073122e-01 0.000000e+00 -2.654251e+01 2.429978e+00 9.882012e-10 -2.793730e-02 -3.060397e-01 7.680008e-23 9.958717e-01 9.077160e-02 -2.938173e-22 -9.077160e-02 9.958717e-01 2.777697e-22 3.178180e-22 -2.499527e-22 1.000000e+00 -3.343043e-19 1.156374e-19 -7.570343e+00
       1 2.877510e+01 -2.857487e+00 6.182722e-10 5.572644e-02 5.619825e-01 -6.554081e-16 2.877510e+01 -2.857487e+00 6.182722e-10 5.572644e-02 5.619825e-01 -6.554081e-16
       2 -2.891663e+01 1.027884e-02 -6.182722e-10 -3.814456e-05 -3.334056e-01 0.000000e+00 -2.877510e+01 2.857487e+00 -6.182722e-10 -3.286654e-02 -3.317817e-01 -2.500009e-23 9.951406e-01 9.846440e-02 1.606957e-22 -9.846440e-02 9.951406e-01 -9.126965e-23 -1.689016e-22 7.500332e-23 1.000000e+00 5.956548e-19 7.963193e-19 -7.884579e+00
       1 3.109113e+01 -3.338954e+00 -4.111669e-10 6.512957e-02 6.072150e-01 -6.938655e-16 3.109113e+01 -3.338954e+00 -4.111669e-10 6.512957e-02 6.072150e-01 -6.938655e-16
       2 -3.126990e+01 9.902175e-03 4.111669e-10 -3.386873e-05 -3.605387e-01 0.000000e+00 -3.109113e+01 3.338954e+00 4.111669e-10 -3.841794e-02 -3.584860e-01 4.583423e-23 9.943166e-01 1.064636e-01 -8.903254e-23 -1.064636e-01 9.943166e-01 1.373964e-22 1.031543e-22 -1.271368e-22 1.000000e+00 -4.587393e-19 -6.516056e-19 -8.198565e+00
       1 3.348903e+01 -3.878600e+00 2.183631e-10 7.566895e-02 6.540463e-01 -7.313425e-16 3.348903e+01 -3.878600e+00 2.183631e-10 7.566895e-02 6.540463e-01 -7.313425e-16
       2 -3.371288e+01 9.510414e-03 -2.183631e-10 -2.942694e-05 -3.887059e-01 0.000000e+00 -3.348903e+01 3.878600e+00 -2.183631e-10 -4.464015e-02 -3.861341e-01 9.109345e-23 9.933923e-01 1.147678e-01 2.748083e-22 -1.147678e-01 9.933923e-01 2.041414e-22 -2.495636e-22 -2.343317e-22 1.000000e+00 -5.630148e-20 6.624431e-19 -8.512270e+00
       1 3.596701e+01 -4.480770e+00 5.237364e-10 8.742942e-02 7.024418e-01 -7.675418e-16 3.596701e+01 -4.480770e+00 5.237364e-10 8.742942e-02 7.024418e-01 -7.675418e-16
       2 -3.624505e+01 9.103695e-03 -5.237364e-10 -2.482143e-05 -4.179015e-01 0.000000e+00 -3.596701e+01 4.480770e+00 -5.237364e-10 -5.158327e-02 -4.147057e-01 -1.475647e-23 9.923601e-01 1.233751e-01 -1.726241e-22 -1.233751e-01 9.923601e-01 -1.411111e-23 1.695643e-22 3.530081e-23 1.000000e+00 4.557391e-19 -7.981047e-19 -8.825662e+00
       1 3.852312e+01 -5.149917e+00 -1.306309e-10 1.004980e-01 7.523631e-01 -8.021541e-16 3.852312e+01 -5.149917e+00 -1.306309e-10 1.004980e-01 7.523631e-01 -8.021541e-16
       2 -3.886583e+01 8.682184e-03 1.306309e-10 -2.005475e-05 -4.481189e-01 0.000000e+00 -3.852312e+01 5.149917e+00 1.306309e-10 -5.929864e-02 -4.441781e-01 1.955178e-23 9.912119e-01 1.322836e-01 -2.241127e-22 -1.322836e-01 9.912119e-01 7.393736e-23 2.319238e-22 -4.364117e-23 1.000000e+00 -2.513503e-19 1.137768e-19 -9.138704e+00
       1 4.115516e+01 -5.890598e+00 -5.080326e-10 1.149636e-01 8.037673e-01 -8.348584e-16 4.115516e+01 -5.890598e+00 -5.080326e-10 1.149636e-01 8.037673e-01 -8.348584e-16
       2 -4.157459e+01 8.246075e-03 5.080326e-10 -1.512980e-05 -4.793506e-01 0.000000e+00 -4.115516e+01 5.890598e+00 5.080326e-10 -6.783883e-02 -4.745260e-01 -5.242385e-23 9.899395e-01 1.414911e-01 7.137027e-23 -1.414911e-01 9.899395e-01 -1.206794e-22 -8.772732e-23 1.093671e-22 1.000000e+00 2.590943e-19 5.075966e-19 -9.451358e+00
       1 4.386072e+01 -6.707462e+00 2.785854e-10 1.309171e-01 8.566073e-01 -8.653216e-16 4.386072e+01 -6.707462e+00 2.785854e-10 1.309171e-01 8.566073e-01 -8.653216e-16
       2 -4.437063e+01 7.795592e-03 -2.785854e-10 -1.004986e-05 -5.115886e-01 0.000000e+00 -4.386072e+01 6.707462e+00 -2.785854e-10 -7.725741e-02 -5.057215e-01 3.520876e-23 9.885345e-01 1.509953e-01 3.954608e-22 -1.509953e-01 9.885345e-01 9.207594e-24 -3.895364e-22 -6.881475e-23 1.000000e+00 -3.383163e-19 2.941392e-19 -9.763585e+00
       1 4.663714e+01 -7.605237e+00 -3.114794e-10 1.484508e-01 9.108311e-01 -8.931995e-16 4.663714e+01 -7.605237e+00 -3.114794e-10 1.484508e-01 9.108311e-01 -8.931995e-16
       2 -4.725317e+01 7.330996e-03 3.114794e-10 -4.818620e-06 -5.448240e-01 0.000000e+00 -4.663714e+01 7.605237e+00 3.114794e-10 -8.760890e-02 -5.377340e-01 6.064158e-25 9.869881e-01 1.607935e-01 -2.912833e-22 -1.607935e-01 9.869881e-01 4.858429e-23 2.953052e-22 -1.115661e-24 1.000000e+00 2.008423e-19 -1.178614e-18 -1.007534e+01
       1 4.948150e+01 -8.588716e+00 9.827636e-10 1.676583e-01 9.663821e-01 -9.181369e-16 4.948150e+01 -8.588716e+00 9.827636e-10 1.676583e-01 9.663821e-01 -9.181369e-16
       2 -5.022136e+01 6.852579e-03 -9.827636e-10 5.598129e-07 -5.790469e-01 0.000000e+00 -4.948150e+01 8.588716e+00 -9.827636e-10 -9.894859e-02 -5.705300e-01 -4.561541e-23 9.852914e-01 1.708828e-01 3.316091e-22 -1.708828e-01 9.852914e-01 -1.374646e-22 -3.502219e-22 7.877636e-23 1.000000e+00 7.913840e-20 1.313439e-18 -1.038658e+01
       1 5.239064e+01 -9.662747e+00 -7.729633e-10 1.886343e-01 1.023198e+00 -9.397678e-16 5.239064e+01 -9.662747e+00 -7.729633e-10 1.886343e-01 1.023198e+00 -9.397678e-16
       2 -5.327426e+01 6.360673e-03 7.729633e-10 6.080876e-06 -6.142466e-01 0.000000e+00 -5.239064e+01 9.662747e+00 7.729633e-10 -1.113323e-01 -6.040728e-01 -7.123732e-23 9.834352e-01 1.812600e-01 -2.885778e-23 -1.812600e-01 9.834352e-01 -1.126098e-22 7.968112e-24 1.159752e-22 1.000000e+00 1.296869e-20 -8.639849e-19 -1.069725e+01
       1 5.536108e+01 -1.083221e+01 8.117798e-10 2.114742e-01 1.081211e+00 -9.577164e-16 5.536108e+01 -1.083221e+01 8.117798e-10 2.114742e-01 1.081211e+00 -9.577164e-16
       2 -5.641087e+01 5.855650e-03 -8.117798e-10 1.173953e-05 -6.504113e-01 0.000000e+00 -5.536108e+01 1.083221e+01 -8.117798e-10 -1.248165e-01 -6.383225e-01 -2.624606e-22 9.814102e-01 1.919217e-01 -9.609307e-23 -1.919217e-01 9.814102e-01 -3.923825e-22 1.900003e-23 4.035305e-22 1.000000e+00 4.246342e-19 1.610352e-19 -1.100730e+01
       1 5.838908e+01 -1.210202e+01 -1.117578e-09 2.362737e-01 1.140348e+00 -9.715972e-16 5.838908e+01 -1.210202e+01 -1.117578e-09 2.362737e-01 1.140348e+00 -9.715972e-16
       2 -5.963005e+01 5.337925e-03 1.117578e-09 1.753022e-05 -6.875281e-01 0.000000e+00 -5.838908e+01 1.210202e+01 1.117578e-09 -1.394576e-01 -6.732359e-01 1.696877e-22 9.792069e-01 2.028640e-01 -4.261491e-23 -2.028640e-01 9.792069e-01 2.608755e-22 9.465106e-23 -2.468060e-22 1.000000e+00 -1.130387e-18 -1.147896e-19 -1.131668e+01
       1 6.147057e+01 -1.347707e+01 1.142764e-10 2.631287e-01 1.200531e+00 -9.810160e-16 6.147057e+01 -1.347707e+01 1.142764e-10 2.631287e-01 1.200531e+00 -9.810160e-16
       2 -6.293062e+01 4.807956e-03 -1.142764e-10 2.344688e-05 -7.255833e-01 0.000000e+00 -6.147057e+01 1.347707e+01 -1.142764e-10 -1.553121e-01 -7.087661e-01 -3.203154e-22 9.768155e-01 2.140830e-01 -1.886963e-22 -2.140830e-01 9.768155e-01 -4.105848e-22 9.642228e-23 4.414622e-22 1.000000e+00 1.359092e-18 3.954051e-20 -1.162532e+01
       1 6.460120e+01 -1.496226e+01 3.223258e-10 2.921347e-01 1.261672e+00 -9.855705e-16 6.460120e+01 -1.496226e+01 3.223258e-10 2.921347e-01 1.261672e+00 -9.855705e-16
       2 -6.631126e+01 4.266247e-03 -3.223258e-10 2.948287e-05 -7.645618e-01 0.000000e+00 -6.460120e+01 1.496226e+01 -3.223258e-10 -1.724366e-01 -7.448626e-01 -3.043070e-22 9.742260e-01 2.255741e-01 -7.380766e-23 -2.255741e-01 9.742260e-01 -3.914545e-22 -1.639664e-23 3.980142e-22 1.000000e+00 -4.115114e-19 1.714924e-19 -1.193318e+01
       1 6.777624e+01 -1.656244e+01 -1.806819e-10 3.233864e-01 1.323681e+00 -9.848512e-16 6.777624e+01 -1.656244e+01 -1.806819e-10 3.233864e-01 1.323681e+00 -9.848512e-16
       2 -6.977058e+01 3.713355e-03 1.806819e-10 3.563101e-05 -8.044473e-01 0.000000e+00 -6.777624e+01 1.656244e+01 1.806819e-10 -1.908869e-01 -7.814715e-01 9.230329e-23 9.714285e-01 2.373325e-01 1.353432e-22 -2.373325e-01 9.714285e-01 8.505498e-23 -1.112900e-22 -1.147462e-22 1.000000e+00 -7.450037e-19 6.496061e-20 -1.224017e+01
       1 7.099067e+01 -1.828239e+01 5.825077e-10 3.569775e-01 1.386460e+00 -9.784425e-16 7.099067e+01 -1.828239e+01 5.825077e-10 3.569775e-01 1.386460e+00 -9.784425e-16
       2 -7.330704e+01 3.149882e-03 -5.825077e-10 4.188349e-05 -8.452223e-01 0.000000e+00 -7.099067e+01 1.828239e+01 -5.825077e-10 -2.107183e-01 -8.185344e-01 7.488316e-23 9.684126e-01 2.493532e-01 1.908913e-22 -2.493532e-01 9.684126e-01 4.234258e-23 -1.743033e-22 -8.860445e-23 1.000000e+00 2.988313e-19 6.058031e-20 -1.254624e+01
       1 7.423911e+01 -2.012685e+01 9.649804e-12 3.930000e-01 1.449902e+00 -9.659235e-16 7.423911e+01 -2.012685e+01 9.649804e-12 3.930000e-01 1.449902e+00 -9.659235e-16
       2 -7.691902e+01 2.576488e-03 -9.649804e-12 4.823190e-05 -8.868681e-01 0.000000e+00 -7.423911e+01 2.012685e+01 -9.649804e-12 -2.319852e-01 -8.559894e-01 -6.041757e-23 9.651681e-01 2.616305e-01 1.295741e-23 -2.616305e-01 9.651681e-01 -7.409379e-23 -3.189128e-23 6.812291e-23 1.000000e+00 2.248479e-19 -2.370420e-19 -1.285132e+01
       1 7.751581e+01 -2.210040e+01 -7.572655e-10 4.315438e-01 1.513897e+00 -9.468694e-16 7.751581e+01 -2.210040e+01 -7.572655e-10 4.315438e-01 1.513897e+00 -9.468694e-16
       2 -8.060477e+01 1.993882e-03 7.572655e-10 5.466719e-05 -9.293644e-01 0.000000e+00 -7.751581e+01 2.210040e+01 7.572655e-10 -2.547406e-01 -8.937703e-01 5.027197e-22 9.616845e-01 2.741585e-01 7.482712e-23 -2.741585e-01 9.616845e-01 5.411438e-22 7.639909e-23 -5.409241e-22 1.000000e+00 -9.922098e-19 -9.957840e-20 -1.315533e+01
       1 8.081468e+01 -2.420753e+01 6.514637e-10 4.726963e-01 1.578324e+00 -9.208529e-16 8.081468e+01 -2.420753e+01 6.514637e-10 4.726963e-01 1.578324e+00 -9.208529e-16
       2 -8.436242e+01 1.402833e-03 -6.514637e-10 6.117966e-05 -9.726897e-01 0.000000e+00 -8.081468e+01 2.420753e+01 -6.514637e-10 -2.790361e-01 -9.318069e-01 1.923588e-22 9.579513e-01 2.869309e-01 1.488121e-22 -2.869309e-01 9.579513e-01 1.618735e-22 -9.610825e-23 -1.977657e-22 1.000000e+00 8.141034e-19 3.232916e-19 -1.345819e+01
       1 8.412927e+01 -2.645253e+01 -2.399536e-10 5.165417e-01 1.643059e+00 -8.874451e-16 8.412927e+01 -2.645253e+01 -2.399536e-10 5.165417e-01 1.643059e+00 -8.874451e-16
       2 -8.818997e+01 8.041662e-04 2.399536e-10 6.775894e-05 -1.016821e+00 0.000000e+00 -8.412927e+01 2.645253e+01 2.399536e-10 -3.049214e-01 -9.700246e-01 -2.443647e-22 9.539578e-01 2.999408e-01 7.940813e-23 -2.999408e-01 9.539578e-01 -2.768774e-22 -1.587988e-22 2.403116e-22 1.000000e+00 4.880348e-19 1.915870e-20 -1.375982e+01
       1 8.745274e+01 -2.883955e+01 8.868125e-11 5.631605e-01 1.707967e+00 -8.462176e-16 8.745274e+01 -2.883955e+01 8.868125e-11 5.631605e-01 1.707967e+00 -8.462176e-16
       2 -9.208529e+01 1.987633e-04 -8.868125e-11 7.439401e-05 -1.061734e+00 0.000000e+00 -8.745274e+01 2.883955e+01 -8.868125e-11 -3.324441e-01 -1.008345e+00 -4.578581e-19 9.496935e-01 3.131810e-01 -1.423196e-19 -3.131810e-01 9.496935e-01 -4.071472e-19 7.649182e-21 4.312368e-19 1.000000e+00 6.462834e-16 -1.176334e-17 -1.406015e+01
       1 9.077789e+01 -3.137248e+01 -7.396729e-11 6.126291e-01 1.772907e+00 -7.967437e-16 9.077789e+01 -3.137248e+01 -7.396729e-11 6.126291e-01 1.772907e+00 -7.967437e-16
       2 -9.604612e+01 -4.124331e-04 7.396729e-11 8.107313e-05 -1.107402e+00 0.000000e+00 -9.077789e+01 3.137248e+01 7.396729e-11 -3.616492e-01 -1.046684e+00 -4.928718e-19 9.451475e-01 3.266438e-01 -1.299615e-19 -3.266438e-01 9.451475e-01 -4.259845e-19 -1.631243e-20 4.450693e-19 1.000000e+00 -1.947746e-16 2.958668e-17 -1.435908e+01
       1 9.409716e+01 -3.405499e+01 -1.484246e-10 6.650188e-01 1.837733e+00 -7.386004e-16 9.409716e+01 -3.405499e+01 -1.484246e-10 6.650188e-01 1.837733e+00 -7.386004e-16
       2 -1.000701e+02 -1.028421e-03 1.484246e-10 8.778389e-05 -1.153797e+00 0.000000e+00 -9.409716e+01 3.405499e+01 1.484246e-10 -3.925790e-01 -1.084956e+00 2.104396e-18 9.403093e-01 3.403211e-01 6.319738e-19 -3.403211e-01 9.403093e-01 1.710941e-18 -1.198144e-20 -1.823888e-18 1.000000e+00 -3.409911e-15 -3.249567e-17 -1.465651e+01
       1 9.740262e+01 -3.689044e+01 -3.080040e-10 7.203958e-01 1.902290e+00 -6.713701e-16 9.740262e+01 -3.689044e+01 -3.080040e-10 7.203958e-01 1.902290e+00 -6.713701e-16
       2 -1.041546e+02 -1.648138e-03 3.080040e-10 9.451318e-05 -1.200891e+00 0.000000e+00 -9.740262e+01 3.689044e+01 3.080040e-10 -4.252723e-01 -1.123069e+00 1.624512e-18 9.351681e-01 3.542042e-01 5.042361e-19 -3.542042e-01 9.351681e-01 1.255555e-18 -2.682284e-20 -1.352757e-18 1.000000e+00 1.840484e-15 7.911216e-17 -1.495237e+01
       1 1.006860e+02 -3.988192e+01 1.243332e-10 7.788198e-01 1.966414e+00 -5.946427e-16 1.006860e+02 -3.988192e+01 1.243332e-10 7.788198e-01 1.966414e+00 -5.946427e-16
       2 -1.082970e+02 -2.270461e-03 -1.243332e-10 1.012472e-04 -1.248652e+00 0.000000e+00 -1.006860e+02 3.988192e+01 -1.243332e-10 -4.597645e-01 -1.160926e+00 -1.670934e-18 9.297134e-01 3.682839e-01 -4.882802e-19 -3.682839e-01 9.297134e-01 -1.245936e-18 -4.897782e-21 1.338190e-18 1.000000e+00 3.800665e-15 1.615598e-17 -1.524655e+01
       1 1.039386e+02 -4.303214e+01 7.033064e-10 8.403441e-01 2.029938e+00 -5.080177e-16 1.039386e+02 -4.303214e+01 7.033064e-10 8.403441e-01 2.029938e+00 -5.080177e-16
       2 -1.124944e+02 -2.894208e-03 -7.033064e-10 1.079715e-04 -1.297048e+00 0.000000e+00 -1.039386e+02 4.303214e+01 -7.033064e-10 -4.960870e-01 -1.198429e+00 1.062233e-19 9.239345e-01 3.825507e-01 1.306416e-20 -3.825507e-01 9.239345e-01 8.322760e-20 1.976835e-20 -8.189455e-20 1.000000e+00 -3.471516e-15 -1.121792e-16 -1.553894e+01
       1 1.071514e+02 -4.634344e+01 -8.288722e-10 9.050145e-01 2.092685e+00 -4.111062e-16 1.071514e+02 -4.634344e+01 -8.288722e-10 9.050145e-01 2.092685e+00 -4.111062e-16
       2 -1.167439e+02 -3.518138e-03 8.288722e-10 1.146708e-04 -1.346045e+00 0.000000e+00 -1.071514e+02 4.634344e+01 8.288722e-10 -5.342669e-01 -1.235474e+00 2.806542e-18 9.178210e-01 3.969944e-01 8.337706e-19 -3.969944e-01 9.178210e-01 1.911078e-18 -6.565020e-21 -2.085030e-18 1.000000e+00 -2.296430e-15 2.426202e-17 -1.582945e+01
       1 1.103151e+02 -4.981776e+01 2.162924e-10 9.728685e-01 2.154473e+00 -3.035332e-16 1.103151e+02 -4.981776e+01 2.162924e-10 9.728685e-01 2.154473e+00 -3.035332e-16
       2 -1.210423e+02 -4.140949e-03 -2.162924e-10 1.213294e-04 -1.395605e+00 0.000000e+00 -1.103151e+02 4.981776e+01 -2.162924e-10 -5.743264e-01 -1.271952e+00 -1.722284e-19 9.113627e-01 4.116043e-01 -3.230346e-20 -4.116043e-01 9.113627e-01 -1.208188e-19 -2.028935e-20 1.234060e-19 1.000000e+00 4.309179e-15 1.250410e-16 -1.611797e+01
       1 1.134202e+02 -5.345658e+01 9.157630e-10 1.043935e+00 2.215115e+00 -1.849402e-16 1.134202e+02 -5.345658e+01 9.157630e-10 1.043935e+00 2.215115e+00 -1.849402e-16
       2 -1.253864e+02 -4.761285e-03 -9.157630e-10 1.279308e-04 -1.445691e+00 0.000000e+00 -1.134202e+02 5.345658e+01 -9.157630e-10 -6.162826e-01 -1.307754e+00 -3.400235e-19 9.045492e-01 4.263692e-01 -1.189343e-19 -4.263692e-01 9.045492e-01 -2.039577e-19 2.062062e-20 2.351997e-19 1.000000e+00 -9.326170e-16 -7.488104e-17 -1.640439e+01
       1 1.164565e+02 -5.726090e+01 -3.350632e-10 1.118234e+00 2.274415e+00 -5.498763e-17 1.164565e+02 -5.726090e+01 -3.350632e-10 1.118234e+00 2.274415e+00 -5.498763e-17
       2 -1.297726e+02 -5.377735e-03 3.350632e-10 1.344579e-04 -1.496264e+00 0.000000e+00 -1.164565e+02 5.726090e+01 3.350632e-10 -6.601470e-01 -1.342763e+00 -1.666177e-19 8.973707e-01 4.412775e-01 -3.518738e-20 -4.412775e-01 8.973707e-01 -1.067865e-19 -1.554633e-20 1.113544e-19 1.000000e+00 -2.384058e-16 -1.305470e-18 -1.668859e+01
       1 1.194139e+02 -6.123120e+01 -5.991900e-10 1.195775e+00 2.332174e+00 8.664300e-17 1.194139e+02 -6.123120e+01 -5.991900e-10 1.195775e+00 2.332174e+00 8.664300e-17
       2 -1.341974e+02 -5.988832e-03 5.991900e-10 1.408931e-04 -1.547282e+00 0.000000e+00 -1.194139e+02 6.123120e+01 5.991900e-10 -7.059253e-01 -1.376863e+00 -7.094866e-20 8.898174e-01 4.563168e-01 -2.974085e-20 -4.563168e-01 8.898174e-01 -3.628092e-20 9.908335e-21 4.585464e-20 1.000000e+00 -4.028698e-17 -2.803423e-17 -1.697047e+01
       1 1.222820e+02 -6.536743e+01 1.920880e-10 1.276556e+00 2.388187e+00 2.402460e-16 1.222820e+02 -6.536743e+01 1.920880e-10 1.276556e+00 2.388187e+00 2.402460e-16
       2 -1.386570e+02 -6.593063e-03 -1.920880e-10 1.472181e-04 -1.598701e+00 0.000000e+00 -1.222820e+02 6.536743e+01 -1.920880e-10 -7.536167e-01 -1.409931e+00 -1.999821e-18 8.818798e-01 4.714744e-01 -5.540450e-19 -4.714744e-01 8.818798e-01 -1.122241e-18 -4.050703e-20 1.250900e-18 1.000000e+00 1.840335e-15 9.249728e-17 -1.724988e+01
       1 1.250499e+02 -6.966893e+01 6.222084e-10 1.360565e+00 2.442245e+00 4.060892e-16 1.250499e+02 -6.966893e+01 6.222084e-10 1.360565e+00 2.442245e+00 4.060892e-16
       2 -1.431476e+02 -7.188868e-03 -6.222084e-10 1.534141e-04 -1.650476e+00 0.000000e+00 -1.250499e+02 6.966893e+01 -6.222084e-10 -8.032138e-01 -1.441846e+00 5.735022e-18 8.735486e-01 4.867369e-01 1.683741e-18 -4.867369e-01 8.735486e-01 3.039588e-18 8.649851e-21 -3.474767e-18 1.000000e+00 -7.689044e-15 -1.351259e-16 -1.752673e+01
       1 1.277068e+02 -7.413446e+01 -3.063364e-10 1.447778e+00 2.494135e+00 5.844112e-16 1.277068e+02 -7.413446e+01 -3.063364e-10 1.447778e+00 2.494135e+00 5.844112e-16
       2 -1.476650e+02 -7.774642e-03 3.063364e-10 1.594620e-04 -1.702561e+00 0.000000e+00 -1.277068e+02 7.413446e+01 3.063364e-10 -8.547020e-01 -1.472481e+00 2.378240e-18 8.648150e-01 5.020906e-01 6.993289e-19 -5.020906e-01 8.648150e-01 1.209199e-18 2.337489e-21 -1.396860e-18 1.000000e+00 5.478245e-15 1.252939e-16 -1.780087e+01
       1 1.302416e+02 -7.876210e+01 -1.723754e-10 1.538156e+00 2.543640e+00 7.754183e-16 1.302416e+02 -7.876210e+01 -1.723754e-10 1.538156e+00 2.543640e+00 7.754183e-16
       2 -1.522049e+02 -8.348744e-03 1.723754e-10 1.653422e-04 -1.754907e+00 0.000000e+00 -1.302416e+02 7.876210e+01 1.723754e-10 -9.080595e-01 -1.501707e+00 -1.636727e-18 8.556705e-01 5.175210e-01 -4.705257e-19 -5.175210e-01 8.556705e-01 -8.053911e-19 -1.419179e-20 9.326563e-19 1.000000e+00 2.451231e-15 1.398654e-16 -1.807219e+01
       1 1.326431e+02 -8.354927e+01 4.187380e-10 1.631651e+00 2.590542e+00 9.792826e-16 1.326431e+02 -8.354927e+01 4.187380e-10 1.631651e+00 2.590542e+00 9.792826e-16
       2 -1.567631e+02 -8.909499e-03 -4.187380e-10 1.710347e-04 -1.807462e+00 0.000000e+00 -1.326431e+02 8.354927e+01 -4.187380e-10 -9.632564e-01 -1.529397e+00 6.992783e-20 8.461069e-01 5.330132e-01 1.390249e-20 -5.330132e-01 8.461069e-01 3.696631e-20 7.940543e-21 -3.868766e-20 1.000000e+00 -2.610934e-15 -2.031463e-16 -1.834055e+01
       1 1.349000e+02 -8.849271e+01 -8.410829e-10 1.728197e+00 2.634620e+00 1.196139e-15 1.349000e+02 -8.849271e+01 -8.410829e-10 1.728197e+00 2.634620e+00 1.196139e-15
       2 -1.613350e+02 -9.455203e-03 8.410829e-10 1.765192e-04 -1.860175e+00 0.000000e+00 -1.349000e+02 8.849271e+01 8.410829e-10 -1.020255e+00 -1.555420e+00 5.466272e-18 8.361165e-01 5.485519e-01 1.614597e-18 -5.485519e-01 8.361165e-01 2.455267e-18 -3.149942e-21 -2.938579e-18 1.000000e+00 -3.867224e-15 2.163231e-17 -1.860582e+01
       1 1.370010e+02 -9.358839e+01 -5.527028e-11 1.827716e+00 2.675653e+00 1.426081e-15 1.370010e+02 -9.358839e+01 -5.527028e-11 1.827716e+00 2.675653e+00 1.426081e-15
       2 -1.659159e+02 -9.984131e-03 5.527027e-11 1.817752e-04 -1.912992e+00 0.000000e+00 -1.370010e+02 9.358839e+01 5.527028e-11 -1.079009e+00 -1.579645e+00 1.603812e-18 8.256921e-01 5.641211e-01 4.956183e-19 -5.641211e-01 8.256921e-01 6.767569e-19 -2.745519e-20 -8.383816e-19 1.000000e+00 4.591620e-15 1.802093e-16 -1.886786e+01
       1 1.389348e+02 -9.883159e+01 3.472483e-10 1.930117e+00 2.713420e+00 1.669161e-15 1.389348e+02 -9.883159e+01 3.472483e-10 1.930117e+00 2.713420e+00 1.669161e-15
       2 -1.705009e+02 -1.049454e-02 -3.472483e-10 1.867822e-04 -1.965857e+00 0.000000e+00 -1.389348e+02 9.883159e+01 -3.472483e-10 -1.139464e+00 -1.601942e+00 -3.899343e-18 8.148268e-01 5.797044e-01 -1.153553e-18 -5.797044e-01 8.148268e-01 -1.613612e-18 4.527881e-21 1.983534e-18 1.000000e+00 3.187291e-15 -2.082296e-17 -1.912653e+01
       1 1.406900e+02 -1.042168e+02 4.200688e-10 2.035290e+00 2.747700e+00 1.925386e-15 1.406900e+02 -1.042168e+02 4.200688e-10 2.035290e+00 2.747700e+00 1.925386e-15
       2 -1.750852e+02 -1.098469e-02 -4.200688e-10 1.915194e-04 -2.018714e+00 0.000000e+00 -1.406900e+02 1.042168e+02 -4.200688e-10 -1.201556e+00 -1.622180e+00 -6.497623e-18 8.035146e-01 5.952850e-01 -1.914305e-18 -5.952850e-01 8.035146e-01 -2.587554e-18 -2.159786e-21 3.218695e-18 1.000000e+00 4.504986e-16 -1.427304e-16 -1.938170e+01
       1 1.422556e+02 -1.097376e+02 1.016914e-10 2.143114e+00 2.778276e+00 2.194715e-15 1.422556e+02 -1.097376e+02 1.016914e-10 2.143114e+00 2.778276e+00 2.194715e-15
       2 -1.796636e+02 -1.145281e-02 -1.016914e-10 1.959663e-04 -2.071502e+00 0.000000e+00 -1.422556e+02 1.097376e+02 -1.016914e-10 -1.265213e+00 -1.640231e+00 3.741068e-18 7.917498e-01 6.108456e-01 1.114824e-18 -6.108456e-01 7.917498e-01 1.420885e-18 -1.471996e-20 -1.805970e-18 1.000000e+00 -8.158008e-15 -9.458394e-17 -1.963322e+01
       1 1.436204e+02 -1.153871e+02 -4.166336e-10 2.253449e+00 2.804931e+00 2.477058e-15 1.436204e+02 -1.153871e+02 -4.166336e-10 2.253449e+00 2.804931e+00 2.477058e-15
       2 -1.842309e+02 -1.189717e-02 4.166336e-10 2.001022e-04 -2.124162e+00 0.000000e+00 -1.436204e+02 1.153871e+02 4.166336e-10 -1.330352e+00 -1.655968e+00 8.289806e-18 7.795273e-01 6.263683e-01 2.434444e-18 -6.263683e-01 7.795273e-01 3.050264e-18 1.287271e-20 -3.902623e-18 1.000000e+00 -6.409639e-16 7.218776e-17 -1.988095e+01
       1 1.447738e+02 -1.211572e+02 8.937253e-11 2.366141e+00 2.827456e+00 2.772273e-15 1.447738e+02 -1.211572e+02 8.937253e-11 2.366141e+00 2.827456e+00 2.772273e-15
       2 -1.887817e+02 -1.231604e-02 -8.937252e-11 2.039069e-04 -2.176633e+00 0.000000e+00 -1.447738e+02 1.211572e+02 -8.937253e-11 -1.396883e+00 -1.669266e+00 -7.099784e-18 7.668428e-01 6.418349e-01 -2.110926e-18 -6.418349e-01 7.668428e-01 -2.486762e-18 2.265722e-20 3.261822e-18 1.000000e+00 1.178993e-14 2.447416e-16 -2.012475e+01
       1 1.457051e+02 -1.270394e+02 -5.369705e-10 2.481020e+00 2.845646e+00 3.080164e-15 1.457051e+02 -1.270394e+02 -5.369705e-10 2.481020e+00 2.845646e+00 3.080164e-15
       2 -1.933106e+02 -1.270771e-02 5.369705e-10 2.073605e-04 -2.228851e+00 0.000000e+00 -1.457051e+02 1.270394e+02 5.369705e-10 -1.464705e+00 -1.680005e+00 -3.485645e-18 7.536926e-01 6.572271e-01 -1.018729e-18 -6.572271e-01 7.536926e-01 -1.186609e-18 -1.206360e-20 1.563875e-18 1.000000e+00 -6.114931e-15 -1.407839e-16 -2.036446e+01
       1 1.464043e+02 -1.330240e+02 7.318102e-10 2.597900e+00 2.859300e+00 3.400479e-15 1.464043e+02 -1.330240e+02 7.318102e-10 2.597900e+00 2.859300e+00 3.400479e-15
       2 -1.978120e+02 -1.307051e-02 -7.318102e-10 2.104434e-04 -2.280752e+00 0.000000e+00 -1.464043e+02 1.330240e+02 -7.318102e-10 -1.533708e+00 -1.688066e+00 2.974190e-18 7.400738e-01 6.725257e-01 8.677955e-19 -6.725257e-01 7.400738e-01 9.734485e-19 1.243644e-20 -1.304038e-18 1.000000e+00 -3.445672e-15 -2.719002e-16 -2.059995e+01
       1 1.468615e+02 -1.391008e+02 -9.918960e-10 2.716581e+00 2.868229e+00 3.732909e-15 1.468615e+02 -1.391008e+02 -9.918960e-10 2.716581e+00 2.868229e+00 3.732909e-15
       2 -2.022803e+02 -1.340280e-02 9.918960e-10 2.131365e-04 -2.332270e+00 0.000000e+00 -1.468615e+02 1.391008e+02 9.918960e-10 -1.603775e+00 -1.693337e+00 -7.278369e-19 7.259840e-01 6.877116e-01 -2.137156e-19 -6.877116e-01 7.259840e-01 -2.274120e-19 -1.239797e-21 3.120722e-19 1.000000e+00 3.838040e-15 2.641257e-16 -2.083106e+01
       1 1.470674e+02 -1.452586e+02 3.012613e-10 2.836844e+00 2.872251e+00 4.077089e-15 1.470674e+02 -1.452586e+02 3.012613e-10 2.836844e+00 2.872251e+00 4.077089e-15
       2 -2.067097e+02 -1.370300e-02 -3.012613e-10 2.154217e-04 -2.383340e+00 0.000000e+00 -1.470674e+02 1.452586e+02 -3.012613e-10 -1.674775e+00 -1.695712e+00 3.208105e-18 7.114219e-01 7.027652e-01 9.448086e-19 -7.027652e-01 7.114219e-01 9.587493e-19 1.618130e-21 -1.346054e-18 1.000000e+00 -3.293312e-15 1.215100e-18 -2.105765e+01
       1 1.470133e+02 -1.514857e+02 8.854125e-10 2.958460e+00 2.871194e+00 4.432594e-15 1.470133e+02 -1.514857e+02 8.854125e-10 2.958460e+00 2.871194e+00 4.432594e-15
       2 -2.110943e+02 -1.393601e-02 -8.854125e-10 2.168935e-04 -2.433895e+00 0.000000e+00 -1.470133e+02 1.514857e+02 -8.854125e-10 -1.746574e+00 -1.695088e+00 -3.435299e-23 6.963868e-01 7.176667e-01 -9.931922e-24 -7.176667e-01 6.963868e-01 -1.003261e-23 -2.836105e-25 1.411439e-23 1.000000e+00 2.858437e-15 -3.443860e-17 -2.127956e+01
       1 1.466910e+02 -1.577692e+02 -4.644971e-10 3.081179e+00 2.864899e+00 4.798934e-15 1.466910e+02 -1.577692e+02 -4.644971e-10 3.081179e+00 2.864899e+00 4.798934e-15
       2 -2.154283e+02 -1.416768e-02 4.644971e-10 2.183122e-04 -2.483866e+00 0.000000e+00 -1.466910e+02 1.577692e+02 4.644971e-10 -1.819025e+00 -1.691371e+00 1.088782e-22 6.808788e-01 7.323961e-01 3.206565e-23 -7.323961e-01 6.808788e-01 2.988698e-23 5.628992e-26 -4.383417e-23 1.000000e+00 -6.779452e-16 4.991261e-17 -2.149666e+01
       1 1.460929e+02 -1.640960e+02 -5.387510e-10 3.204742e+00 2.853219e+00 5.175568e-15 1.460929e+02 -1.640960e+02 -5.387510e-10 3.204742e+00 2.853219e+00 5.175568e-15
       2 -2.197058e+02 -1.436144e-02 5.387510e-10 2.192557e-04 -2.533184e+00 0.000000e+00 -1.460929e+02 1.640960e+02 5.387510e-10 -1.891974e+00 -1.684476e+00 4.422845e-23 6.648991e-01 7.469332e-01 1.257130e-23 -7.469332e-01 6.648991e-01 1.213664e-23 7.066108e-25 -1.745956e-23 1.000000e+00 2.818021e-18 -6.419304e-17 -2.170878e+01
       1 1.452123e+02 -1.704519e+02 8.620110e-10 3.328874e+00 2.836021e+00 5.561888e-15 1.452123e+02 -1.704519e+02 8.620110e-10 3.328874e+00 2.836021e+00 5.561888e-15
       2 -2.239207e+02 -1.451783e-02 -8.620110e-10 2.197303e-04 -2.581782e+00 0.000000e+00 -1.452123e+02 1.704519e+02 -8.620110e-10 -1.965259e+00 -1.674323e+00 8.404376e-23 6.484496e-01 7.612576e-01 2.492779e-23 -7.612576e-01 6.484496e-01 2.093635e-23 -2.264554e-25 -3.255264e-23 1.000000e+00 -2.231805e-18 2.462188e-17 -2.191579e+01
       1 1.440432e+02 -1.768223e+02 -3.775280e-10 3.453289e+00 2.813188e+00 5.957229e-15 1.440432e+02 -1.768223e+02 -3.775280e-10 3.453289e+00 2.813188e+00 5.957229e-15
       2 -2.280670e+02 -1.463536e-02 3.775280e-10 2.197193e-04 -2.629589e+00 0.000000e+00 -1.440432e+02 1.768223e+02 3.775280e-10 -2.038710e+00 -1.660843e+00 1.147524e-24 6.315331e-01 7.753489e-01 2.621007e-25 -7.753489e-01 6.315331e-01 3.691962e-25 1.207306e-25 -4.363791e-25 1.000000e+00 -8.573786e-19 5.611105e-22 -2.211753e+01
       1 1.425804e+02 -1.831918e+02 -3.755986e-10 3.577686e+00 2.784620e+00 6.360869e-15 1.425804e+02 -1.831918e+02 -3.755986e-10 3.577686e+00 2.784620e+00 6.360869e-15
       2 -2.321388e+02 -1.471299e-02 3.755986e-10 2.192109e-04 -2.676536e+00 0.000000e+00 -1.425804e+02 1.831918e+02 3.755986e-10 -2.112152e+00 -1.643976e+00 8.655814e-23 6.141534e-01 7.891867e-01 2.598898e-23 -7.891867e-01 6.141534e-01 1.926151e-23 -7.602972e-25 -3.233968e-23 1.000000e+00 8.508710e-19 1.479950e-19 -2.231385e+01
       1 1.408197e+02 -1.895446e+02 -3.126598e-10 3.701757e+00 2.750232e+00 6.772026e-15 1.408197e+02 -1.895446e+02 -3.126598e-10 3.701757e+00 2.750232e+00 6.772026e-15
       2 -2.361299e+02 -1.474978e-02 3.126598e-10 2.181947e-04 -2.722553e+00 0.000000e+00 -1.408197e+02 1.895446e+02 3.126598e-10 -2.185400e+00 -1.623675e+00 1.759293e-22 5.963152e-01 8.027504e-01 5.171009e-23 -8.027504e-01 5.963152e-01 3.875289e-23 2.733832e-25 -6.461923e-23 1.000000e+00 -2.400171e-20 -2.256323e-20 -2.250462e+01
       1 1.387577e+02 -1.958643e+02 6.167176e-10 3.825181e+00 2.709962e+00 7.189863e-15 1.387577e+02 -1.958643e+02 6.167176e-10 3.825181e+00 2.709962e+00 7.189863e-15
