       1 -5.654319e-19 -1.832302e-20 5.000000e-03 1.000000e+00 0.000000e+00 0.000000e+00 0.000000e+00 1.000000e+00 0.000000e+00 0.000000e+00 0.000000e+00 1.000000e+00 0.000000e+00 0.000000e+00 0.000000e+00 0.000000e+00 0.000000e+00 0.000000e+00
       2 4.400354e-03 -4.980601e-02 5.000000e-03 9.961199e-01 -8.800705e-02 5.652258e-22 8.800705e-02 9.961199e-01 -6.912094e-21 4.528039e-23 6.935018e-21 1.000000e+00 0.000000e+00 0.000000e+00 0.000000e+00 0.000000e+00 0.000000e+00 0.000000e+00
       1 -5.654319e-19 -1.832302e-20 5.000000e-03 1.000000e+00 0.000000e+00 0.000000e+00 0.000000e+00 1.000000e+00 0.000000e+00 0.000000e+00 0.000000e+00 1.000000e+00 0.000000e+00 -5.289085e-31 1.597403e-13 0.000000e+00 0.000000e+00 0.000000e+00
       2 3.891870e-03 -4.984830e-02 5.000000e-03 9.969661e-01 -7.783740e-02 -1.091167e-28 7.783740e-02 9.969661e-01 1.211468e-27 1.448810e-29 -1.216286e-27 1.000000e+00 -2.487140e-02 -1.941853e-03 1.182889e-13 -3.824532e-24 3.512444e-25 -4.989418e-01
       1 -5.654319e-19 -1.832302e-20 5.000000e-03 1.000000e+00 0.000000e+00 0.000000e+00 0.000000e+00 1.000000e+00 0.000000e+00 0.000000e+00 0.000000e+00 1.000000e+00 0.000000e+00 8.395682e-30 -2.755095e-12 0.000000e+00 0.000000e+00 0.000000e+00
       2 2.486392e-03 -4.993814e-02 5.000000e-03 9.987628e-01 -4.972784e-02 4.126711e-27 4.972784e-02 9.987628e-01 -7.986476e-26 -1.501037e-28 7.997116e-26 1.000000e+00 -4.403372e-02 -2.191974e-03 -7.797079e-14 1.198445e-21 6.201568e-23 -8.817653e-01
       1 -5.654319e-19 -1.832302e-20 5.000000e-03 1.000000e+00 0.000000e+00 0.000000e+00 0.000000e+00 1.000000e+00 0.000000e+00 0.000000e+00 0.000000e+00 1.000000e+00 0.000000e+00 -4.834084e-32 1.360717e-14 0.000000e+00 0.000000e+00 0.000000e+00
       2 5.052874e-04 -4.999745e-02 5.000000e-03 9.999489e-01 -1.010575e-02 -1.131367e-30 1.010575e-02 9.999489e-01 5.232419e-29 6.025328e-31 -5.233294e-29 1.000000e+00 -5.306321e-02 -5.362717e-04 1.572155e-14 -2.111163e-24 -3.084496e-26 -1.061318e+00
       1 -5.654319e-19 -1.832302e-20 5.000000e-03 1.000000e+00 0.000000e+00 0.000000e+00 0.000000e+00 1.000000e+00 0.000000e+00 0.000000e+00 0.000000e+00 1.000000e+00 0.000000e+00 -4.862973e-32 1.672967e-14 0.000000e+00 0.000000e+00 0.000000e+00
       2 -1.593162e-03 -4.997461e-02 5.000000e-03 9.994922e-01 3.186324e-02 -1.199697e-29 -3.186324e-02 9.994922e-01 -2.206395e-28 4.960591e-30 2.209097e-28 1.000000e+00 -4.977667e-02 1.586854e-03 8.874566e-15 5.427802e-24 -4.519798e-25 -9.960391e-01
       1 -5.654319e-19 -1.832302e-20 5.000000e-03 1.000000e+00 0.000000e+00 0.000000e+00 0.000000e+00 1.000000e+00 0.000000e+00 0.000000e+00 0.000000e+00 1.000000e+00 0.000000e+00 -6.000235e-30 1.649902e-12 0.000000e+00 0.000000e+00 0.000000e+00
       2 -3.322081e-03 -4.988952e-02 5.000000e-03 9.977903e-01 6.644163e-02 1.209650e-29 -6.644163e-02 9.977903e-01 2.257978e-28 2.932605e-30 -2.261026e-28 1.000000e+00 -3.497295e-02 2.329578e-03 1.804820e-12 7.314437e-23 -6.894273e-24 -7.010086e-01
       1 -5.654319e-19 -1.832302e-20 5.000000e-03 1.000000e+00 0.000000e+00 0.000000e+00 0.000000e+00 1.000000e+00 0.000000e+00 0.000000e+00 0.000000e+00 1.000000e+00 0.000000e+00 -3.473896e-32 1.010997e-14 0.000000e+00 0.000000e+00 0.000000e+00
       2 -4.283757e-03 -4.981616e-02 5.000000e-03 9.963231e-01 8.567514e-02 4.006298e-29 -8.567514e-02 9.963231e-01 6.279692e-28 1.388568e-29 -6.290926e-28 1.000000e+00 -1.218187e-02 1.047537e-03 7.534203e-15 -7.315070e-24 1.051605e-24 -2.445365e-01
       1 -5.654319e-19 -1.832302e-20 5.000000e-03 1.000000e+00 0.000000e+00 0.000000e+00 0.000000e+00 1.000000e+00 0.000000e+00 0.000000e+00 0.000000e+00 1.000000e+00 0.000000e+00 -3.162594e-30 7.912698e-13 0.000000e+00 0.000000e+00 0.000000e+00
       2 -4.259695e-03 -4.981822e-02 5.000000e-03 9.963644e-01 8.519389e-02 3.521703e-28 -8.519389e-02 9.963644e-01 4.331227e-28 -3.139905e-28 -4.615508e-28 1.000000e+00 1.340476e-02 -1.146334e-03 3.357895e-13 -9.230793e-24 7.522750e-24 2.690737e-01
       1 -5.654319e-19 -1.832302e-20 5.000000e-03 1.000000e+00 0.000000e+00 0.000000e+00 0.000000e+00 1.000000e+00 0.000000e+00 0.000000e+00 0.000000e+00 1.000000e+00 0.000000e+00 -7.648109e-31 2.870343e-13 0.000000e+00 0.000000e+00 0.000000e+00
       2 -3.255331e-03 -4.989392e-02 5.000000e-03 9.978783e-01 6.510661e-02 4.370785e-29 -6.510661e-02 9.978783e-01 1.566289e-27 5.836066e-29 -1.565812e-27 1.000000e+00 3.588696e-02 -2.341551e-03 2.595852e-13 -2.634890e-24 1.006877e-24 7.192654e-01
       1 -5.654319e-19 -1.832302e-20 5.000000e-03 1.000000e+00 0.000000e+00 0.000000e+00 0.000000e+00 1.000000e+00 0.000000e+00 0.000000e+00 0.000000e+00 1.000000e+00 0.000000e+00 -8.199406e-30 2.047362e-12 0.000000e+00 0.000000e+00 0.000000e+00
       2 -1.498945e-03 -4.997753e-02 5.000000e-03 9.995505e-01 2.997890e-02 5.868747e-28 -2.997890e-02 9.995505e-01 3.753394e-26 5.386155e-28 -3.753466e-26 1.000000e+00 5.020812e-02 -1.506525e-03 3.534335e-12 -5.644725e-22 8.831175e-24 1.004613e+00
       1 -5.654319e-19 -1.832302e-20 5.000000e-03 1.000000e+00 0.000000e+00 0.000000e+00 0.000000e+00 1.000000e+00 0.000000e+00 0.000000e+00 0.000000e+00 1.000000e+00 0.000000e+00 -7.449979e-31 5.977510e-13 0.000000e+00 0.000000e+00 0.000000e+00
       2 6.051537e-04 -4.999634e-02 5.000000e-03 9.999268e-01 -1.210307e-02 -4.175458e-30 1.210307e-02 9.999268e-01 -4.292826e-27 5.613155e-29 4.292461e-27 1.000000e+00 5.291063e-02 6.404652e-04 6.648098e-13 -2.125717e-22 9.869263e-24 1.058290e+00
       1 -5.654319e-19 -1.832302e-20 5.000000e-03 1.000000e+00 0.000000e+00 0.000000e+00 0.000000e+00 1.000000e+00 0.000000e+00 0.000000e+00 0.000000e+00 1.000000e+00 0.000000e+00 -1.089347e-29 3.622637e-12 0.000000e+00 0.000000e+00 0.000000e+00
       2 2.568742e-03 -4.993397e-02 5.000000e-03 9.986794e-01 -5.137485e-02 -1.146050e-28 5.137485e-02 9.986794e-01 -1.156493e-26 7.086004e-28 1.154377e-26 1.000000e+00 4.333188e-02 2.229878e-03 1.732439e-12 3.044879e-22 -3.512620e-24 8.677835e-01
       1 -5.654319e-19 -1.832302e-20 5.000000e-03 1.000000e+00 0.000000e+00 0.000000e+00 0.000000e+00 1.000000e+00 0.000000e+00 0.000000e+00 0.000000e+00 1.000000e+00 0.000000e+00 4.907534e-30 -2.805735e-12 0.000000e+00 0.000000e+00 0.000000e+00
       2 3.937730e-03 -4.984470e-02 5.000000e-03 9.968940e-01 -7.875460e-02 -3.651247e-30 7.875460e-02 9.968940e-01 -5.780692e-31 3.685431e-30 2.887307e-31 1.000000e+00 2.378732e-02 1.878292e-03 -4.534913e-12 -2.294212e-23 -6.763350e-24 4.772274e-01
       1 -5.654319e-19 -1.832302e-20 5.000000e-03 1.000000e+00 0.000000e+00 0.000000e+00 0.000000e+00 1.000000e+00 0.000000e+00 0.000000e+00 0.000000e+00 1.000000e+00 0.000000e+00 -3.675613e-30 2.694442e-13 0.000000e+00 0.000000e+00 0.000000e+00
       2 4.399324e-03 -4.980608e-02 5.000000e-03 9.961217e-01 -8.798649e-02 -1.676489e-27 8.798649e-02 9.961217e-01 4.902532e-26 -2.643579e-27 -4.898269e-26 1.000000e+00 -1.151329e-03 -1.017057e-04 7.402961e-13 -5.954249e-23 -1.857228e-23 -2.311624e-02
       1 -5.654319e-19 -1.832302e-20 5.000000e-03 1.000000e+00 0.000000e+00 0.000000e+00 0.000000e+00 1.000000e+00 0.000000e+00 0.000000e+00 0.000000e+00 1.000000e+00 0.000000e+00 -1.481466e-29 3.734443e-12 0.000000e+00 0.000000e+00 0.000000e+00
       2 3.849120e-03 -4.985162e-02 5.000000e-03 9.970325e-01 -7.698240e-02 5.188743e-28 7.698240e-02 9.970325e-01 -3.863248e-27 -2.199324e-28 3.891728e-27 1.000000e+00 -2.582924e-02 -1.995139e-03 2.517204e-12 5.884529e-23 7.874631e-24 -5.181235e-01
       1 -5.654319e-19 -1.832302e-20 5.000000e-03 1.000000e+00 0.000000e+00 0.000000e+00 0.000000e+00 1.000000e+00 0.000000e+00 0.000000e+00 0.000000e+00 1.000000e+00 0.000000e+00 -7.646423e-31 6.089573e-14 0.000000e+00 0.000000e+00 0.000000e+00
       2 2.411651e-03 -4.994181e-02 5.000000e-03 9.988361e-01 -4.823303e-02 -1.783785e-30 4.823303e-02 9.988361e-01 1.905372e-27 -9.012013e-29 -1.903240e-27 1.000000e+00 -4.464378e-02 -2.155945e-03 -6.207410e-13 -6.143542e-23 3.194706e-25 -8.939160e-01
       1 -5.654319e-19 -1.832302e-20 5.000000e-03 1.000000e+00 0.000000e+00 0.000000e+00 0.000000e+00 1.000000e+00 0.000000e+00 0.000000e+00 0.000000e+00 1.000000e+00 0.000000e+00 -6.271309e-32 8.902601e-15 0.000000e+00 0.000000e+00 0.000000e+00
       2 4.157448e-04 -4.999827e-02 5.000000e-03 9.999654e-01 -8.314896e-03 3.701743e-30 8.314896e-03 9.999654e-01 -3.682115e-28 -6.399763e-31 3.682295e-28 1.000000e+00 -5.317862e-02 -4.421906e-04 1.941977e-14 1.020358e-23 1.198149e-25 -1.063609e+00
       1 -5.654319e-19 -1.832302e-20 5.000000e-03 1.000000e+00 0.000000e+00 0.000000e+00 0.000000e+00 1.000000e+00 0.000000e+00 0.000000e+00 0.000000e+00 1.000000e+00 0.000000e+00 -5.366363e-31 1.396452e-13 0.000000e+00 0.000000e+00 0.000000e+00
       2 -1.676686e-03 -4.997188e-02 5.000000e-03 9.994376e-01 3.353371e-02 -1.018377e-28 -3.353371e-02 9.994376e-01 -5.964239e-27 -9.822269e-29 5.964300e-27 1.000000e+00 -4.936812e-02 1.656459e-03 1.728658e-13 8.482285e-23 -1.392023e-24 -9.879180e-01
       1 -5.654319e-19 -1.832302e-20 5.000000e-03 1.000000e+00 0.000000e+00 0.000000e+00 0.000000e+00 1.000000e+00 0.000000e+00 0.000000e+00 0.000000e+00 1.000000e+00 0.000000e+00 2.097465e-29 1.022821e-12 0.000000e+00 0.000000e+00 0.000000e+00
       2 -3.380263e-03 -4.988561e-02 5.000000e-03 9.977121e-01 6.760525e-02 -2.105507e-30 -6.760525e-02 9.977121e-01 -3.848187e-29 -5.008884e-31 3.853618e-29 1.000000e+00 -3.414067e-02 2.313331e-03 1.252619e-12 4.726507e-22 9.701637e-24 -6.843791e-01
       1 -5.654319e-19 -1.832302e-20 5.000000e-03 1.000000e+00 0.000000e+00 0.000000e+00 0.000000e+00 1.000000e+00 0.000000e+00 0.000000e+00 0.000000e+00 1.000000e+00 0.000000e+00 -4.876214e-31 1.836656e-13 0.000000e+00 0.000000e+00 0.000000e+00
       2 -4.303305e-03 -4.981447e-02 5.000000e-03 9.962894e-01 8.606609e-02 2.378665e-30 -8.606609e-02 9.962894e-01 -6.194600e-29 -7.701291e-30 6.151144e-29 1.000000e+00 -1.112015e-02 9.606510e-04 1.688223e-13 -4.919048e-26 -7.581803e-25 -2.232314e-01
       1 -5.654319e-19 -1.832302e-20 5.000000e-03 1.000000e+00 0.000000e+00 0.000000e+00 0.000000e+00 1.000000e+00 0.000000e+00 0.000000e+00 0.000000e+00 1.000000e+00 0.000000e+00 2.547283e-31 2.039896e-13 0.000000e+00 0.000000e+00 0.000000e+00
       2 -4.236183e-03 -4.982022e-02 5.000000e-03 9.964045e-01 8.472367e-02 -7.646025e-28 -8.472367e-02 9.964045e-01 -4.902565e-28 7.203170e-28 5.532737e-28 1.000000e+00 1.442515e-02 -1.226639e-03 4.716879e-13 -1.794810e-22 2.994590e-24 2.895442e-01
       1 -5.654319e-19 -1.832302e-20 5.000000e-03 1.000000e+00 0.000000e+00 0.000000e+00 0.000000e+00 1.000000e+00 0.000000e+00 0.000000e+00 0.000000e+00 1.000000e+00 0.000000e+00 -9.780835e-31 -3.227377e-12 0.000000e+00 0.000000e+00 0.000000e+00
       2 -3.194069e-03 -4.989787e-02 5.000000e-03 9.979575e-01 6.388138e-02 -6.412061e-27 -6.388138e-02 9.979575e-01 -1.766778e-25 -4.887461e-27 1.767266e-25 1.000000e+00 3.668382e-02 -2.347808e-03 -4.578201e-12 1.928707e-21 -7.055088e-23 7.351779e-01
       1 -5.654319e-19 -1.832302e-20 5.000000e-03 1.000000e+00 0.000000e+00 0.000000e+00 0.000000e+00 1.000000e+00 0.000000e+00 0.000000e+00 0.000000e+00 1.000000e+00 0.000000e+00 -3.204266e-32 1.467576e-14 0.000000e+00 0.000000e+00 0.000000e+00
       2 -1.413943e-03 -4.998000e-02 5.000000e-03 9.996001e-01 2.827887e-02 -1.051401e-31 -2.827887e-02 9.996001e-01 1.199585e-28 3.497386e-30 -1.199075e-28 1.000000e+00 5.057041e-02 -1.430648e-03 1.922836e-14 -7.401832e-24 4.531761e-25 1.011813e+00
       1 -5.654319e-19 -1.832302e-20 5.000000e-03 1.000000e+00 0.000000e+00 0.000000e+00 0.000000e+00 1.000000e+00 0.000000e+00 0.000000e+00 0.000000e+00 1.000000e+00 0.000000e+00 1.439599e-29 -4.669369e-12 0.000000e+00 0.000000e+00 0.000000e+00
       2 6.942291e-04 -4.999518e-02 5.000000e-03 9.999036e-01 -1.388458e-02 7.221782e-31 1.388458e-02 9.999036e-01 -4.483527e-29 -9.959105e-32 4.484098e-29 1.000000e+00 5.274598e-02 7.318142e-04 -6.619766e-12 5.296586e-23 1.776059e-24 1.055025e+00
       1 -5.654319e-19 -1.832302e-20 5.000000e-03 1.000000e+00 0.000000e+00 0.000000e+00 0.000000e+00 1.000000e+00 0.000000e+00 0.000000e+00 0.000000e+00 1.000000e+00 0.000000e+00 2.113227e-30 -2.315301e-12 0.000000e+00 0.000000e+00 0.000000e+00
       2 2.641242e-03 -4.993019e-02 5.000000e-03 9.986038e-01 -5.282485e-02 -1.309887e-27 5.282485e-02 9.986038e-01 3.785698e-27 1.108079e-27 -3.849607e-27 1.000000e+00 4.268032e-02 2.257777e-03 -8.700631e-13 -4.859872e-23 -1.957628e-23 8.547999e-01
       1 -5.654319e-19 -1.832302e-20 5.000000e-03 1.000000e+00 0.000000e+00 0.000000e+00 0.000000e+00 1.000000e+00 0.000000e+00 0.000000e+00 0.000000e+00 1.000000e+00 0.000000e+00 -1.051387e-29 3.036016e-12 0.000000e+00 0.000000e+00 0.000000e+00
       2 3.976951e-03 -4.984159e-02 5.000000e-03 9.968318e-01 -7.953902e-02 5.510052e-30 7.953902e-02 9.968318e-01 -5.168383e-30 -5.081508e-30 5.590281e-30 1.000000e+00 2.280648e-02 1.820096e-03 1.104427e-12 4.942265e-22 8.835218e-23 4.575797e-01
       1 -5.654319e-19 -1.832302e-20 5.000000e-03 1.000000e+00 0.000000e+00 0.000000e+00 0.000000e+00 1.000000e+00 0.000000e+00 0.000000e+00 0.000000e+00 1.000000e+00 0.000000e+00 -2.896117e-32 1.357942e-14 0.000000e+00 0.000000e+00 0.000000e+00
       2 4.396372e-03 -4.980634e-02 5.000000e-03 9.961269e-01 -8.792744e-02 -1.978624e-27 8.792744e-02 9.961269e-01 1.929844e-26 2.740983e-28 -1.939767e-26 1.000000e+00 -2.238469e-03 -1.975884e-04 1.932927e-14 -1.368996e-22 -9.011784e-24 -4.494345e-02
       1 -5.654319e-19 -1.832302e-20 5.000000e-03 1.000000e+00 0.000000e+00 0.000000e+00 0.000000e+00 1.000000e+00 0.000000e+00 0.000000e+00 0.000000e+00 1.000000e+00 0.000000e+00 1.118816e-29 -4.548417e-12 0.000000e+00 0.000000e+00 0.000000e+00
       2 3.804661e-03 -4.985504e-02 5.000000e-03 9.971007e-01 -7.609321e-02 5.237523e-28 7.609321e-02 9.971007e-01 -6.494784e-27 -2.802478e-29 6.515807e-27 1.000000e+00 -2.677768e-02 -2.043130e-03 -3.555941e-12 9.539354e-23 7.518986e-24 -5.371103e-01
       1 -5.654319e-19 -1.832302e-20 5.000000e-03 1.000000e+00 0.000000e+00 0.000000e+00 0.000000e+00 1.000000e+00 0.000000e+00 0.000000e+00 0.000000e+00 1.000000e+00 0.000000e+00 1.765856e-29 -5.924615e-12 0.000000e+00 0.000000e+00 0.000000e+00
       2 2.335783e-03 -4.994541e-02 5.000000e-03 9.989082e-01 -4.671567e-02 -4.217844e-32 4.671567e-02 9.989082e-01 -1.074172e-29 5.439374e-31 1.072803e-29 1.000000e+00 -4.523381e-02 -2.114230e-03 -4.156328e-12 -2.407509e-23 2.143284e-24 -9.056652e-01
       1 -5.654319e-19 -1.832302e-20 5.000000e-03 1.000000e+00 0.000000e+00 0.000000e+00 0.000000e+00 1.000000e+00 0.000000e+00 0.000000e+00 0.000000e+00 1.000000e+00 0.000000e+00 3.190065e-29 -6.422210e-12 0.000000e+00 0.000000e+00 0.000000e+00
       2 3.259386e-04 -4.999894e-02 5.000000e-03 9.999788e-01 -6.518771e-03 -5.455438e-29 6.518771e-03 9.999788e-01 3.202805e-26 -1.542303e-28 -3.202772e-26 1.000000e+00 -5.327114e-02 -3.467217e-04 -6.657706e-12 -3.323403e-22 -4.422205e-25 -1.065451e+00
       1 -5.654319e-19 -1.832302e-20 5.000000e-03 1.000000e+00 0.000000e+00 0.000000e+00 0.000000e+00 1.000000e+00 0.000000e+00 0.000000e+00 0.000000e+00 1.000000e+00 0.000000e+00 -1.784663e-30 3.273562e-13 0.000000e+00 0.000000e+00 0.000000e+00
       2 -1.759578e-03 -4.996903e-02 5.000000e-03 9.993806e-01 3.519156e-02 -9.316722e-29 -3.519156e-02 9.993806e-01 -1.769091e-27 3.085244e-29 1.771274e-27 1.000000e+00 -4.893917e-02 1.723416e-03 4.334136e-13 1.369814e-23 -8.155926e-25 -9.793899e-01
       1 -5.654319e-19 -1.832302e-20 5.000000e-03 1.000000e+00 0.000000e+00 0.000000e+00 0.000000e+00 1.000000e+00 0.000000e+00 0.000000e+00 0.000000e+00 1.000000e+00 0.000000e+00 -9.197760e-31 5.336426e-13 0.000000e+00 0.000000e+00 0.000000e+00
       2 -3.437076e-03 -4.988173e-02 5.000000e-03 9.976345e-01 6.874153e-02 -7.836771e-32 -6.874153e-02 9.976345e-01 2.133820e-29 1.545001e-30 -2.128233e-29 1.000000e+00 -3.329323e-02 2.294183e-03 1.208065e-13 1.255649e-22 -8.484982e-24 -6.674436e-01
       1 -5.654319e-19 -1.832302e-20 5.000000e-03 1.000000e+00 0.000000e+00 0.000000e+00 0.000000e+00 1.000000e+00 0.000000e+00 0.000000e+00 0.000000e+00 1.000000e+00 0.000000e+00 9.968975e-30 2.427232e-12 0.000000e+00 0.000000e+00 0.000000e+00
       2 -4.321074e-03 -4.981293e-02 5.000000e-03 9.962587e-01 8.642147e-02 2.937161e-28 -8.642147e-02 9.962587e-01 -9.465168e-29 -3.007972e-28 6.891418e-29 1.000000e+00 -1.005381e-02 8.723683e-04 -1.080323e-13 1.031855e-22 2.498217e-22 -2.018318e-01
       1 -5.654319e-19 -1.832302e-20 5.000000e-03 1.000000e+00 0.000000e+00 0.000000e+00 0.000000e+00 1.000000e+00 0.000000e+00 0.000000e+00 0.000000e+00 1.000000e+00 0.000000e+00 3.226920e-30 -8.741410e-13 0.000000e+00 0.000000e+00 0.000000e+00
       2 -4.210911e-03 -4.982237e-02 5.000000e-03 9.964473e-01 8.421823e-02 6.825419e-30 -8.421823e-02 9.964473e-01 7.012515e-29 -8.953562e-31 -7.045084e-29 1.000000e+00 1.545535e-02 -1.305752e-03 -8.707693e-13 1.615294e-21 -6.398399e-23 3.102083e-01
       1 -5.654319e-19 -1.832302e-20 5.000000e-03 1.000000e+00 0.000000e+00 0.000000e+00 0.000000e+00 1.000000e+00 0.000000e+00 0.000000e+00 0.000000e+00 1.000000e+00 0.000000e+00 -8.096369e-31 4.676676e-13 0.000000e+00 0.000000e+00 0.000000e+00
       2 -3.131524e-03 -4.990184e-02 5.000000e-03 9.980368e-01 6.263047e-02 -5.563571e-30 -6.263047e-02 9.980368e-01 -2.268666e-29 4.131771e-30 2.299058e-29 1.000000e+00 3.747016e-02 -2.351522e-03 2.598238e-13 -7.850121e-24 7.123525e-24 7.508775e-01
       1 -5.654319e-19 -1.832302e-20 5.000000e-03 1.000000e+00 0.000000e+00 0.000000e+00 0.000000e+00 1.000000e+00 0.000000e+00 0.000000e+00 0.000000e+00 1.000000e+00 0.000000e+00 -5.657901e-31 1.255315e-13 0.000000e+00 0.000000e+00 0.000000e+00
       2 -1.328457e-03 -4.998235e-02 5.000000e-03 9.996470e-01 2.656915e-02 -1.110093e-28 -2.656915e-02 9.996470e-01 -1.232074e-28 1.076966e-28 1.261133e-28 1.000000e+00 5.091099e-02 -1.353166e-03 1.812011e-13 3.584679e-24 -3.188781e-24 1.018579e+00
       1 -5.654319e-19 -1.832302e-20 5.000000e-03 1.000000e+00 0.000000e+00 0.000000e+00 0.000000e+00 1.000000e+00 0.000000e+00 0.000000e+00 0.000000e+00 1.000000e+00 0.000000e+00 2.629997e-29 -4.785707e-12 0.000000e+00 0.000000e+00 0.000000e+00
       2 7.828801e-04 -4.999387e-02 5.000000e-03 9.998774e-01 -1.565760e-02 -1.021511e-31 1.565760e-02 9.998774e-01 6.923279e-30 -6.264876e-33 -6.924021e-30 1.000000e+00 5.255976e-02 8.224235e-04 -5.138058e-12 7.172920e-23 -1.726300e-23 1.051327e+00
       1 -5.654319e-19 -1.832302e-20 5.000000e-03 1.000000e+00 0.000000e+00 0.000000e+00 0.000000e+00 1.000000e+00 0.000000e+00 0.000000e+00 0.000000e+00 1.000000e+00 0.000000e+00 3.375072e-30 -4.429859e-13 0.000000e+00 0.000000e+00 0.000000e+00
       2 2.712487e-03 -4.992637e-02 5.000000e-03 9.985274e-01 -5.424974e-02 3.694271e-31 5.424974e-02 9.985274e-01 -3.912079e-29 1.753408e-30 3.908323e-29 1.000000e+00 4.201483e-02 2.282561e-03 -3.127667e-13 -3.782053e-23 1.290850e-24 8.415359e-01
       1 -5.654319e-19 -1.832302e-20 5.000000e-03 1.000000e+00 0.000000e+00 0.000000e+00 0.000000e+00 1.000000e+00 0.000000e+00 0.000000e+00 0.000000e+00 1.000000e+00 0.000000e+00 -8.719335e-30 1.467819e-12 0.000000e+00 0.000000e+00 0.000000e+00
       2 4.014455e-03 -4.983858e-02 5.000000e-03 9.967716e-01 -8.028909e-02 -1.840863e-30 8.028909e-02 9.967716e-01 -5.862116e-29 6.541558e-30 5.828412e-29 1.000000e+00 2.181887e-02 1.756319e-03 -1.367066e-13 1.794599e-21 3.321586e-23 4.377890e-01
       1 -5.654319e-19 -1.832302e-20 5.000000e-03 1.000000e+00 0.000000e+00 0.000000e+00 0.000000e+00 1.000000e+00 0.000000e+00 0.000000e+00 0.000000e+00 1.000000e+00 0.000000e+00 -6.957663e-31 1.534328e-13 0.000000e+00 0.000000e+00 0.000000e+00
       2 4.391631e-03 -4.980676e-02 5.000000e-03 9.961352e-01 -8.783262e-02 -2.646267e-26 8.783262e-02 9.961352e-01 4.838843e-26 2.211032e-26 -5.052570e-26 1.000000e+00 -3.323023e-03 -2.930147e-04 1.437823e-13 6.799584e-22 -4.054693e-22 -6.671834e-02
       1 -5.654319e-19 -1.832302e-20 5.000000e-03 1.000000e+00 0.000000e+00 0.000000e+00 0.000000e+00 1.000000e+00 0.000000e+00 0.000000e+00 0.000000e+00 1.000000e+00 0.000000e+00 1.084323e-30 -8.126833e-14 0.000000e+00 0.000000e+00 0.000000e+00
       2 3.758669e-03 -4.985852e-02 5.000000e-03 9.971705e-01 -7.517338e-02 3.412219e-29 7.517338e-02 9.971705e-01 -3.177294e-28 -1.014085e-29 3.193955e-28 1.000000e+00 -2.771654e-02 -2.089585e-03 2.830600e-14 2.155755e-23 1.074015e-24 -5.559038e-01
       1 -5.654319e-19 -1.832302e-20 5.000000e-03 1.000000e+00 0.000000e+00 0.000000e+00 0.000000e+00 1.000000e+00 0.000000e+00 0.000000e+00 0.000000e+00 1.000000e+00 0.000000e+00 2.289911e-29 -5.768691e-12 0.000000e+00 0.000000e+00 0.000000e+00
       2 2.258937e-03 -4.994895e-02 5.000000e-03 9.989789e-01 -4.517875e-02 -1.073165e-29 4.517875e-02 9.989789e-01 1.469877e-28 4.079970e-30 -1.473224e-28 1.000000e+00 -4.580702e-02 -2.070718e-03 -7.277172e-12 -4.244661e-22 -1.390512e-24 -9.170770e-01
       1 -5.654319e-19 -1.832302e-20 5.000000e-03 1.000000e+00 0.000000e+00 0.000000e+00 0.000000e+00 1.000000e+00 0.000000e+00 0.000000e+00 0.000000e+00 1.000000e+00 0.000000e+00 3.471522e-29 -9.387074e-12 0.000000e+00 0.000000e+00 0.000000e+00
       2 2.359444e-04 -4.999944e-02 5.000000e-03 9.999889e-01 -4.718888e-03 4.229228e-31 4.718888e-03 9.999889e-01 -2.407265e-29 -3.093234e-31 2.407438e-29 1.000000e+00 -5.334077e-02 -2.509393e-04 -1.052964e-11 -7.725080e-23 9.417976e-25 -1.066835e+00
       1 -5.654319e-19 -1.832302e-20 5.000000e-03 1.000000e+00 0.000000e+00 0.000000e+00 0.000000e+00 1.000000e+00 0.000000e+00 0.000000e+00 0.000000e+00 1.000000e+00 0.000000e+00 -4.277731e-30 9.275011e-13 0.000000e+00 0.000000e+00 0.000000e+00
       2 -1.841845e-03 -4.996606e-02 5.000000e-03 9.993213e-01 3.683690e-02 1.500262e-30 -3.683690e-02 9.993213e-01 2.854589e-29 -4.477031e-31 -2.858177e-29 1.000000e+00 -4.848892e-02 1.787636e-03 9.805358e-13 4.776372e-23 5.861181e-25 -9.704367e-01
       1 -5.654319e-19 -1.832302e-20 5.000000e-03 1.000000e+00 0.000000e+00 0.000000e+00 0.000000e+00 1.000000e+00 0.000000e+00 0.000000e+00 0.000000e+00 1.000000e+00 0.000000e+00 -6.764829e-32 1.119937e-14 0.000000e+00 0.000000e+00 0.000000e+00
       2 -3.492605e-03 -4.987787e-02 5.000000e-03 9.975574e-01 6.985211e-02 9.623655e-30 -6.985211e-02 9.975574e-01 1.093979e-28 -1.958475e-30 -1.098029e-28 1.000000e+00 -3.243294e-02 2.271060e-03 8.626371e-15 -1.261707e-23 5.099636e-25 -6.502472e-01
       1 -5.654319e-19 -1.832302e-20 5.000000e-03 1.000000e+00 0.000000e+00 0.000000e+00 0.000000e+00 1.000000e+00 0.000000e+00 0.000000e+00 0.000000e+00 1.000000e+00 0.000000e+00 -5.732049e-32 1.738193e-14 0.000000e+00 0.000000e+00 0.000000e+00
       2 -4.337203e-03 -4.981153e-02 5.000000e-03 9.962306e-01 8.674406e-02 -3.384336e-31 -8.674406e-02 9.962306e-01 1.962038e-28 1.735667e-29 -1.954348e-28 1.000000e+00 -8.982449e-03 7.821233e-04 1.691263e-14 -1.059643e-23 3.143628e-25 -1.803287e-01
       1 -5.654319e-19 -1.832302e-20 5.000000e-03 1.000000e+00 0.000000e+00 0.000000e+00 0.000000e+00 1.000000e+00 0.000000e+00 0.000000e+00 0.000000e+00 1.000000e+00 0.000000e+00 1.356798e-29 -4.463076e-12 0.000000e+00 0.000000e+00 0.000000e+00
       2 -4.184006e-03 -4.982463e-02 5.000000e-03 9.964927e-01 8.368013e-02 2.764427e-26 -8.368013e-02 9.964927e-01 9.531881e-26 -1.957103e-26 -9.729777e-26 1.000000e+00 1.649531e-02 -1.384554e-03 2.899211e-12 -1.213030e-21 3.569465e-22 3.310664e-01
       1 -5.654319e-19 -1.832302e-20 5.000000e-03 1.000000e+00 0.000000e+00 0.000000e+00 0.000000e+00 1.000000e+00 0.000000e+00 0.000000e+00 0.000000e+00 1.000000e+00 0.000000e+00 -8.310003e-30 6.073392e-12 0.000000e+00 0.000000e+00 0.000000e+00
       2 -3.067660e-03 -4.990581e-02 5.000000e-03 9.981161e-01 6.135320e-02 -3.525145e-31 -6.135320e-02 9.981161e-01 -1.558699e-28 -9.211267e-30 1.555979e-28 1.000000e+00 3.824185e-02 -2.350643e-03 8.186797e-12 5.392400e-21 -4.633296e-22 7.662805e-01
       1 -5.654319e-19 -1.832302e-20 5.000000e-03 1.000000e+00 0.000000e+00 0.000000e+00 0.000000e+00 1.000000e+00 0.000000e+00 0.000000e+00 0.000000e+00 1.000000e+00 0.000000e+00 -7.107163e-31 1.659645e-13 0.000000e+00 0.000000e+00 0.000000e+00
       2 -1.242253e-03 -4.998457e-02 5.000000e-03 9.996913e-01 2.484505e-02 1.132533e-29 -2.484505e-02 9.996913e-01 1.023952e-27 1.411830e-29 -1.023917e-27 1.000000e+00 5.123356e-02 -1.273318e-03 1.190239e-13 3.069244e-23 4.055422e-25 1.024988e+00
       1 -5.654319e-19 -1.832302e-20 5.000000e-03 1.000000e+00 0.000000e+00 0.000000e+00 0.000000e+00 1.000000e+00 0.000000e+00 0.000000e+00 0.000000e+00 1.000000e+00 0.000000e+00 -7.113904e-31 2.309125e-13 0.000000e+00 0.000000e+00 0.000000e+00
       2 8.714226e-04 -4.999241e-02 5.000000e-03 9.998481e-01 -1.742845e-02 -2.484676e-28 1.742845e-02 9.998481e-01 -9.672212e-27 4.170016e-28 9.666413e-27 1.000000e+00 5.235341e-02 9.125950e-04 1.527232e-13 1.551788e-22 -5.256504e-24 1.047227e+00
       1 -5.654319e-19 -1.832302e-20 5.000000e-03 1.000000e+00 0.000000e+00 0.000000e+00 0.000000e+00 1.000000e+00 0.000000e+00 0.000000e+00 0.000000e+00 1.000000e+00 0.000000e+00 -2.409459e-30 2.664598e-12 0.000000e+00 0.000000e+00 0.000000e+00
       2 2.782777e-03 -4.992250e-02 5.000000e-03 9.984500e-01 -5.565554e-02 -2.512865e-30 5.565554e-02 9.984500e-01 -2.262844e-29 3.768367e-30 2.245352e-29 1.000000e+00 4.132936e-02 2.304788e-03 2.873154e-12 -2.596258e-24 5.311972e-24 8.278705e-01
       1 -5.654319e-19 -1.832302e-20 5.000000e-03 1.000000e+00 0.000000e+00 0.000000e+00 0.000000e+00 1.000000e+00 0.000000e+00 0.000000e+00 0.000000e+00 1.000000e+00 0.000000e+00 -7.450941e-31 1.544667e-13 0.000000e+00 0.000000e+00 0.000000e+00
       2 4.050363e-03 -4.983568e-02 5.000000e-03 9.967135e-01 -8.100726e-02 6.738898e-30 8.100726e-02 9.967135e-01 9.930192e-28 -8.715851e-29 -9.892097e-28 1.000000e+00 2.081925e-02 1.692104e-03 1.475971e-13 -1.318599e-24 -7.680855e-25 4.177579e-01
       1 -5.654319e-19 -1.832302e-20 5.000000e-03 1.000000e+00 0.000000e+00 0.000000e+00 0.000000e+00 1.000000e+00 0.000000e+00 0.000000e+00 0.000000e+00 1.000000e+00 0.000000e+00 -1.934886e-30 8.688744e-13 0.000000e+00 0.000000e+00 0.000000e+00
       2 4.385018e-03 -4.980735e-02 5.000000e-03 9.961469e-01 -8.770035e-02 -1.042981e-26 8.770035e-02 9.961469e-01 2.159097e-26 8.496092e-27 -2.242247e-26 1.000000e+00 -4.408911e-03 -3.882077e-04 1.127269e-12 -6.902228e-22 -1.552902e-22 -8.851938e-02
       1 -5.654319e-19 -1.832302e-20 5.000000e-03 1.000000e+00 0.000000e+00 0.000000e+00 0.000000e+00 1.000000e+00 0.000000e+00 0.000000e+00 0.000000e+00 1.000000e+00 0.000000e+00 -1.750141e-30 1.345000e-12 0.000000e+00 0.000000e+00 0.000000e+00
       2 3.711068e-03 -4.986209e-02 5.000000e-03 9.972418e-01 -7.422136e-02 -1.432556e-30 7.422136e-02 9.972418e-01 1.555992e-28 -1.012018e-29 -1.552763e-28 1.000000e+00 -2.864119e-02 -2.131964e-03 9.292102e-13 4.212990e-23 -1.248875e-24 -5.744085e-01
       1 -5.654319e-19 -1.832302e-20 5.000000e-03 1.000000e+00 0.000000e+00 0.000000e+00 0.000000e+00 1.000000e+00 0.000000e+00 0.000000e+00 0.000000e+00 1.000000e+00 0.000000e+00 1.275688e-30 5.395961e-13 0.000000e+00 0.000000e+00 0.000000e+00
       2 2.181180e-03 -4.995240e-02 5.000000e-03 9.990480e-01 -4.362360e-02 5.056503e-28 4.362360e-02 9.990480e-01 -2.848840e-26 7.375974e-28 2.848333e-26 1.000000e+00 -4.635940e-02 -2.024326e-03 -4.133214e-13 4.515194e-22 8.541811e-24 -9.280714e-01
       1 -5.654319e-19 -1.832302e-20 5.000000e-03 1.000000e+00 0.000000e+00 0.000000e+00 0.000000e+00 1.000000e+00 0.000000e+00 0.000000e+00 0.000000e+00 1.000000e+00 0.000000e+00 -5.213516e-30 3.605574e-12 0.000000e+00 0.000000e+00 0.000000e+00
       2 1.459556e-04 -4.999979e-02 5.000000e-03 9.999957e-01 -2.919111e-03 1.245924e-29 2.919111e-03 9.999957e-01 -1.179854e-27 -9.015067e-30 1.179886e-27 1.000000e+00 -5.338721e-02 -1.560031e-04 2.561082e-12 4.096418e-23 -4.513457e-24 -1.067746e+00
       1 -5.654319e-19 -1.832302e-20 5.000000e-03 1.000000e+00 0.000000e+00 0.000000e+00 0.000000e+00 1.000000e+00 0.000000e+00 0.000000e+00 0.000000e+00 1.000000e+00 0.000000e+00 -5.771771e-31 1.582276e-13 0.000000e+00 0.000000e+00 0.000000e+00
       2 -1.923167e-03 -4.996300e-02 5.000000e-03 9.992600e-01 3.846335e-02 5.193423e-29 -3.846335e-02 9.992600e-01 1.569351e-27 8.466692e-30 -1.570187e-27 1.000000e+00 -4.801882e-02 1.848368e-03 1.549447e-13 -2.629855e-23 6.800720e-25 -9.610876e-01
       1 -5.654319e-19 -1.832302e-20 5.000000e-03 1.000000e+00 0.000000e+00 0.000000e+00 0.000000e+00 1.000000e+00 0.000000e+00 0.000000e+00 0.000000e+00 1.000000e+00 0.000000e+00 1.275866e-29 -1.628614e-12 0.000000e+00 0.000000e+00 0.000000e+00
       2 -3.546476e-03 -4.987407e-02 5.000000e-03 9.974813e-01 7.092952e-02 -2.866624e-30 -7.092952e-02 9.974813e-01 1.497619e-28 1.348194e-29 -1.491814e-28 1.000000e+00 -3.155903e-02 2.243157e-03 -2.432773e-12 -2.109109e-21 2.190504e-22 -6.327734e-01
       1 -5.654319e-19 -1.832302e-20 5.000000e-03 1.000000e+00 0.000000e+00 0.000000e+00 0.000000e+00 1.000000e+00 0.000000e+00 0.000000e+00 0.000000e+00 1.000000e+00 0.000000e+00 -2.963525e-32 1.863787e-14 0.000000e+00 0.000000e+00 0.000000e+00
       2 -4.351343e-03 -4.981030e-02 5.000000e-03 9.962060e-01 8.702686e-02 1.182555e-28 -8.702686e-02 9.962060e-01 -3.594897e-28 -1.490921e-28 3.478344e-28 1.000000e+00 -7.908796e-03 6.909000e-04 8.089938e-15 7.523734e-24 1.501527e-24 -1.587783e-01
       1 -5.654319e-19 -1.832302e-20 5.000000e-03 1.000000e+00 0.000000e+00 0.000000e+00 0.000000e+00 1.000000e+00 0.000000e+00 0.000000e+00 0.000000e+00 1.000000e+00 0.000000e+00 6.081678e-30 -3.524944e-12 0.000000e+00 0.000000e+00 0.000000e+00
       2 -4.155226e-03 -4.982704e-02 5.000000e-03 9.965408e-01 8.310453e-02 9.152606e-30 -8.310453e-02 9.965408e-01 1.040361e-28 -4.750737e-31 -1.044369e-28 1.000000e+00 1.752593e-02 -1.460603e-03 -4.381569e-12 -4.555182e-22 9.323603e-23 3.517339e-01
       1 -5.654319e-19 -1.832302e-20 5.000000e-03 1.000000e+00 0.000000e+00 0.000000e+00 0.000000e+00 1.000000e+00 0.000000e+00 0.000000e+00 0.000000e+00 1.000000e+00 0.000000e+00 -3.197044e-32 1.616762e-14 0.000000e+00 0.000000e+00 0.000000e+00
       2 -3.002470e-03 -4.990977e-02 5.000000e-03 9.981954e-01 6.004940e-02 1.699653e-30 -6.004940e-02 9.981954e-01 2.156404e-29 -4.016797e-31 -2.162718e-29 1.000000e+00 3.899556e-02 -2.345897e-03 1.829018e-14 -2.947813e-25 6.556882e-27 7.813212e-01
       1 -5.654319e-19 -1.832302e-20 5.000000e-03 1.000000e+00 0.000000e+00 0.000000e+00 0.000000e+00 1.000000e+00 0.000000e+00 0.000000e+00 0.000000e+00 1.000000e+00 0.000000e+00 -1.779728e-30 7.327680e-13 0.000000e+00 0.000000e+00 0.000000e+00
       2 -1.155583e-03 -4.998664e-02 5.000000e-03 9.997329e-01 2.311166e-02 1.839025e-29 -2.311166e-02 9.997329e-01 -1.825567e-28 -2.260453e-29 1.820829e-28 1.000000e+00 5.153113e-02 -1.191361e-03 4.187529e-13 2.326436e-24 4.215192e-26 1.030898e+00
       1 -5.654319e-19 -1.832302e-20 5.000000e-03 1.000000e+00 0.000000e+00 0.000000e+00 0.000000e+00 1.000000e+00 0.000000e+00 0.000000e+00 0.000000e+00 1.000000e+00 0.000000e+00 -4.738028e-31 1.570133e-13 0.000000e+00 0.000000e+00 0.000000e+00
       2 9.594897e-04 -4.999079e-02 5.000000e-03 9.998159e-01 -1.918979e-02 3.112582e-28 1.918979e-02 9.998159e-01 -3.968299e-27 -2.350500e-28 3.973542e-27 1.000000e+00 5.212346e-02 1.000442e-03 1.654579e-13 -9.203428e-23 -4.317027e-24 1.042661e+00
       1 -5.654319e-19 -1.832302e-20 5.000000e-03 1.000000e+00 0.000000e+00 0.000000e+00 0.000000e+00 1.000000e+00 0.000000e+00 0.000000e+00 0.000000e+00 1.000000e+00 0.000000e+00 -4.082971e-31 2.025324e-13 0.000000e+00 0.000000e+00 0.000000e+00
       2 2.851809e-03 -4.991861e-02 5.000000e-03 9.983721e-01 -5.703619e-02 2.044184e-28 5.703619e-02 9.983721e-01 -1.986054e-27 -9.080867e-29 1.994480e-27 1.000000e+00 4.062764e-02 2.321068e-03 2.048569e-13 1.032656e-23 2.453351e-26 8.138777e-01
       1 -5.654319e-19 -1.832302e-20 5.000000e-03 1.000000e+00 0.000000e+00 0.000000e+00 0.000000e+00 1.000000e+00 0.000000e+00 0.000000e+00 0.000000e+00 1.000000e+00 0.000000e+00 -2.866145e-30 1.258021e-12 0.000000e+00 0.000000e+00 0.000000e+00
       2 4.084526e-03 -4.983289e-02 5.000000e-03 9.966577e-01 -8.169051e-02 7.142850e-29 8.169051e-02 9.966577e-01 -2.057255e-27 9.686844e-29 2.056214e-27 1.000000e+00 1.981385e-02 1.624254e-03 1.036986e-12 4.364646e-23 1.056654e-24 3.976062e-01
       1 -5.654319e-19 -1.832302e-20 5.000000e-03 1.000000e+00 0.000000e+00 0.000000e+00 0.000000e+00 1.000000e+00 0.000000e+00 0.000000e+00 0.000000e+00 1.000000e+00 0.000000e+00 -1.685189e-33 -5.159900e-13 0.000000e+00 0.000000e+00 0.000000e+00
       2 4.376572e-03 -4.980809e-02 5.000000e-03 9.961618e-01 -8.753143e-02 1.449709e-26 8.753143e-02 9.961618e-01 -1.770603e-25 1.056900e-27 1.776497e-25 1.000000e+00 -5.487112e-03 -4.821736e-04 8.278925e-13 4.857724e-21 9.433994e-23 -1.101651e-01
       1 -5.654319e-19 -1.832302e-20 5.000000e-03 1.000000e+00 0.000000e+00 0.000000e+00 0.000000e+00 1.000000e+00 0.000000e+00 0.000000e+00 0.000000e+00 1.000000e+00 0.000000e+00 -4.858664e-30 3.521662e-12 0.000000e+00 0.000000e+00 0.000000e+00
       2 3.661917e-03 -4.986572e-02 5.000000e-03 9.973145e-01 -7.323834e-02 6.035066e-28 7.323834e-02 9.973145e-01 -6.421436e-28 -5.548563e-28 6.846189e-28 1.000000e+00 -2.955492e-02 -2.170889e-03 2.507779e-12 7.099851e-24 6.399874e-24 -5.926906e-01
       1 -5.654319e-19 -1.832302e-20 5.000000e-03 1.000000e+00 0.000000e+00 0.000000e+00 0.000000e+00 1.000000e+00 0.000000e+00 0.000000e+00 0.000000e+00 1.000000e+00 0.000000e+00 -2.809450e-32 1.366962e-14 0.000000e+00 0.000000e+00 0.000000e+00
       2 2.102508e-03 -4.995578e-02 5.000000e-03 9.991155e-01 -4.205016e-02 3.507894e-30 4.205016e-02 9.991155e-01 8.762225e-29 -7.189322e-30 -8.739723e-29 1.000000e+00 -4.689222e-02 -1.973574e-03 1.878160e-14 2.234327e-24 3.165889e-25 -9.386747e-01
       1 -5.654319e-19 -1.832302e-20 5.000000e-03 1.000000e+00 0.000000e+00 0.000000e+00 0.000000e+00 1.000000e+00 0.000000e+00 0.000000e+00 0.000000e+00 1.000000e+00 0.000000e+00 -2.841999e-30 1.260971e-11 0.000000e+00 0.000000e+00 0.000000e+00
       2 5.590658e-05 -4.999997e-02 5.000000e-03 9.999994e-01 -1.118132e-03 -2.323860e-27 1.118132e-03 9.999994e-01 3.346254e-25 1.949703e-27 -3.346278e-25 1.000000e+00 -5.340801e-02 -6.001248e-05 3.641194e-12 -5.018812e-21 -3.503551e-23 -1.068152e+00
       1 -5.654319e-19 -1.832302e-20 5.000000e-03 1.000000e+00 0.000000e+00 0.000000e+00 0.000000e+00 1.000000e+00 0.000000e+00 0.000000e+00 0.000000e+00 1.000000e+00 0.000000e+00 1.123034e-29 -3.581302e-12 0.000000e+00 0.000000e+00 0.000000e+00
       2 -2.003680e-03 -4.995984e-02 5.000000e-03 9.991967e-01 4.007360e-02 1.923123e-30 -4.007360e-02 9.991967e-01 5.605097e-29 3.245849e-31 -5.608301e-29 1.000000e+00 -4.752768e-02 1.905544e-03 -1.736279e-12 1.353341e-23 -5.780119e-24 -9.513183e-01
       1 -5.654319e-19 -1.832302e-20 5.000000e-03 1.000000e+00 0.000000e+00 0.000000e+00 0.000000e+00 1.000000e+00 0.000000e+00 0.000000e+00 0.000000e+00 1.000000e+00 0.000000e+00 2.732413e-30 -1.294603e-12 0.000000e+00 0.000000e+00 0.000000e+00
       2 -3.598863e-03 -4.987031e-02 5.000000e-03 9.974063e-01 7.197725e-02 3.530374e-28 -7.197725e-02 9.974063e-01 2.087481e-26 1.150390e-27 -2.084608e-26 1.000000e+00 -3.067207e-02 2.213472e-03 -9.434329e-13 -3.299327e-22 6.027050e-24 -6.150366e-01
       1 -5.654319e-19 -1.832302e-20 5.000000e-03 1.000000e+00 0.000000e+00 0.000000e+00 0.000000e+00 1.000000e+00 0.000000e+00 0.000000e+00 0.000000e+00 1.000000e+00 0.000000e+00 1.457931e-29 -6.473225e-13 0.000000e+00 0.000000e+00 0.000000e+00
       2 -4.363672e-03 -4.980922e-02 5.000000e-03 9.961844e-01 8.727343e-02 -1.313432e-28 -8.727343e-02 9.961844e-01 -7.525889e-28 6.516101e-29 7.611801e-28 1.000000e+00 -6.831516e-03 5.982984e-04 -7.755024e-13 3.318247e-21 -1.070539e-22 -1.371533e-01
       1 -5.654319e-19 -1.832302e-20 5.000000e-03 1.000000e+00 0.000000e+00 0.000000e+00 0.000000e+00 1.000000e+00 0.000000e+00 0.000000e+00 0.000000e+00 1.000000e+00 0.000000e+00 -4.070934e-32 1.735417e-14 0.000000e+00 0.000000e+00 0.000000e+00
       2 -4.124714e-03 -4.982958e-02 5.000000e-03 9.965915e-01 8.249429e-02 -1.258086e-30 -8.249429e-02 9.965915e-01 -1.580059e-29 -4.966165e-32 1.585052e-29 1.000000e+00 1.854937e-02 -1.535453e-03 1.475244e-14 6.745027e-25 4.440193e-26 3.722562e-01
       1 -5.654319e-19 -1.832302e-20 5.000000e-03 1.000000e+00 0.000000e+00 0.000000e+00 0.000000e+00 1.000000e+00 0.000000e+00 0.000000e+00 0.000000e+00 1.000000e+00 0.000000e+00 -2.593650e-30 2.198776e-12 0.000000e+00 0.000000e+00 0.000000e+00
       2 -2.936025e-03 -4.991372e-02 5.000000e-03 9.982745e-01 5.872049e-02 8.541445e-30 -5.872049e-02 9.982745e-01 2.970137e-28 8.914084e-30 -2.970028e-28 1.000000e+00 3.973272e-02 -2.337917e-03 2.492876e-12 1.236561e-23 -4.098705e-24 7.960284e-01
       1 -5.654319e-19 -1.832302e-20 5.000000e-03 1.000000e+00 0.000000e+00 0.000000e+00 0.000000e+00 1.000000e+00 0.000000e+00 0.000000e+00 0.000000e+00 1.000000e+00 0.000000e+00 1.691207e-31 2.794709e-13 0.000000e+00 0.000000e+00 0.000000e+00
       2 -1.068430e-03 -4.998858e-02 5.000000e-03 9.997717e-01 2.136860e-02 1.911020e-28 -2.136860e-02 9.997717e-01 -3.798466e-28 -1.991751e-28 3.756763e-28 1.000000e+00 5.180864e-02 -1.107381e-03 2.118885e-13 5.908654e-24 1.285711e-24 1.036409e+00
       1 -5.654319e-19 -1.832302e-20 5.000000e-03 1.000000e+00 0.000000e+00 0.000000e+00 0.000000e+00 1.000000e+00 0.000000e+00 0.000000e+00 0.000000e+00 1.000000e+00 0.000000e+00 -6.341534e-30 9.766077e-13 0.000000e+00 0.000000e+00 0.000000e+00
       2 1.047146e-03 -4.998903e-02 5.000000e-03 9.997807e-01 -2.094292e-02 6.151951e-29 2.094292e-02 9.997807e-01 -4.307030e-27 2.869578e-29 4.307373e-27 1.000000e+00 5.185873e-02 1.086619e-03 1.772025e-12 6.587550e-23 3.739953e-25 1.037401e+00
       1 -5.654319e-19 -1.832302e-20 5.000000e-03 1.000000e+00 0.000000e+00 0.000000e+00 0.000000e+00 1.000000e+00 0.000000e+00 0.000000e+00 0.000000e+00 1.000000e+00 0.000000e+00 1.528442e-30 -2.452004e-12 0.000000e+00 0.000000e+00 0.000000e+00
       2 2.919646e-03 -4.991468e-02 5.000000e-03 9.982937e-01 -5.839291e-02 3.553072e-27 5.839291e-02 9.982937e-01 -3.074574e-26 -1.751676e-27 3.090075e-26 1.000000e+00 3.990728e-02 2.334092e-03 -7.021451e-12 4.605338e-22 5.332856e-23 7.995097e-01
       1 -5.654319e-19 -1.832302e-20 5.000000e-03 1.000000e+00 0.000000e+00 0.000000e+00 0.000000e+00 1.000000e+00 0.000000e+00 0.000000e+00 0.000000e+00 1.000000e+00 0.000000e+00 -4.171324e-31 1.342121e-13 0.000000e+00 0.000000e+00 0.000000e+00
       2 4.116984e-03 -4.983022e-02 5.000000e-03 9.966043e-01 -8.233968e-02 4.374110e-28 8.233968e-02 9.966043e-01 4.345943e-27 -7.937693e-28 -4.295170e-27 1.000000e+00 1.879712e-02 1.553052e-03 2.674386e-13 -4.252604e-24 3.680067e-25 3.772234e-01
       1 -5.654319e-19 -1.832302e-20 5.000000e-03 1.000000e+00 0.000000e+00 0.000000e+00 0.000000e+00 1.000000e+00 0.000000e+00 0.000000e+00 0.000000e+00 1.000000e+00 0.000000e+00 -1.096263e-29 4.130737e-12 0.000000e+00 0.000000e+00 0.000000e+00
       2 4.366302e-03 -4.980899e-02 5.000000e-03 9.961798e-01 -8.732604e-02 7.471654e-30 8.732604e-02 9.961798e-01 -1.026997e-28 1.525248e-30 1.029599e-28 1.000000e+00 -6.570582e-03 -5.762604e-04 2.484532e-12 -7.610103e-22 3.536184e-24 -1.319161e-01
       1 -5.654319e-19 -1.832302e-20 5.000000e-03 1.000000e+00 0.000000e+00 0.000000e+00 0.000000e+00 1.000000e+00 0.000000e+00 0.000000e+00 0.000000e+00 1.000000e+00 0.000000e+00 7.986735e-30 -4.909601e-12 0.000000e+00 0.000000e+00 0.000000e+00
       2 3.611240e-03 -4.986942e-02 5.000000e-03 9.973884e-01 -7.222480e-02 -4.008254e-32 7.222480e-02 9.973884e-01 7.847021e-31 -1.669857e-32 -7.855383e-31 1.000000e+00 -3.045524e-02 -2.204166e-03 -7.085690e-12 -2.183854e-22 -6.014205e-23 -6.106983e-01
       1 -5.654319e-19 -1.832302e-20 5.000000e-03 1.000000e+00 0.000000e+00 0.000000e+00 0.000000e+00 1.000000e+00 0.000000e+00 0.000000e+00 0.000000e+00 1.000000e+00 0.000000e+00 1.026210e-29 -7.462989e-13 0.000000e+00 0.000000e+00 0.000000e+00
