1 -5.654319433712921e-19 -1.8323016715005026e-20 0.0050000000000000001 1 0 0 0 1 0 0 0 1 -0 -0 -0 0 0 0 
2 0.050000000000000003 -1.0601083247030143e-19 0.0050000000000000001 2.8327694488239898e-16 -1 0 1 2.8327694488239898e-16 0 0 0 1 0 0 0 0 0 0 
1 -5.654319433712921e-19 -1.8323016715005026e-20 0.0050000000000000001 1 0 0 0 1 1.598966481209259e-36 0 -1.598966481209259e-36 1 0 0 0 -5.8313154231112388e-34 0 0 
2 0.049654568053517312 -0.0058672560911297118 0.005000000000000001 0.11734533089163296 -0.99309117069780317 -5.5511148351749012e-17 0.99309117069780317 0.11734533089163296 -5.5511148351749012e-17 6.1641605374928365e-17 -4.8613657231907344e-17 1 -0.034467198770533461 -0.29172470558133712 -1.2443404086430911e-16 -1.3988810110276972e-14 1.5987211554602254e-14 -5.8751703892401856 
1 -5.654319433712921e-19 -1.8323016715005026e-20 0.0050000000000000001 1 0 0 0 1 0 0 0 1 0 0 0 0 0 0 
2 0.044640542269881123 -0.022521803737110074 0.0049999999999999992 0.45043512299262645 -0.89280916212515282 5.5511118859229012e-17 0.89280916212515282 0.45043512299262645 5.5511118859229012e-17 -7.4564993168153143e-17 2.4556677866522898e-17 1 -0.25927296148636408 -0.51391930440658362 6.5366367983138737e-18 -4.8849813083506888e-15 6.8833827526759706e-15 -11.512338863643464 
1 -5.654319433712921e-19 -1.8323016715005026e-20 0.0050000000000000001 1 0 0 0 1 0 0 0 1 0 0 0 0 0 0 
2 0.026096069707450927 -0.042649726009208869 0.005000000000000001 0.8529932799755231 -0.52192189484308749 0 0.52192189484308749 0.8529932799755231 0 0 0 1 -0.675829720679477 -0.41345605798964685 1.9164522617484807e-16 -8.8817841970012523e-16 1.4432899320127035e-15 -15.846877619448374 
1 -5.654319433712921e-19 -1.8323016715005026e-20 0.0050000000000000001 1 0 0 0 1 0 0 0 1 0 0 0 0 0 0 
2 -0.0061115969525784592 -0.049624930671598434 0.0050000000000000001 0.99250167393369448 0.1222310404063322 4.1633398604083261e-17 -0.1222310404063322 0.99250167393369448 -1.4528321387883221e-16 -5.9079336192086725e-17 1.3910493934217927e-16 1 -0.84823152509939492 0.10449031406699182 -1.6106026300876119e-17 1.6653345369377348e-15 -6.3282712403633923e-15 -17.092645460787843 
1 -5.654319433712921e-19 -1.8323016715005026e-20 0.0050000000000000001 1 0 0 0 1 0 0 0 1 0 0 0 0 0 0 
2 -0.034688680837149842 -0.036009597385695952 0.0050000000000000001 0.72019193421078342 0.69377487551635264 -5.5511161041263511e-17 -0.69377487551635264 0.72019193421078342 2.7755580520631756e-17 5.9234814861179252e-17 1.8522903620873871e-17 1 -0.52398300869492198 0.50478805918104863 -1.3139074730233699e-16 -1.7763568394002505e-15 -6.2172489379008766e-15 -14.551941649659957 
1 -5.654319433712921e-19 -1.8323016715005026e-20 0.0050000000000000001 1 0 0 0 1 0 0 0 1 0 0 0 0 0 0 
2 -0.047512745051342842 -0.015573694772287575 0.005000000000000001 0.31147371210376806 0.95025476934783071 0 -0.95025476934783071 0.31147371210376806 0 0 0 1 -0.14900351016295041 0.45455037423967048 -1.120451389252638e-16 -7.1054273576010019e-15 2.9753977059954195e-14 -9.5671438480588407 
1 -5.654319433712921e-19 -1.8323016715005026e-20 0.0050000000000000001 1 0 0 0 1 0 0 0 1 0 0 0 0 0 0 
2 -0.049940355750269838 -0.0024417887053306379 0.0050000000000000018 0.048835820711072626 0.99880681946784688 5.551114634771443e-17 -0.99880681946784688 0.048835820711072626 1.1102229269542886e-16 1.0817889066664657e-16 -6.0866776309581029e-17 1 -0.0092188374051016195 0.18887150818172202 -4.5695416757190152e-16 -1.4765966227514582e-14 3.8746783559417963e-14 -3.7819921657680236 
1 -5.654319433712921e-19 -1.8323016715005026e-20 0.0050000000000000001 1 0 0 0 1 0 0 0 1 0 0 0 0 0 0 
2 -0.049994220534071723 -0.00076021933611731944 0.0050000000000000001 0.015204662804112512 0.99988440243310783 -1.1102230223847967e-16 -0.99988440243310783 0.015204662804112512 -1.1102230223847967e-16 -1.0932141166119779e-16 1.1269752499974248e-16 1 0.0015968557003572907 -0.10500985712161703 1.5478669552217119e-17 -1.2545520178264269e-14 5.5511151231257827e-16 2.1004178788751036 
1 -5.654319433712921e-19 -1.8323016715005026e-20 0.0050000000000000001 1 0 0 0 1 0 0 0 1 0 0 0 0 0 0 
2 -0.048832147150670045 -0.010743529837385512 0.0050000000000000001 0.21487071216136205 0.97664250217531956 2.7755572107857086e-16 -0.97664250217531956 0.21487071216136205 1.942890047549996e-16 1.3011230429646247e-16 -3.1281973074407956e-16 1 0.085373149835746107 -0.38805965741526316 -1.5253638977663063e-16 -1.3322676295501878e-15 9.9920072216264089e-15 7.9468298062240326 
1 -5.654319433712921e-19 -1.8323016715005026e-20 0.0050000000000000001 1 0 0 0 1 0 0 0 1 0 0 0 0 0 0 
2 -0.039959802014303228 -0.030053583957200126 0.0050000000000000001 0.60107094169792197 0.79919567256484392 0 -0.79919567256484392 0.60107094169792197 -1.3877784792804866e-17 -1.1091065551195848e-17 8.3415331740923226e-18 1 0.39961755302758373 -0.53136437814078452 -5.959577314112812e-17 -1.1990408665951691e-14 -2.4646951146678475e-14 13.297098785962778 
1 -5.654319433712921e-19 -1.8323016715005026e-20 0.0050000000000000001 1 0 0 0 1 0 0 0 1 0 0 0 0 0 0 
2 -0.015532633099328105 -0.047526164986162467 0.0049999999999999992 0.95052335724130488 0.31065309806715069 0 -0.31065309806715069 0.95052335724130488 -2.2551406477370298e-17 -7.0056642879666926e-18 2.1435638595383324e-17 1 0.79491908323306504 -0.25978696998899015 -6.841951343156155e-18 2.3314683517128287e-14 -3.9968028886505635e-15 16.725421701578792 
1 -5.654319433712921e-19 -1.8323016715005026e-20 0.0050000000000000001 1 0 0 0 1 0 0 0 1 0 0 0 0 0 0 
2 0.01777674096576223 -0.046733067230628506 0.0050000000000000001 0.93466290632090898 -0.35553516218195869 0 0.35553516218195869 0.93466290632090898 -1.3877793789610268e-17 4.9340436657168659e-18 1.2971059076719395e-17 1 0.77486163455121859 0.29464272121565116 -1.570647646709273e-16 -2.2204460492503131e-15 -1.1102230246251565e-16 16.580104778143745 
1 -5.654319433712921e-19 -1.8323016715005026e-20 0.0050000000000000001 1 0 0 0 1 0 0 0 1 0 0 0 0 0 0 
2 0.041051122762512063 -0.028544746963199013 0.0050000000000000018 0.57089385913492596 -0.82102387395375498 0 0.82102387395375498 0.57089385913492596 0 0 0 1 0.36964947451017294 0.53160141254077298 -1.3358765430865699e-16 1.7763568394002505e-15 -3.3306690738754696e-15 12.94959391341067 
1 -5.654319433712921e-19 -1.8323016715005026e-20 0.0050000000000000001 1 0 0 0 1 0 0 0 1 0 0 0 0 0 0 
2 0.049053733593014286 -0.0096817254042874303 0.0049999999999999992 0.19363399280287155 -0.98107383862338182 0 0.98107383862338182 0.19363399280287155 0 0 0 1 0.072947139404366076 0.36955909286848865 3.9979396174880131e-17 2.886579864025407e-15 -3.5527136788005009e-15 7.5338481110290614 
1 -5.654319433712921e-19 -1.8323016715005026e-20 0.0050000000000000001 1 0 0 0 1 0 0 0 1 0 0 0 0 0 0 
2 0.049997385298040008 -0.00051193154036681247 0.0050000000000000018 0.010238779651656737 -0.99994758232181591 0 0.99994758232181591 0.010238779651656737 0 0 0 1 0.00086272799425505186 0.084027357095911873 1.0141700968306578e-16 5.5511151231257827e-17 0 1.6805764919201631 
1 -5.654319433712921e-19 -1.8323016715005026e-20 0.0050000000000000001 1 0 0 0 1 0 0 0 1 0 0 0 0 0 0 
2 0.049907973268201025 -0.0030322085278147439 0.005000000000000001 0.060644227459506171 -0.99815944501659637 -1.1102230185126131e-16 0.99815944501659637 0.060644227459506171 1.1102230185126131e-16 -1.0408509747377418e-16 -1.1755082092686587e-16 1 -0.012738823404142617 -0.2096859981601171 -2.4437545285437788e-16 1.9539925233402755e-14 1.7763568394002505e-14 -4.2015108963217873 
1 -5.654319433712921e-19 -1.8323016715005026e-20 0.0050000000000000001 1 0 0 0 1 0 0 0 1 0 0 0 0 0 0 
2 0.047051937885920027 -0.016914982705976384 0.005000000000000001 0.33829961179178542 -0.94103845440105549 0 0.94103845440105549 0.33829961179178542 0 0 0 1 -0.16861634110103726 -0.46897021720780158 -6.9428023508533076e-16 6.3060667798708891e-14 4.4408920985006262e-14 -9.9671437967803662 
1 -5.654319433712921e-19 -1.8323016715005026e-20 0.0050000000000000001 1 0 0 0 1 0 0 0 1 0 0 0 0 0 0 
2 0.033123306147752177 -0.037454673976575786 0.0050000000000000001 0.74909187061117255 -0.66246612697122431 0 0.66246612697122431 0.74909187061117255 0 0 0 1 -0.55588554865032747 -0.49159292117541808 1.2680361775057925e-16 0 2.2204460492503131e-16 -14.841578799933451 
1 -5.654319433712921e-19 -1.8323016715005026e-20 0.0050000000000000001 1 0 0 0 1 0 0 0 1 0 0 0 0 0 0 
2 0.0036478166954281685 -0.049866662727614045 0.005000000000000001 0.99733499682667981 -0.072958235345480557 6.9388977913487638e-18 0.072958235345480557 0.99733499682667981 -2.9295159112850558e-16 1.4452825523671028e-17 2.9267712394661838e-16 1 -0.85413753677423809 -0.062468247725526914 -8.3584515653972231e-17 4.1078251911130792e-14 3.2439329000766293e-15 -17.128114120754347 
1 -5.654319433712921e-19 -1.8323016715005026e-20 0.0050000000000000001 1 0 0 0 1 0 0 0 1 0 0 0 0 0 0 
2 -0.027990709408617157 -0.041430811885074623 0.0050000000000000001 0.82861717159274684 0.55981566871751309 5.5511172716174882e-17 -0.55981566871751309 0.82861717159274684 -4.1633379537131161e-17 -6.9304529134422394e-17 3.4221089205061568e-18 1 -0.6464293698569813 0.4367655388439397 2.4293983415847851e-17 1.3322676295501878e-15 1.7763568394002505e-15 -15.603284828813637 
1 -5.654319433712921e-19 -1.8323016715005026e-20 0.0050000000000000001 1 0 0 0 1 0 0 0 1 0 0 0 0 0 0 
2 -0.045335479030230906 -0.021087797909896996 0.0049999999999999992 0.42175563143640021 0.90670953857984937 5.5511147465789911e-17 -0.90670953857984937 0.42175563143640021 -2.7755573732894955e-17 -4.8578382503565522e-17 -3.8626417379147671e-17 1 -0.2345416008988325 0.50420839646949456 1.5575264708887132e-16 -1.1102230246251565e-14 7.9936057773011271e-15 -11.122059243288504 
1 -5.654319433712921e-19 -1.8323016715005026e-20 0.0050000000000000001 1 0 0 0 1 0 0 0 1 0 0 0 0 0 0 
2 -0.049738825112876452 -0.0051039960431604782 0.0050000000000000001 0.10207985982572242 0.9947762071028643 0 -0.9947762071028643 0.10207985982572242 0 0 0 1 -0.027794348173490351 0.271118444710236 -6.1688521753863488e-16 -5.7953641885433171e-14 -3.4861002973229915e-14 -5.4507333240426679 
1 -5.654319433712921e-19 -1.8323016715005026e-20 0.0050000000000000001 1 0 0 0 1 0 0 0 1 0 0 0 0 0 0 
2 -0.049999932329914239 -8.4273134700196307e-05 0.0050000000000000001 0.0016857284510480089 0.99999857915878532 0 -0.99999857915878532 0.0016857284510480089 0 0 0 1 3.6461343120324432e-05 -0.021324736025652765 2.6375381766109396e-17 -1.3877787807814457e-17 0 0.42645909709888608 
1 -5.654319433712921e-19 -1.8323016715005026e-20 0.0050000000000000001 1 0 0 0 1 0 0 0 1 0 0 0 0 0 0 
2 -0.049536069086657065 -0.0067955061312790751 0.005000000000000001 0.13591034336186364 0.99072114066838224 0 -0.99072114066838224 0.13591034336186364 0 0 0 1 0.042798676296590669 -0.31199328400218224 -8.6966968334081237e-17 -6.8833827526759706e-15 5.9952043329758453e-15 6.2983377006460701 
1 -5.654319433712921e-19 -1.8323016715005026e-20 0.0050000000000000001 1 0 0 0 1 0 0 0 1 0 0 0 0 0 0 
2 -0.043825825097730614 -0.02406866646776739 0.0050000000000000001 0.4813728432793356 0.87651593582385501 0 -0.87651593582385501 0.4813728432793356 0 0 0 1 0.28611557048457326 -0.52100627663645771 -1.5462187091303116e-16 0 0 11.887912758598704 
1 -5.654319433712921e-19 -1.8323016715005026e-20 0.0050000000000000001 1 0 0 0 1 0 0 0 1 0 0 0 0 0 0 
2 -0.02405914530839285 -0.043831012645411671 0.005000000000000001 0.87662000482969615 0.48118329889178774 0 -0.48118329889178774 0.87662000482969615 1.7347234670487502e-17 8.3471996053951704e-18 -1.5206932940624627e-17 1 0.70366391463497557 -0.38624775168696807 2.0062177857068799e-16 0 2.2204460492503131e-16 16.053623258368454 
1 -5.654319433712921e-19 -1.8323016715005026e-20 0.0050000000000000001 1 0 0 0 1 0 0 0 1 0 0 0 0 0 0 
2 0.0085774802993713786 -0.04925872842667222 0.0050000000000000001 0.98517553223908738 -0.17154932432810927 2.775558286168753e-17 0.17154932432810927 0.98517553223908738 2.4286135003976591e-17 -3.1510391168842535e-17 -1.9164654492317622e-17 1 0.83821638186168612 0.14585946856760637 -4.0731755192217499e-17 2.1094237467877974e-15 -2.0691781621451355e-14 17.017217033437042 
1 -5.654319433712921e-19 -1.8323016715005026e-20 0.0050000000000000001 1 0 0 0 1 0 0 0 1 0 0 0 0 0 0 
2 0.036158065853663636 -0.03453384176019144 0.0050000000000000001 0.69067684700205523 -0.72316353130899758 -5.5511169056394402e-17 0.72316353130899758 0.69067684700205523 -2.7755584528197201e-17 5.8412105738225008e-17 -2.0973513433278658e-17 1 0.49167992397606386 0.51478756279041604 2.48074199319962e-16 -8.8817841970012523e-16 -8.4376949871511897e-15 14.237113443430081 
1 -5.654319433712921e-19 -1.8323016715005026e-20 0.0050000000000000001 1 0 0 0 1 0 0 0 1 0 0 0 0 0 0 
2 0.047909642111507306 -0.01430632562192866 0.005000000000000001 0.28612551930187924 -0.9581921452423986 -1.1102226635075302e-16 0.9581921452423986 0.28612551930187924 -8.3266699763064762e-17 1.1155180128690652e-16 -8.2555935854040436e-17 1 0.1308890939561444 0.43830655861945161 4.0222306696813511e-17 -3.1086244689504383e-15 -1.3100631690576847e-14 9.1487456706738897 
1 -5.654319433712921e-19 -1.8323016715005026e-20 0.0050000000000000001 1 0 0 0 1 0 0 0 1 0 0 0 0 0 0 
2 0.049960923520884826 -0.0019767313009722174 0.0050000000000000001 0.039534741298985772 -0.99921819650686017 -5.5511146771649131e-17 0.99921819650686017 0.039534741298985772 -5.5511146771649131e-17 5.7662366790022032e-17 -5.3273129136367682e-17 1 0.0066170567478923067 0.16712462399954517 -5.4201033955049562e-32 1.8984813721090177e-14 -1.9984014443252818e-14 3.3450664337217599 
1 -5.654319433712921e-19 -1.8323016715005026e-20 0.0050000000000000001 1 0 0 0 1 0 0 0 1 0 0 0 0 0 0 
2 0.049986323275059835 -0.0011694007904707508 0.0050000000000000018 0.023388088804361183 -0.99972646123931286 -1.1102230234441189e-16 0.99972646123931286 0.023388088804361183 3.3306690703323566e-16 -3.3037920085776416e-16 -1.1878173184090719e-16 1 -0.0029674330303152852 -0.12684796717711816 1.9523743474473014e-16 8.7707618945387367e-15 1.8540724511240114e-14 -2.5377146508568824 
1 -5.654319433712921e-19 -1.8323016715005026e-20 0.0050000000000000001 1 0 0 0 1 0 0 0 1 0 0 0 0 0 0 
2 0.048541806995214161 -0.011987223559027585 0.0050000000000000001 0.23974450369285036 -0.97083601753801285 0 0.97083601753801285 0.23974450369285036 0 0 0 1 -0.10037632340023731 -0.40640524568215769 9.2769785144066256e-17 0 -2.2204460492503131e-15 -8.3721795131963397 
1 -5.654319433712921e-19 -1.8323016715005026e-20 0.0050000000000000001 1 0 0 0 1 0 0 0 1 0 0 0 0 0 0 
2 0.038686554819491896 -0.031675806917029863 0.0050000000000000001 0.63351491012882166 -0.77373048191503413 1.1102226200043866e-16 0.77373048191503413 0.63351491012882166 4.1633348250164498e-17 -1.0254724893884261e-16 5.9525961405831697e-17 1 -0.4319863146623994 -0.52757986469476492 3.501713230113057e-16 -9.3258734068513149e-15 1.865174681370263e-14 -13.637584114168895 
1 -5.654319433712921e-19 -1.8323016715005026e-20 0.0050000000000000001 1 0 0 0 1 0 0 0 1 0 0 0 0 0 0 
2 0.0130962929609982 -0.048254359234333986 0.0049999999999999984 0.96508741784408159 -0.26192799758529661 0 0.26192799758529661 0.96508741784408159 -3.5388368126404515e-16 9.2692044011604689e-17 3.4152868816827532e-16 1 -0.81270162470458907 -0.22056465788147933 -4.3772585451745127e-17 5.5511151231257827e-15 1.2989609388114332e-14 -16.841763794797064 
1 -5.654319433712921e-19 -1.8323016715005026e-20 0.0050000000000000001 1 0 0 0 1 0 0 0 1 0 0 0 0 0 0 
2 -0.020068960274452891 -0.045795478452656295 0.0050000000000000001 0.91591150314244385 0.401380266594347 0 -0.401380266594347 0.91591150314244385 1.1102236623884235e-16 4.4562186958881772e-17 -1.0168666234424901e-16 1 -0.75105369692989998 0.32917511763686597 -3.6007458445637483e-17 1.2212453270876722e-14 -5.8286708792820718e-15 -16.400536079363235 
1 -5.654319433712921e-19 -1.8323016715005026e-20 0.0050000000000000001 1 0 0 0 1 0 0 0 1 0 0 0 0 0 0 
2 -0.042102904939702618 -0.026969345304390546 0.005000000000000001 0.53938650373385866 0.84205831127646025 0 -0.84205831127646025 0.53938650373385866 -2.7755574493226084e-17 -2.3371812186273948e-17 1.4970982285025883e-17 1 -0.33903374774524186 0.52927649317603875 1.5565514095569785e-16 4.4408920985006262e-16 -2.2204460492503131e-16 -12.571395600590201 
1 -5.654319433712921e-19 -1.8323016715005026e-20 0.0050000000000000001 1 0 0 0 1 0 0 0 1 0 0 0 0 0 0 
2 -0.04924725671141416 -0.0086434178213016799 0.005000000000000001 0.17286824596497158 0.9849449576179341 -1.1102229557343191e-16 -0.9849449576179341 0.17286824596497158 -1.1102229557343191e-16 -9.0158620709435847e-17 1.2854307970700345e-16 1 -0.061252492768342118 0.3492104327255332 2.0818322320610365e-16 2.7977620220553945e-14 -2.2870594307278225e-14 -7.0905321653500177 
1 -5.654319433712921e-19 -1.8323016715005026e-20 0.0050000000000000001 1 0 0 0 1 0 0 0 1 0 0 0 0 0 0 
2 -0.049998761336317019 -0.00035334606951772072 0.0050000000000000018 0.007067156116280008 0.99997502734039723 1.1102229598398671e-16 -0.99997502734039723 0.007067156116280008 1.1102229598398671e-16 1.1023491156387411e-16 -1.1180413536008747e-16 1 -0.0004324552828490964 0.061490394049218015 -1.0748881871670476e-16 3.5305092183079978e-14 -6.9055872131684737e-14 -1.2298863925071535 
1 -5.654319433712921e-19 -1.8323016715005026e-20 0.0050000000000000001 1 0 0 0 1 0 0 0 1 0 0 0 0 0 0 
2 -0.049857459459886962 -0.003772809924282534 0.0050000000000000001 0.075456460620400692 0.99714909745265368 -5.5511149880659628e-17 -0.99714909745265368 0.075456460620400692 -1.6653344964197889e-16 -1.6187000411121303e-16 6.7918917686948189e-17 1 0.017546886119112957 -0.23188609652678291 1.8221656896037177e-17 1.0880185641326534e-14 -1.0436096431476471e-14 4.651010015558998 
1 -5.654319433712921e-19 -1.8323016715005026e-20 0.0050000000000000001 1 0 0 0 1 0 0 0 1 0 0 0 0 0 0 
2 -0.046478569155097418 -0.018432191744824723 0.0050000000000000001 0.36864362174925702 0.92957080426592076 0 -0.92957080426592076 0.36864362174925702 0 0 0 1 0.19144852216558816 -0.48278371365539924 -8.9993116565525116e-32 4.8849813083506888e-15 3.7747582837255322e-15 10.387161642478658 
1 -5.654319433712921e-19 -1.8323016715005026e-20 0.0050000000000000001 1 0 0 0 1 0 0 0 1 0 0 0 0 0 0 
2 -0.031325552741307036 -0.038970643492953871 0.005000000000000001 0.77941239136016671 0.62651123229693673 0 -0.62651123229693673 0.77941239136016671 2.0816680170170013e-17 1.3041883945744421e-17 -1.6224778471611974e-17 1 0.58951987757129609 -0.47388337451839391 3.7766655895518628e-17 6.6613381477509392e-15 1.8318679906315083e-14 15.127117194872829 
1 -5.654319433712921e-19 -1.8323016715005026e-20 0.0050000000000000001 1 0 0 0 1 0 0 0 1 0 0 0 0 0 0 
2 -0.000986304291227967 -0.049990258683382874 0.0050000000000000001 0.99980541653175947 0.019726354801504427 0 -0.019726354801504427 0.99980541653175947 -1.1926224820550386e-17 -2.3526094225268537e-19 1.1923904174361787e-17 1 0.85662163865764129 -0.016974602116887651 -8.3553338194950039e-16 8.3266726846886741e-17 7.6007993302096288e-15 17.13735805055358 
1 -5.654319433712921e-19 -1.8323016715005026e-20 0.0050000000000000001 1 0 0 0 1 0 0 0 1 0 0 0 0 0 0 
2 0.029933627735782658 -0.040049538100478774 0.0050000000000000018 0.80099218745194067 -0.59867479957064762 5.5511184321875972e-17 0.59867479957064762 0.80099218745194067 -2.9837261573008335e-16 1.3416414096155021e-16 2.7222728129722514e-16 1 0.61390413969678537 0.45880576656165006 -1.0852116591692048e-16 2.6645352591003757e-14 1.1213252548714081e-14 15.327946102927459 
1 -5.654319433712921e-19 -1.8323016715005026e-20 0.0050000000000000001 1 0 0 0 1 0 0 0 1 0 0 0 0 0 0 
2 0.046009625614939653 -0.019573395385775617 0.0050000000000000001 0.39146651918960229 -0.92019235182301784 -2.2204454231422673e-16 0.92019235182301784 0.39146651918960229 1.9428897452494839e-16 -9.1860224316595955e-17 -2.8038131817579277e-16 1 0.20936951056821587 0.49214091557552925 1.0816644225422418e-16 -2.5313084961453569e-14 -1.354472090042691e-14 10.696623665534172 
1 -5.654319433712921e-19 -1.8323016715005026e-20 0.0050000000000000001 1 0 0 0 1 0 0 0 1 0 0 0 0 0 0 
2 0.049810566507166823 -0.0043485390158763144 0.0050000000000000018 0.08697078471431835 -0.99621086252167301 -1.110222868079798e-16 0.99621086252167301 0.08697078471431835 1.665334302119697e-16 -1.5624671674569105e-16 -1.250851512068083e-16 1 0.021701820937031463 0.24850146399500259 7.9989861701207145e-17 9.9920072216264089e-15 6.6613381477509392e-16 4.9889301689647345 
1 -5.654319433712921e-19 -1.8323016715005026e-20 0.0050000000000000001 1 0 0 0 1 0 0 0 1 0 0 0 0 0 0 
2 0.049999363452238078 -0.00025236519701822931 0.0050000000000000001 0.0050473919663619237 -0.99998726183603859 0 0.99998726183603859 0.0050473919663619237 0 0 0 1 -0.00022442275048740006 -0.044508353452404059 -1.1516934474449614e-16 3.219646771412954e-15 -3.2474023470285829e-15 -0.89024104000416004 
1 -5.654319433712921e-19 -1.8323016715005026e-20 0.0050000000000000001 1 0 0 0 1 0 0 0 1 0 0 0 0 0 0 
2 0.049375641871319806 -0.007876932281552047 0.0050000000000000001 0.15753866143021142 -0.98751282024831311 0 0.98751282024831311 0.15753866143021142 0 0 0 1 -0.053234199803566223 -0.333636487248202 6.0798281738043053e-16 6.8833827526759706e-15 -8.2156503822261584e-15 -6.7569120414553989 
1 -5.654319433712921e-19 -1.8323016715005026e-20 0.0050000000000000001 1 0 0 0 1 0 0 0 1 0 0 0 0 0 0 
2 0.042845136515579425 -0.025774009133374694 0.0049999999999999992 0.51547947866718014 -0.85690192383551822 -5.5511133777452637e-17 0.85690192383551822 0.51547947866718014 -5.5511133777452637e-17 7.6182447628015352e-17 -1.8952747028364603e-17 1 -0.31670807005590756 -0.52645001317890283 1.9726081038254888e-16 -9.7699626167013776e-15 1.7319479184152442e-14 -12.287495927169704 
1 -5.654319433712921e-19 -1.8323016715005026e-20 0.0050000000000000001 1 0 0 0 1 0 0 0 1 0 0 0 0 0 0 
2 0.021749087487045311 -0.045021976759006134 0.0049999999999999992 0.90043851674725217 -0.43498330721765449 1.1102229832155729e-16 0.43498330721765449 0.90043851674725217 5.2041702338229976e-17 -1.2260602542285401e-16 1.4324932363782362e-18 1 -0.73201651771307952 -0.35362289681625897 -8.9140122963576494e-18 5.1070259132757201e-15 -6.9944050551384862e-15 -16.258954122262388 
1 -5.654319433712921e-19 -1.8323016715005026e-20 0.0050000000000000001 1 0 0 0 1 0 0 0 1 0 0 0 0 0 0 
2 -0.011230276618108001 -0.048722365972523378 0.0050000000000000001 0.97444975807877099 0.2246055853718352 1.3877796927658495e-17 -0.2246055853718352 0.97444975807877099 -1.3964533158456361e-16 -4.4888337303818069e-17 1.3296032887679959e-16 1 -0.82402617418993096 0.18997091191226517 -4.3066351692438759e-17 1.5210055437364645e-14 -1.5265566588595902e-16 -16.912670771644724 
1 -5.654319433712921e-19 -1.8323016715005026e-20 0.0050000000000000001 1 0 0 0 1 0 0 0 1 0 0 0 0 0 0 
2 -0.037656272861144431 -0.032893824764965954 0.0049999999999999992 0.65787623406989471 0.75312605893436801 0 -0.75312605893436801 0.65787623406989471 -1.249000950909281e-16 -9.4065516376358482e-17 8.2168804193391517e-17 1 -0.45654446096305679 0.52265896694559633 -1.9552273677075494e-16 7.6827433304060833e-14 -1.5543122344752192e-15 -13.879957843101087 
1 -5.654319433712921e-19 -1.8323016715005026e-20 0.0050000000000000001 1 0 0 0 1 0 0 0 1 0 0 0 0 0 0 
2 -0.048286911964443444 -0.012975905897679895 0.0050000000000000001 0.25951811782131246 0.96573823913236623 -1.110223024559175e-16 -0.96573823913236623 0.25951811782131246 -1.110223024559175e-16 -7.8406183908650563e-17 1.3603078184774695e-16 1 -0.11275590901763916 0.41956089386846968 -1.8741990967701292e-16 -1.7763568394002505e-15 4.3520742565306136e-14 -8.6890489408486395 
1 -5.654319433712921e-19 -1.8323016715005026e-20 0.0050000000000000001 1 0 0 0 1 0 0 0 1 0 0 0 0 0 0 
2 -0.049976375395773931 -0.0015374478540580495 0.005000000000000001 0.030749113705229984 0.99952713420214001 -5.5511145130687774e-17 -0.99952713420214001 0.030749113705229984 5.5511145130687774e-17 5.719181432228647e-17 5.3777977295224389e-17 1 -0.0044043212227749427 0.1433444206069559 -7.6903321670602339e-17 -2.9976021664879227e-15 -3.3306690738754696e-15 -2.8682893992172467 
1 -5.654319433712921e-19 -1.8323016715005026e-20 0.0050000000000000001 1 0 0 0 1 0 0 0 1 0 0 0 0 0 0 
2 -0.049971649865844833 -0.0016835214748671199 0.0050000000000000001 0.033670704440324717 0.99943298107601608 -1.1102230204653128e-16 -0.99943298107601608 0.033670704440324717 -1.1102230204653128e-16 -1.0722115118179342e-16 1.1469754941877985e-16 1 0.005074989404653861 -0.15063981850312905 1.5008114378610607e-17 1.4876988529977098e-14 -1.4988010832439613e-14 3.0145265222297142 
1 -5.654319433712921e-19 -1.8323016715005026e-20 0.0050000000000000001 1 0 0 0 1 0 0 0 1 0 0 0 0 0 0 
2 -0.048171587307236301 -0.013397777266452887 0.0050000000000000001 0.26795554747211514 0.96343127652101845 -2.2204457397981248e-16 -0.96343127652101845 0.26795554747211514 -5.5511143494953121e-17 6.0169035454891046e-18 2.2879920619992975e-16 1 0.1183295281823965 -0.42547750863302464 -3.3271641227306582e-17 6.2172489379008766e-15 -4.7073456244106637e-14 8.8325440912209423 
1 -5.654319433712921e-19 -1.8323016715005026e-20 0.0050000000000000001 1 0 0 0 1 0 0 0 1 0 0 0 0 0 0 
2 -0.037189465969339926 -0.03342073918934451 0.005000000000000001 0.66841423928359545 0.74378922062835284 1.1102228827652876e-16 -0.74378922062835284 0.66841423928359545 0 -7.420887836188001e-17 -8.2577181269575638e-17 1 0.46775016452831092 -0.52051798792596227 1.1335283719818891e-16 0 -1.7763568394002505e-15 13.995909888198806 
1 -5.654319433712921e-19 -1.8323016715005026e-20 0.0050000000000000001 1 0 0 0 1 0 0 0 1 0 0 0 0 0 0 
2 -0.01038978158689851 -0.048908611847846645 0.0050000000000000001 0.97817225579178402 0.20779566405296504 1.94289030721064e-16 -0.20779566405296504 0.97817225579178402 -2.3418767095842535e-17 -1.9491445771600472e-16 -1.7464829918887723e-17 1 0.82875413939456477 -0.17603860986601974 2.6982489728571354e-17 -3.3306690738754696e-15 -4.8211434844347423e-14 16.944547470779387 
1 -5.654319433712921e-19 -1.8323016715005026e-20 0.0050000000000000001 1 0 0 0 1 0 0 0 1 0 0 0 0 0 0 
2 0.022479587962687016 -0.044661548488121171 0.0050000000000000001 0.89323344976015151 -0.44959315411778544 0 0.44959315411778544 0.89323344976015151 -2.0816697190362864e-17 9.3590445481300831e-18 1.8594170243960275e-17 1 0.72280542353247623 0.36375940609227575 2.1998420623397391e-16 2.2204460492503131e-16 1.1102230246251565e-16 16.183521513946665 
1 -5.654319433712921e-19 -1.8323016715005026e-20 0.0050000000000000001 1 0 0 0 1 0 0 0 1 0 0 0 0 0 0 
2 0.043147104203542029 -0.025265147181621123 0.0050000000000000001 0.50530153688707946 -0.86294284678624888 -1.665334316734495e-16 0.86294284678624888 0.50530153688707946 6.9388929863937296e-17 2.4270918295436054e-17 -1.7877116651656708e-16 1 0.30698663775073498 0.52426410612885488 1.2652363505036822e-16 4.4408920985006262e-16 5.3290705182007514e-15 12.150714903218372 
1 -5.654319433712921e-19 -1.8323016715005026e-20 0.0050000000000000001 1 0 0 0 1 0 0 0 1 0 0 0 0 0 0 
2 0.049422062235861743 -0.0075804440604315647 0.0050000000000000001 0.15160865587335631 -0.98844059784302374 -1.1102227925432106e-16 0.98844059784302374 0.15160865587335631 1.1102227925432106e-16 -9.2906989550292217e-17 -1.2657086660978028e-16 1 0.050089376912421782 0.32650536045238071 8.045811995435854e-17 -2.0650148258027912e-14 -1.7097434579227411e-14 6.6065353151693937 
1 -5.654319433712921e-19 -1.8323016715005026e-20 0.0050000000000000001 1 0 0 0 1 0 0 0 1 0 0 0 0 0 0 
2 0.049999359920913908 -0.00025340890832113792 0.0049999999999999992 0.005068278865275078 -0.99998715619219025 0 0.99998715619219025 0.005068278865275078 0 0 0 1 0.00018875242511837495 0.03699291852383791 1.0088169482133985e-17 9.4368957093138306e-16 8.8817841970012523e-16 0.73980573796275539 
1 -5.654319433712921e-19 -1.8323016715005026e-20 0.0050000000000000001 1 0 0 0 1 0 0 0 1 0 0 0 0 0 0 
2 0.049783362767280938 -0.0046493887519952846 0.005000000000000001 0.092987782330718666 -0.9956672498064878 -2.220446045844698e-16 0.9956672498064878 0.092987782330718666 2.7755575573058725e-16 -2.5570574061742392e-16 -2.4689183497950206e-16 1 -0.023892617241220319 -0.25584658869290872 2.08760426542043e-16 -5.0182080713057076e-14 1.2656542480726785e-14 -5.1392442860376333 
1 -5.654319433712921e-19 -1.8323016715005026e-20 0.0050000000000000001 1 0 0 0 1 0 0 0 1 0 0 0 0 0 0 
2 0.045772672001596057 -0.020121288918330062 0.0050000000000000001 0.4024255078783211 -0.91545273532218763 0 0.91545273532218763 0.4024255078783211 0 0 0 1 -0.21808262636892414 -0.49606899665944565 3.1028698573262825e-16 4.4408920985006262e-16 3.1086244689504383e-15 -10.837779483930543 
1 -5.654319433712921e-19 -1.8323016715005026e-20 0.0050000000000000001 1 0 0 0 1 0 0 0 1 0 0 0 0 0 0 
2 0.029257521950636536 -0.040546296939901541 0.0050000000000000001 0.81092432463699982 -0.58515104008454588 -5.5511136970099579e-17 0.58515104008454588 0.81092432463699982 1.5265562666777386e-16 -4.4311267462096015e-17 -1.5627456049193193e-16 1 -0.62516532555361337 -0.45111295492722342 1.3516828397914085e-17 -3.5527136788005009e-15 -2.55351295663786e-15 -15.41853899139713 
1 -5.654319433712921e-19 -1.8323016715005026e-20 0.0050000000000000001 1 0 0 0 1 0 0 0 1 0 0 0 0 0 0 
2 -0.0019057485672132547 -0.049963564439418101 0.005000000000000001 0.99927340196535697 0.038113883619779861 0 -0.038113883619779861 0.99927340196535697 1.9081969586080236e-17 7.27287968040041e-19 -1.9068104664481871e-17 1 -0.85548951832971365 0.032657851343013598 1.6089133045730715e-16 -1.1657341758564144e-15 6.2189836613768534e-16 -17.121945513676703 
1 -5.654319433712921e-19 -1.8323016715005026e-20 0.0050000000000000001 1 0 0 0 1 0 0 0 1 0 0 0 0 0 0 
2 -0.031928792138831923 -0.038477894959553324 0.0049999999999999992 0.76955810281948422 0.6385767975622636 -1.1102232132799468e-16 -0.6385767975622636 0.76955810281948422 -6.2450055746997005e-17 4.5558970365284558e-17 1.1895522483318948e-16 1 -0.577518799825117 0.47925234832362318 -2.3914474605346083e-17 8.8817841970012523e-15 1.8873791418627661e-15 -15.009832367390171 
1 -5.654319433712921e-19 -1.8323016715005026e-20 0.0050000000000000001 1 0 0 0 1 0 0 0 1 0 0 0 0 0 0 
2 -0.046658338264444578 -0.017972191977365722 0.0049999999999999992 0.35944378673408672 0.93316673975140174 0 -0.93316673975140174 0.35944378673408672 0 0 0 1 -0.18383711941686756 0.47724203577894686 -2.3959068227207909e-16 1.1546319456101628e-14 -8.2156503822261584e-15 -10.228678469896959 
1 -5.654319433712921e-19 -1.8323016715005026e-20 0.0050000000000000001 1 0 0 0 1 0 0 0 1 0 0 0 0 0 0 
2 -0.049869947360709481 -0.0036043061924610825 0.0050000000000000018 0.072086132111143827 0.99739841064504142 1.1102228447727637e-16 -0.99739841064504142 0.072086132111143827 -1.1102228447727637e-16 -1.1873661714992705e-16 -1.0273028301770717e-16 1 -0.016162070996898485 0.2237728727777798 -2.9557895079266352e-16 -5.6177285046032921e-14 2.6423307986078726e-14 -4.4871327905340594 
1 -5.654319433712921e-19 -1.8323016715005026e-20 0.0050000000000000001 1 0 0 0 1 0 0 0 1 0 0 0 0 0 0 
2 -0.049997381696398772 -0.00051178349929738613 0.005000000000000001 0.010235948623873862 0.99994761130559706 -5.5511150869271621e-17 -0.99994761130559706 0.010235948623873862 5.5511150869271621e-17 5.6076452000902744e-17 5.4940033424202799e-17 1 0.0007132020549594669 -0.069673426740058317 -2.1088602462450834e-17 1.9706458687096529e-14 -1.6764367671839864e-14 1.3935527679949546 
1 -5.654319433712921e-19 -1.8323016715005026e-20 0.0050000000000000001 1 0 0 0 1 0 0 0 1 0 0 0 0 0 0 
2 -0.049161114156575182 -0.0091206504931592644 0.0050000000000000001 0.18241314780301407 0.98322197061934891 0 -0.98322197061934891 0.18241314780301407 0 0 0 1 0.066140925225559644 -0.35652553349802901 8.3802839601448989e-17 0 0 7.2522234903271574 
1 -5.654319433712921e-19 -1.8323016715005026e-20 0.0050000000000000001 1 0 0 0 1 0 0 0 1 0 0 0 0 0 0 
2 -0.041670426499924987 -0.027632917922528505 0.0049999999999999992 0.55265790083535105 0.83340821008930743 5.5511142651821161e-17 -0.83340821008930743 0.55265790083535105 -1.387778566295529e-17 -4.2244532080293822e-17 -3.8593774144734682e-17 1 0.35121260968579326 -0.52965528082725055 1.2826003291905678e-17 2.5757174171303632e-14 -4.7073456244106637e-14 12.710272063169638 
1 -5.654319433712921e-19 -1.8323016715005026e-20 0.0050000000000000001 1 0 0 0 1 0 0 0 1 0 0 0 0 0 0 
2 -0.019149925938383015 -0.046187445938767807 0.0050000000000000001 0.92374890561075107 0.38299864148967894 -2.7755575909712327e-17 -0.38299864148967894 0.92374890561075107 -1.8041124341313009e-16 -4.3458078265499723e-17 1.7728503652993725e-16 1 0.7601433625430335 -0.31515956589395766 1.1395482575267285e-16 1.1102230246251565e-15 -1.8873791418627661e-15 16.457368693738058 
1 -5.654319433712921e-19 -1.8323016715005026e-20 0.0050000000000000001 1 0 0 0 1 0 0 0 1 0 0 0 0 0 0 
2 0.014046450591630476 -0.047986294435191645 0.0050000000000000001 0.95972851898405898 -0.28092911890486655 0 0.28092911890486655 0.95972851898405898 -5.2041741237658673e-18 1.462004051217051e-18 4.994594324336979e-18 1 0.8048325318281786 0.23552866248849108 -2.463085771842876e-33 -4.4408920985006262e-16 -7.4940054162198066e-16 16.772046714995376 
1 -5.654319433712921e-19 -1.8323016715005026e-20 0.0050000000000000001 1 0 0 0 1 0 0 0 1 0 0 0 0 0 0 
2 0.03915553913835635 -0.031094037029409188 0.0049999999999999992 0.62187995686048014 -0.78311258402301731 1.6653347439135975e-16 0.78311258402301731 0.62187995686048014 8.3266737195679875e-17 -1.6877105959879904e-16 7.8632544521786374e-17 1 0.41911645186912783 0.52778066850777083 3.4584979177905823e-17 1.1102230246251565e-14 -2.19824158875781e-14 13.479083873894131 
1 -5.654319433712921e-19 -1.8323016715005026e-20 0.0050000000000000001 1 0 0 0 1 0 0 0 1 0 0 0 0 0 0 
2 0.048635481745221705 -0.011601466195379271 0.0050000000000000001 0.23202874035055687 -0.97270893059092134 -5.5511136480124241e-17 0.97270893059092134 0.23202874035055687 2.2204454592049697e-16 -2.0310453373296224e-16 -1.0551689449311262e-16 1 0.094999642468444015 0.39821320190054271 -2.9805915019686769e-17 -1.3766765505351941e-14 9.1038288019262836e-15 8.18786021869726 
1 -5.654319433712921e-19 -1.8323016715005026e-20 0.0050000000000000001 1 0 0 0 1 0 0 0 1 0 0 0 0 0 0 
2 0.049986930556666233 -0.0011433997257894002 0.005000000000000001 0.022868095387866254 -0.99973849091316447 -5.5511149284224713e-17 0.99973849091316447 0.022868095387866254 -5.5511149284224713e-17 5.6766066871187942e-17 -5.4227198357344473e-17 1 0.0026926656605614054 0.11757934079214306 1.1284061454013791e-16 -4.7739590058881731e-15 4.6629367034256575e-15 2.3521470615136471 
1 -5.654319433712921e-19 -1.8323016715005026e-20 0.0050000000000000001 1 0 0 0 1 0 0 0 1 0 0 0 0 0 0 
2 0.049946078502982834 -0.0023214779989217914 0.005000000000000001 0.046429580236073881 -0.99892156552909694 -1.1102230232766269e-16 0.99892156552909694 0.046429580236073881 1.1102230232766269e-16 -1.0574785315587765e-16 -1.160572909437094e-16 1 -0.008195268948426114 -0.17632928030421621 6.135006074173854e-18 -1.3877787807814457e-14 -1.8873791418627661e-15 -3.5304450056060768 
1 -5.654319433712921e-19 -1.8323016715005026e-20 0.0050000000000000001 1 0 0 0 1 0 0 0 1 0 0 0 0 0 0 
2 0.047701216151849621 -0.014986536812836472 0.005000000000000001 0.29973072988173938 -0.95402384119295458 5.5511143287599719e-17 0.95402384119295458 0.29973072988173938 -1.1102228657519944e-16 8.9279512802334671e-17 8.6235745136572542e-17 1 -0.13978721695683555 -0.44489559885203633 -3.5091494535557502e-16 2.9309887850104133e-14 2.19824158875781e-14 -9.3267203020545697 
1 -5.654319433712921e-19 -1.8323016715005026e-20 0.0050000000000000001 1 0 0 0 1 0 0 0 1 0 0 0 0 0 0 
2 0.035439163412373159 -0.035271407115465676 0.005000000000000001 0.70542656999810038 -0.70878300934821736 -5.5511130772794411e-17 0.70878300934821736 0.70542656999810038 1.6653339231838324e-16 -7.8877012386622625e-17 -1.5682242605476874e-16 1 -0.50673755900237638 -0.50914993149310961 -3.1495774260976649e-17 1.3322676295501878e-15 0 -14.366839544935466 
1 -5.654319433712921e-19 -1.8323016715005026e-20 0.0050000000000000001 1 0 0 0 1 0 0 0 1 0 0 0 0 0 0 
2 0.0074128253003124846 -0.049447379339998411 0.0050000000000000001 0.98894867107984363 -0.14825830826436442 4.1633380299315589e-17 0.14825830826436442 0.98894867107984363 -2.1250371194442333e-17 -3.8022732036292091e-17 2.7188020883200581e-17 1 -0.84194691404871658 -0.12620412509869017 4.6425203339820614e-18 -6.6613381477509392e-16 3.3445468616832841e-15 -17.026681122434432 
1 -5.654319433712921e-19 -1.8323016715005026e-20 0.0050000000000000001 1 0 0 0 1 0 0 0 1 0 0 0 0 0 0 
2 -0.02497729829631903 -0.043314293806311174 0.005000000000000001 0.86628679875387393 0.49954697707499457 -5.5511169326811569e-17 -0.49954697707499457 0.86628679875387393 1.3877792331702892e-17 5.502120237898455e-17 1.5708288538304924e-17 1 -0.68970566539204814 0.3977598800718769 1.0491591701513161e-16 4.6407322429331543e-14 -7.7715611723760958e-15 -15.923872970388192 
1 -5.654319433712921e-19 -1.8323016715005026e-20 0.0050000000000000001 1 0 0 0 1 0 0 0 1 0 0 0 0 0 0 
2 -0.044162532830314724 -0.023445062760329944 0.0050000000000000001 0.46890112213943208 0.88325066524536588 5.551114994557535e-17 -0.88325066524536588 0.46890112213943208 1.6653344983672604e-16 1.2106153985316348e-16 -1.2711798162015634e-16 1 -0.27397329302659129 0.5160601149747317 7.8457478644908315e-17 -1.1546319456101628e-14 3.9968028886505635e-15 -11.685798486630969 
1 -5.654319433712921e-19 -1.8323016715005026e-20 0.0050000000000000001 1 0 0 0 1 0 0 0 1 0 0 0 0 0 0 
2 -0.049574026142464575 -0.0065129951767075424 0.005000000000000001 0.13025969817551333 0.99147990954493082 0 -0.99147990954493082 0.13025969817551333 0 0 0 1 -0.03959555622250048 0.3015211678533794 -3.5170269808514303e-16 5.1070259132757201e-15 5.5511151231257827e-15 -6.0821262382934593 
1 -5.654319433712921e-19 -1.8323016715005026e-20 0.0050000000000000001 1 0 0 0 1 0 0 0 1 0 0 0 0 0 0 
2 -0.04999946796636396 -0.00023184516938921763 0.005000000000000001 0.0046371762427475666 0.99998924824044666 1.6653344826239074e-16 -0.99998924824044666 0.0046371762427475666 5.5511149420796917e-17 5.4738307628360623e-17 -1.6678907271809917e-16 1 -4.8689541281282045e-05 0.010513724621721997 -1.3387474084211501e-16 -1.0456913113188193e-14 2.4674706722294104e-14 -0.21027628317260372 
1 -5.654319433712921e-19 -1.8323016715005026e-20 0.0050000000000000001 1 0 0 0 1 0 0 0 1 0 0 0 0 0 0 
2 -0.049676330182626953 -0.0056800453551571241 0.0050000000000000001 0.11360111533640896 0.99352643980637168 5.5511148737192329e-17 -0.99352643980637168 0.11360111533640896 1.6653344621157699e-16 1.5914925351312363e-16 -7.4070179204875668e-17 1 0.032179401872835557 -0.28144731370274667 -1.5743226221622563e-32 2.2204460492503131e-16 8.8817841970012523e-16 5.6656701701344581 
1 -5.654319433712921e-19 -1.8323016715005026e-20 0.0050000000000000001 1 0 0 0 1 0 0 0 1 0 0 0 0 0 0 
2 -0.044906916399953596 -0.021985709159926477 0.005000000000000001 0.43971389487020107 0.89813790180466035 -2.2204457078785811e-16 -0.89813790180466035 0.43971389487020107 -2.7755571348482264e-17 7.2707752441595758e-17 2.1163115529651214e-16 1 0.24878238036553105 -0.50817969892042281 6.3007976044601766e-17 1.4210854715202004e-14 -4.8183679268731794e-14 11.316132934856315 
1 -5.654319433712921e-19 -1.8323016715005026e-20 0.0050000000000000001 1 0 0 0 1 0 0 0 1 0 0 0 0 0 0 
2 -0.026895451005556417 -0.0421501472186393 0.005000000000000001 0.84300281133010879 0.53790915598224665 2.2204460258824532e-16 -0.53790915598224665 0.84300281133010879 1.2490008895588799e-16 -1.1999932279019834e-16 -2.2473095089385063e-16 1 0.66219617924249141 -0.42254307143049824 7.0240819776487278e-17 -1.865174681370263e-14 -6.539213615042172e-14 15.710113232816099 
1 -5.654319433712921e-19 -1.8323016715005026e-20 0.0050000000000000001 1 0 0 0 1 0 0 0 1 0 0 0 0 0 0 
