1 0.477634 -0.21590899999999999 0.46278000000000002 1 0 0 0 1 0 0 0 1 -0 -0 -0 0 0 0 
2 0.49669268873943334 -0.21590900000000013 0.47280934436971689 1 -3.053113317719181e-16 -2.7755575615628901e-17 3.053113317719181e-16 1 -7.3955709864469824e-32 2.7755575615628901e-17 6.5481618109165986e-32 1 0 0 0 0 0 0 
1 0.477634 -0.21590899999999999 0.46278000000000002 1 0 0 0 1 0 0 0 1 0 0 0 0 0 0 
2 0.49609047742298651 -0.22066216605489045 0.47280934284756188 0.96840144474628964 0.24939655533567223 -1.1102228467384898e-16 -0.24939655533567223 0.96840144474628964 -5.5511142336924491e-17 9.366985319561204e-17 8.1445645801748937e-17 1 -0.059668663826289881 -0.23162794564988071 2.7258394244232795e-14 -1.3322676295501878e-15 3.9968028886505635e-14 -12.549697457639633 
1 0.477634 -0.21590899999999999 0.46278000000000002 1 0 0 0 1 0 0 0 1 0 0 0 0 0 0 
2 0.4882843224394452 -0.23171421102170997 0.47280934328827939 0.55881812981153201 0.82929023736804097 -1.6653343473644038e-16 -0.82929023736804097 0.55881812981153201 8.3266717368220189e-17 1.6211417836165733e-16 9.1573600347043597e-17 1 -0.36189193486368409 -0.24387628691556035 -1.300105015777072e-14 2.9309887850104133e-14 -3.8857805861880479e-15 -22.895959668564007 
1 0.477634 -0.21590899999999999 0.46278000000000002 1 0 0 0 1 0 0 0 1 0 0 0 0 0 0 
2 0.47040368748870653 -0.23354293215686844 0.47280934589095447 -0.37937115136962446 0.9252445782108023 1.110223202404667e-16 -0.9252445782108023 -0.37937115136962446 1.6653348036070005e-16 1.9620286525166585e-16 -3.9544801676845705e-17 1 -0.42633934865408268 0.17467846350864774 -3.1402375538192973e-15 -1.0969003483296547e-13 3.9690473130349346e-14 -24.175386031477377 
1 0.477634 -0.21590899999999999 0.46278000000000002 1 0 0 0 1 0 0 0 1 0 0 0 0 0 0 
2 0.45988045495765556 -0.22284047857335859 0.47280934378544814 -0.93151973690451795 0.36369077491371393 5.5511147817228239e-17 -0.36369077491371393 -0.93151973690451795 1.387778695430706e-17 5.6756952901471619e-17 -7.2614599135043944e-18 1 -0.1049763615846889 0.2689380275982306 4.7682897457380575e-14 9.9475983006414026e-14 -7.6827433304060833e-14 -15.145637213332956 
1 0.477634 -0.21590899999999999 0.46278000000000002 1 0 0 0 1 0 0 0 1 0 0 0 0 0 0 
2 0.4585767039138175 -0.21613957829212585 0.47280934414487452 -0.9999268113962293 0.012098423491088315 -5.5511149917446727e-17 -0.012098423491088315 -0.9999268113962293 -1.4918621540313808e-16 -5.7312005146870453e-17 -1.4850369927215233e-16 1 -0.00061961547591451939 0.052085197651615955 -2.3227299186019204e-14 -3.5083047578154947e-14 6.4392935428259079e-15 -2.733483165289913 
1 0.477634 -0.21590899999999999 0.46278000000000002 1 0 0 0 1 0 0 0 1 0 0 0 0 0 0 
2 0.45880445779566442 -0.21885552708590292 0.47280934417662612 -0.98797668581518516 0.15460293750651347 1.3877787525744966e-16 -0.15460293750651347 -0.98797668581518516 -6.938893762872483e-17 1.2638157167347119e-16 -9.0010119806378366e-17 1 0.029098617742263716 -0.18590710588324572 8.4960531222741116e-15 -9.9475983006414026e-14 -5.2846615972157451e-14 9.8727541801254795 
1 0.477634 -0.21590899999999999 0.46278000000000002 1 0 0 0 1 0 0 0 1 0 0 0 0 0 0 
2 0.4641804070389085 -0.2294084414955368 0.47280934317586987 -0.70590324279993977 0.70830827455602219 1.110222885106199e-16 -0.70830827455602219 -0.70590324279993977 2.7755572127654975e-16 2.7496600751326227e-16 1.1728947809457464e-16 1 0.28552593346818722 -0.28449623868072454 9.8288154365846783e-15 7.5495165674510645e-14 -1.1235457009206584e-13 21.150083571691535 
1 0.477634 -0.21590899999999999 0.46278000000000002 1 0 0 0 1 0 0 0 1 0 0 0 0 0 0 
2 0.48097168137212437 -0.23467312488018396 0.47280934729546531 0.17512593513447425 0.98454604099720799 0 -0.98454604099720799 0.17512593513447425 8.3266752490720839e-17 8.1979951511433606e-17 -1.4582167895548298e-17 1 0.46787255690722745 0.083132035536899657 -1.242118060418393e-14 -2.9087843245179101e-14 1.6028844918025698e-14 24.935830838739371 
1 0.477634 -0.21590899999999999 0.46278000000000002 1 0 0 0 1 0 0 0 1 0 0 0 0 0 0 
2 0.49422575125006829 -0.22528702425603297 0.47280934398100799 0.87056161087425865 0.49205942900427779 -1.3877787239983463e-16 -0.49205942900427779 0.87056161087425865 1.8041123411978504e-16 2.0958773699704086e-16 -8.8772133943641942e-17 1 0.1651598574937736 0.29219766223688576 6.688555134302423e-14 7.2830630415410269e-14 3.5527136788005009e-14 17.608550961057535 
1 0.477634 -0.21590899999999999 0.46278000000000002 1 0 0 0 1 0 0 0 1 0 0 0 0 0 0 
2 0.49667067056162534 -0.21682499556700338 0.4728093436680697 0.99884435899078672 0.048061902919926167 -2.2204458852542633e-16 -0.048061902919926167 0.99884435899078672 -1.3530842113268168e-16 2.1528480449232503e-16 1.4582393862993286e-16 1 0.0049860637264478765 0.10396472028490628 2.8351239618280786e-14 1.2212453270876722e-13 7.8825834748386114e-14 5.4614269793679568 
1 0.477634 -0.21590899999999999 0.46278000000000002 1 0 0 0 1 0 0 0 1 0 0 0 0 0 0 
2 0.49662843601839429 -0.21747266402844051 0.47280934427588939 0.99662863521923362 0.0820448868671763 2.7755575341499764e-17 -0.0820448868671763 0.99662863521923362 2.0816681506124824e-16 -1.0582978381123002e-17 -2.0974221183125315e-16 1 -0.011201404840583143 -0.13604740186740746 -3.4626398386786203e-15 2.886579864025407e-14 4.6185277824406512e-14 -7.1620884527792095 
1 0.477634 -0.21590899999999999 0.46278000000000002 1 0 0 0 1 0 0 0 1 0 0 0 0 0 0 
2 0.49321603174124778 -0.22688326825164729 0.47280934260794316 0.81758093644265217 0.5758136958822323 -5.5511140936771825e-17 -0.5758136958822323 0.81758093644265217 -3.19189060386438e-16 -1.3840858195620593e-16 2.9292696611843631e-16 1 -0.20917256263789041 -0.29693862249380887 -5.6277818574927636e-14 -1.3278267374516872e-13 -5.0626169922907138e-14 -19.058229943122669 
1 0.477634 -0.21590899999999999 0.46278000000000002 1 0 0 0 1 0 0 0 1 0 0 0 0 0 0 
2 0.47840417273031977 -0.23495209494852648 0.47280934717807099 0.040412354835471218 0.99918308711499515 2.2551411854230386e-17 -0.99918308711499515 0.040412354835471218 -2.498002543853212e-16 -2.5050754499673037e-16 -1.2437972797101037e-17 1 -0.47824908924294207 -0.019389691017472586 -2.5207158428705782e-14 7.3857586713188539e-14 -3.0664706884842019e-14 -25.116851016989568 
1 0.477634 -0.21590899999999999 0.46278000000000002 1 0 0 0 1 0 0 0 1 0 0 0 0 0 0 
2 0.46277383882301948 -0.22784250219879476 0.47280934541129011 -0.77970708406785472 0.62614444264434965 2.220446292697314e-16 -0.62614444264434965 -0.77970708406785472 1.3877789329358211e-16 2.6002477706849709e-16 -3.0825904123248426e-17 1 -0.23704096826504426 0.29512614555347105 -2.8673993690359132e-14 -8.659739592076221e-14 1.170175067954915e-13 -19.859272537964369 
1 0.477634 -0.21590899999999999 0.46278000000000002 1 0 0 0 1 0 0 0 1 0 0 0 0 0 0 
2 0.45868511043622534 -0.21795196480061341 0.47280934295351901 -0.99423821107979304 0.10719318835099956 8.32667144340867e-17 -0.10719318835099956 -0.99423821107979304 2.740862683455354e-16 1.1216713018862392e-16 2.6358141651769928e-16 1 -0.016678242485787302 0.15488266025831288 2.9485928919185918e-14 -6.8833827526759706e-15 -1.5543122344752192e-14 -8.173469265604334 
1 0.477634 -0.21590899999999999 0.46278000000000002 1 0 0 0 1 0 0 0 1 0 0 0 0 0 0 
2 0.45858548324718262 -0.21653159624699983 0.47280934435846611 -0.99946627172787073 0.032667593703701474 2.7755575582757967e-17 -0.032667593703701474 -0.99946627172787073 1.4918621875732409e-16 3.2614316427916016e-17 1.4819988598841133e-16 1 0.0027678553804748448 -0.084682030393314872 -3.000550918101919e-14 5.8841820305133297e-14 -5.595524044110789e-14 4.4452562518598704 
1 0.477634 -0.21590899999999999 0.46278000000000002 1 0 0 0 1 0 0 0 1 0 0 0 0 0 0 
2 0.4605549062323252 -0.22436706353037944 0.47280934253998003 -0.89613081476527034 0.44378999856703938 2.7755570269823145e-17 -0.44378999856703938 -0.89613081476527034 1.3877785134911573e-17 3.1031444045307418e-17 1.1866640981349028e-19 1 0.14140737424527894 -0.28548860774603768 2.4458251063271233e-14 -1.021405182655144e-14 -4.8849813083506888e-15 16.716296139368751 
1 0.477634 -0.21590899999999999 0.46278000000000002 1 0 0 0 1 0 0 0 1 0 0 0 0 0 0 
2 0.47282326989741968 -0.23435053316971929 0.47280934564404786 -0.2524189336198312 0.96761804548604158 3.4694474173434364e-17 -0.96761804548604158 -0.2524189336198312 3.330669520649699e-16 3.3103913534645835e-16 5.0501405575382628e-17 1 0.45565677789460418 -0.11887693782922924 1.2080584239380936e-14 0 1.5043521983670871e-14 24.710715566455097 
1 0.477634 -0.21590899999999999 0.46278000000000002 1 0 0 0 1 0 0 0 1 0 0 0 0 0 0 
2 0.49012118634360535 -0.23030698643749822 0.47280934794747581 0.65519916981531778 0.7554561852770274 -8.3266758205516777e-17 -0.7554561852770274 0.65519916981531778 1.1102234427402238e-16 1.3842882753523317e-16 -9.837360284965535e-18 1 0.31411387718110906 0.27236069236991456 -3.4647739065968714e-14 1.1990408665951691e-14 2.7311486405778851e-14 21.812819689089469 
1 0.477634 -0.21590899999999999 0.46278000000000002 1 0 0 0 1 0 0 0 1 0 0 0 0 0 0 
2 0.49635074336782509 -0.21950314330530055 0.47280934220125931 0.98205740280467635 0.18858223033078592 -8.3266707840625599e-17 -0.18858223033078592 0.98205740280467635 1.7347230800130332e-16 1.1448648158557537e-16 -1.546571427774057e-16 1 0.038995336039425649 0.20317796056535356 4.6364576710081292e-14 1.6875389974302379e-14 1.0658141036401503e-14 10.854742792209969 
1 0.477634 -0.21590899999999999 0.46278000000000002 1 0 0 0 1 0 0 0 1 0 0 0 0 0 0 
2 0.49669226305880809 -0.21603648935723521 0.47280934429148896 0.99997762415998659 0.0066896322282085805 -1.9428902770953243e-16 -0.0066896322282085805 0.99997762415998659 8.6302492219189627e-17 1.9486201226265627e-16 -8.500083898707798e-17 1 -0.00022170666813207959 -0.033031224803603682 1.5932820560896933e-14 2.5202062658991053e-14 -5.2458037913538647e-14 -1.7328915986348488 
1 0.477634 -0.21590899999999999 0.46278000000000002 1 0 0 0 1 0 0 0 1 0 0 0 0 0 0 
2 0.49568021025666448 -0.22203831024013207 0.47280934287364756 0.94687499537102027 0.32160183945545218 -2.2204456995739761e-16 -0.32160183945545218 0.94687499537102027 2.0816678433506027e-16 2.7719527190625286e-16 -1.2569798081426646e-16 1 -0.087103171636716825 -0.25641443460673263 5.0130779895086171e-14 1.6875389974302379e-14 -1.4654943925052066e-14 -14.208842687169215 
1 0.477634 -0.21590899999999999 0.46278000000000002 1 0 0 0 1 0 0 0 1 0 0 0 0 0 0 
2 0.48615166256375758 -0.23295844234225971 0.4728093435457375 0.44691926798803017 0.89457429423220258 -1.2490007943721275e-16 -0.89457429423220258 0.44691926798803017 2.7755573208269503e-17 8.0649674387523868e-17 9.9327899951262645e-17 1 -0.40490830831233554 -0.20227693586594889 3.1467627159205764e-14 -4.9737991503207013e-14 1.609823385706477e-14 -23.750489613756411 
1 0.477634 -0.21590899999999999 0.46278000000000002 1 0 0 0 1 0 0 0 1 0 0 0 0 0 0 
2 0.46816188830393218 -0.2324471372701617 0.47280935062190449 -0.49699933753173997 0.86775091961519213 8.3266781646582054e-17 -0.86775091961519213 -0.49699933753173997 1.6653356329316411e-16 1.8589318801118928e-16 1.0512244286283667e-17 1 -0.38667548382789829 0.22140263886034078 2.6212408275477187e-14 5.1958437552457326e-14 -2.886579864025407e-15 -23.378760591413858 
1 0.477634 -0.21590899999999999 0.46278000000000002 1 0 0 0 1 0 0 0 1 0 0 0 0 0 0 
2 0.45939594524986616 -0.22144142722968768 0.47280934179982709 -0.95694106364031206 0.29028227765219888 1.1102227242949598e-16 -0.29028227765219888 -0.95694106364031206 -6.9388920268434983e-17 8.6099397647098246e-17 -9.8628905277486002e-17 1 -0.074554890217983338 0.24582911239928806 -2.2423825712361406e-14 5.8619775700208265e-14 -7.1942451995710144e-14 -13.477901700591953 
1 0.477634 -0.21590899999999999 0.46278000000000002 1 0 0 0 1 0 0 0 1 0 0 0 0 0 0 
2 0.45857545885313222 -0.21598494993262526 0.47280934398856078 -0.99999205822646653 0.0039854088868120606 2.7755574502033275e-17 -0.0039854088868120606 -0.99999205822646653 1.2869479271059961e-16 2.8268255444101549e-17 1.2858315333242199e-16 1 -7.1169875082809135e-05 0.018512229712283466 3.9840284990689374e-14 -6.3754557189099614e-14 -4.1106007486746421e-14 -0.97154771136729345 
1 0.477634 -0.21590899999999999 0.46278000000000002 1 0 0 0 1 0 0 0 1 0 0 0 0 0 0 
2 0.45902380216588146 -0.22001929113473986 0.47280934339007219 -0.97646737312993059 0.21566517848909417 1.9428900927431512e-16 -0.21566517848909417 -0.97646737312993059 7.632782507205237e-17 2.0617813253195574e-16 3.2630256981213388e-17 1 0.047697780262767595 -0.21593517201467094 2.5123857788047398e-15 7.2386541205560206e-14 -4.8405723873656825e-14 11.602936568924401 
1 0.477634 -0.21590899999999999 0.46278000000000002 1 0 0 0 1 0 0 0 1 0 0 0 0 0 0 
2 0.46594266644084181 -0.23096049102432858 0.47280934181990791 -0.61343899313567485 0.78974211088221047 0 -0.78974211088221047 -0.61343899313567485 -1.9428897716229891e-16 -1.5343818694529953e-16 -1.1918443452780077e-16 1 0.33568981454952446 -0.26072940954887347 -2.0276034392485725e-14 -2.4868995751603507e-14 -4.2188474935755949e-14 22.303066361393377 
1 0.477634 -0.21590899999999999 0.46278000000000002 1 0 0 0 1 0 0 0 1 0 0 0 0 0 0 
2 0.48353960739149893 -0.23402954930417191 0.47280935207091512 0.30986473956868876 0.95078064934664541 1.3877799057833628e-17 -0.95078064934664541 0.30986473956868876 -2.7755598115667258e-16 -2.6819509658502868e-16 7.281006901713492e-17 1 0.44346597954786154 0.14448086923101011 5.5851975735092767e-15 8.2600593032111647e-14 9.8809849191638932e-15 24.472693533776965 
1 0.477634 -0.21590899999999999 0.46278000000000002 1 0 0 0 1 0 0 0 1 0 0 0 0 0 0 
2 0.49502848158837637 -0.22369784269158893 0.47280934225769761 0.91268012758493322 0.40867466854644902 1.3877784722549896e-16 -0.40867466854644902 0.91268012758493322 -1.1102227778039918e-16 -1.7203177588490717e-16 4.4612835932914087e-17 1 0.12462569724234329 0.27833829748030842 8.7870015031688289e-15 1.5987211554602254e-14 8.4376949871511897e-15 16.000452007343661 
1 0.477634 -0.21590899999999999 0.46278000000000002 1 0 0 0 1 0 0 0 1 0 0 0 0 0 0 
2 0.4966870501304867 -0.216372951544852 0.47280934341613468 0.9997036505193303 0.024343605696871079 -2.7755572829618701e-16 -0.024343605696871079 0.9997036505193303 3.0617866277673129e-16 2.8492696743968156e-16 -2.99331219680475e-16 1 0.0016967928049582705 0.069869770924434887 -6.9531386144810718e-15 -9.9920072216264089e-16 4.496403249731884e-14 3.6672441078181515 
1 0.477634 -0.21590899999999999 0.46278000000000002 1 0 0 0 1 0 0 0 1 0 0 0 0 0 0 
2 0.49653147312116869 -0.21838271917837929 0.47280934388839663 0.99154082397609877 0.12979520171716302 -1.9428901946573611e-16 -0.12979520171716302 0.99154082397609877 1.3877787104695437e-17 1.9444676462720605e-16 1.145739001223044e-17 1 -0.022134282910702938 -0.16907551054387007 -1.835076611848652e-14 4.1744385725905886e-14 4.3520742565306136e-14 -8.946842474129939 
1 0.477634 -0.21590899999999999 0.46278000000000002 1 0 0 0 1 0 0 0 1 0 0 0 0 0 0 
2 0.49186057086899093 -0.22859125542219033 0.47280934097426619 0.74646051968303873 0.66542970519396549 -1.6653339417237358e-16 -0.66542970519396549 0.74646051968303873 2.220445255631648e-16 2.7206562714392101e-16 -5.4931204555580768e-17 1 -0.25943865966645174 -0.29100959435787305 7.0540517313272372e-15 2.1760371282653068e-14 -1.1324274851176597e-14 -20.456427623701405 
1 0.477634 -0.21590899999999999 0.46278000000000002 1 0 0 0 1 0 0 0 1 0 0 0 0 0 0 
2 0.47566344834616625 -0.23486547298553193 0.47280935143693703 -0.10339187515114676 0.99464069902288321 2.7755596263417437e-17 -0.99464069902288321 -0.10339187515114676 2.775559626341744e-16 2.7893815983603732e-16 1.09018576688647e-18 1 -0.47446772189646108 0.049293225881250818 -2.1648572246048871e-14 -4.5408121707168903e-14 -1.0977330155981235e-14 -25.029914034902145 
1 0.477634 -0.21590899999999999 0.46278000000000002 1 0 0 0 1 0 0 0 1 0 0 0 0 0 0 
2 0.46156718316971268 -0.22616037222489863 0.4728093439906581 -0.84301980207877525 0.53788252741938236 1.1102229803264271e-16 -0.53788252741938236 -0.84301980207877525 2.7755574508160678e-17 1.0852323428023571e-16 -3.6318455337253468e-17 1 -0.18826381497751768 0.2950584140668332 4.6338728650853626e-15 -2.3092638912203256e-14 -7.9936057773011271e-15 -18.363690391198677 
1 0.477634 -0.21590899999999999 0.46278000000000002 1 0 0 0 1 0 0 0 1 0 0 0 0 0 0 
2 0.45861875588516454 -0.21719536925918817 0.47280934261854368 -0.99771959707077518 0.067495226652928036 -5.5511140998713492e-17 -0.067495226652928036 -0.99771959707077518 1.3877785249678373e-17 -5.4447868969307711e-17 1.7592875351014667e-17 1 -0.0081648210153549006 0.12077828613948061 -6.2341147866703529e-17 -1.1324274851176597e-14 4.4408920985006262e-15 -6.3516750545532172 
1 0.477634 -0.21590899999999999 0.46278000000000002 1 0 0 0 1 0 0 0 1 0 0 0 0 0 0 
2 0.45861671791346459 -0.21716464234370536 0.47280934423316584 -0.99782733050216232 0.065883370458169971 -1.665334513000661e-16 -0.065883370458169971 -0.99782733050216232 -1.3877787608338842e-17 -1.670859445721968e-16 -2.8758506968248716e-18 1 0.0078754869622486394 -0.11927257494972028 2.9987295227428184e-14 1.3766765505351941e-14 9.1038288019262836e-15 6.271679907696071 
1 0.477634 -0.21590899999999999 0.46278000000000002 1 0 0 0 1 0 0 0 1 0 0 0 0 0 0 
2 0.46152110566163329 -0.22608787510614708 0.47280934101114902 -0.84543439602235049 0.53407928439729191 3.885779212441485e-16 -0.53407928439729191 -0.84543439602235049 1.8041117772049754e-16 4.2487101284890312e-16 -5.500560303885233e-17 1 0.18633445806163498 -0.29494558964090084 2.8862212869675491e-14 -6.4392935428259079e-14 -4.4408920985006262e-15 18.305374949594047 
1 0.477634 -0.21590899999999999 0.46278000000000002 1 0 0 0 1 0 0 0 1 0 0 0 0 0 0 
2 0.47555106407998082 -0.23485348203248191 0.47280934894447912 -0.10929413300706731 0.99400945291794562 -3.8163934849396199e-17 -0.99400945291794562 -0.10929413300706731 5.5511177962758107e-17 5.1007541466088946e-17 4.40023580684851e-17 1 0.47393129776175447 -0.052120805420955277 3.0425407021083895e-14 -5.7287508070658077e-14 1.725009024511337e-14 25.017633731550386 
1 0.477634 -0.21590899999999999 0.46278000000000002 1 0 0 0 1 0 0 0 1 0 0 0 0 0 0 
2 0.49179141656425751 -0.22866829328340602 0.47280934696034932 0.74283609286162133 0.6694733296719747 -8.3266749553468688e-17 -0.6694733296719747 0.74283609286162133 1.9428908229142694e-16 1.9192490574413971e-16 -8.8580074700510511e-17 1 0.26150412152649027 0.29014544266056075 -7.6143154963442382e-15 -2.1316282072803006e-14 5.3290705182007514e-15 20.494053456419241 
1 0.477634 -0.21590899999999999 0.46278000000000002 1 0 0 0 1 0 0 0 1 0 0 0 0 0 0 
2 0.49652358655971535 -0.21844238887929696 0.47280934175546963 0.99112606784811996 0.13292523324005867 -1.3877783988889136e-16 -0.13292523324005867 0.99112606784811996 -6.245002795000111e-17 1.2924515022243079e-16 8.0342927374872183e-17 1 0.02283702942533947 0.1703199514032385 6.2235523405753773e-15 -2.4868995751603507e-14 -3.219646771412954e-14 9.0165212452582129 
1 0.477634 -0.21590899999999999 0.46278000000000002 1 0 0 0 1 0 0 0 1 0 0 0 0 0 0 
2 0.49668691451373348 -0.21637811321439462 0.47280934434846333 0.99969701490632346 0.024614597038873153 0 -0.024614597038873153 0.99969701490632346 1.6566609158515535e-16 4.0778040873736533e-18 -1.656158972288774e-16 1 -0.0016864497366192281 -0.068492556621886358 -9.0829907786363044e-15 -2.1094237467877974e-15 9.3258734068513149e-15 -3.5947796300402501 
1 0.477634 -0.21590899999999999 0.46278000000000002 1 0 0 0 1 0 0 0 1 0 0 0 0 0 0 
2 0.49504779891707801 -0.22365459320641962 0.47280934163349747 0.91369218113637507 0.40640693661680233 -5.5511135242842522e-17 -0.40640693661680233 0.91369218113637507 2.7755567621421261e-17 6.2000145448471401e-17 -2.7999346965298966e-18 1 -0.12346381957641622 -0.2775627605808681 -1.3176728010793696e-14 1.1546319456101628e-14 1.9984014443252818e-14 -15.939359639153697 
1 0.477634 -0.21590899999999999 0.46278000000000002 1 0 0 0 1 0 0 0 1 0 0 0 0 0 0 
2 0.48361788061731925 -0.23400392947191839 0.47280934567091942 0.31397462871279924 0.94943137325699312 -5.5511158834513148e-17 -0.94943137325699312 0.31397462871279924 3.3306695300707892e-16 3.3365331006451684e-16 -5.1870537143562076e-17 1 -0.44225978222902151 -0.14625529963686984 6.6723443746052452e-15 5.1070259132757201e-15 -2.3869795029440866e-15 -24.441596090981818 
1 0.477634 -0.21590899999999999 0.46278000000000002 1 0 0 0 1 0 0 0 1 0 0 0 0 0 0 
2 0.46601659137132917 -0.23101749292609081 0.47280935038675309 -0.60956361661712954 0.79273715523914046 1.1102237278067429e-16 -0.79273715523914046 -0.60956361661712954 2.2204474556134858e-16 2.4369831900970519e-16 4.7338838189154836e-17 1 -0.33704610614856167 0.2591531863458979 -1.330331715628941e-14 2.0872192862952943e-14 1.2434497875801753e-14 -22.307673912322254 
1 0.477634 -0.21590899999999999 0.46278000000000002 1 0 0 0 1 0 0 0 1 0 0 0 0 0 0 
2 0.45904003605198168 -0.22009220486990749 0.47280934112389772 -0.97561486244125617 0.21948949902837883 -5.5511132265125208e-17 -0.21948949902837883 -0.97561486244125617 -9.7144481463969122e-17 -7.5479679238696722e-17 -8.2591489309026976e-17 1 -0.048705643049277846 0.21650936639888022 -1.3121343803972008e-15 2.2204460492503131e-15 -2.5313084961453569e-14 -11.64393481205906 
1 0.477634 -0.21590899999999999 0.46278000000000002 1 0 0 0 1 0 0 0 1 0 0 0 0 0 0 
2 0.45857565907164671 -0.21602441004750539 0.4728093441989068 -0.9999816624300949 0.0060559725514280497 8.3266725349756908e-17 -0.0060559725514280497 -0.9999816624300949 -1.1926223682907891e-16 8.2542949607701227e-17 -1.1976431085263943e-16 1 0.0001068474543364674 -0.017606618909660018 -9.5760076708239206e-15 2.2037927038809357e-14 -3.9551695252271202e-14 0.92378455882534549 
1 0.477634 -0.21590899999999999 0.46278000000000002 1 0 0 0 1 0 0 0 1 0 0 0 0 0 0 
2 0.45939708600810925 -0.2214451766955782 0.47280934248570694 -0.95688091533195763 0.29048048793933623 1.1102228044503138e-16 -0.29048048793933623 -0.95688091533195763 -1.0408338791721692e-16 7.6000908025910552e-17 -1.318452136968883e-16 1 0.074376551113749023 -0.24500126173885012 4.5617010530749409e-15 1.7319479184152442e-14 -2.9753977059954195e-14 13.434370071245873 
1 0.477634 -0.21590899999999999 0.46278000000000002 1 0 0 0 1 0 0 0 1 0 0 0 0 0 0 
2 0.46814055927783571 -0.2324350075506357 0.47280934281432441 -0.49811811784234511 0.86710918613355703 2.4980013964218937e-16 -0.86710918613355703 -0.49811811784234511 2.7755571071354377e-16 3.6510108181886427e-16 -7.8348467564162875e-17 1 0.38579199157307115 -0.22161960179117957 -8.890219471099469e-15 -3.8635761256955448e-14 -3.0975222387041867e-14 23.344721688704727 
1 0.477634 -0.21590899999999999 0.46278000000000002 1 0 0 0 1 0 0 0 1 0 0 0 0 0 0 
2 0.48610626998104406 -0.23298092381175006 0.47280935293781867 0.44453843413596589 0.89575977838700904 -1.1102240259375739e-16 -0.89575977838700904 0.44453843413596589 8.3266801945318042e-17 1.2394077706057478e-16 6.2434108991096142e-17 1 0.40492758243144206 0.20094714319900153 -1.0304500088569519e-14 -1.7763568394002505e-14 1.3877787807814457e-14 23.718655081796644 
1 0.477634 -0.21590899999999999 0.46278000000000002 1 0 0 0 1 0 0 0 1 0 0 0 0 0 0 
2 0.49565886201838344 -0.2221008429927975 0.47280934112683226 0.94575492842847664 0.32488092488363635 2.7755566141136373e-17 -0.32488092488363635 0.94575492842847664 2.3592231219965918e-16 5.0396695518808999e-17 -2.3214194348767072e-16 1 0.087944241782619184 0.25601594836754205 1.9094353103994949e-14 3.3306690738754696e-14 8.8817841970012523e-15 14.20341177818783 
1 0.477634 -0.21590899999999999 0.46278000000000002 1 0 0 0 1 0 0 0 1 0 0 0 0 0 0 
2 0.49669173286141499 -0.21610045135918324 0.47280934378120731 0.99994953975384537 0.010045792456192663 -5.5511147792448288e-17 -0.010045792456192663 0.99994953975384537 -1.4181363537602023e-16 5.4083716337820678e-17 1.4236413289479905e-16 1 0.00033272485220325876 0.033142717813628333 -1.0596500410320845e-14 -4.7739590058881731e-15 -1.5876189252139739e-14 1.7390788884936033 
1 0.477634 -0.21590899999999999 0.46278000000000002 1 0 0 0 1 0 0 0 1 0 0 0 0 0 0 
2 0.49633946460321127 -0.21956133931314126 0.47280934329514374 0.98146591891745849 0.19163676579275923 -2.2204457980902436e-16 -0.19163676579275923 0.98146591891745849 3.677613353086966e-16 2.8840578044509012e-16 -3.1839331176464785e-16 1 -0.039624871735782927 -0.20293841900241777 -5.392244810901852e-15 1.6431300764452317e-14 -1.1990408665951691e-14 -10.849153118459057 
1 0.477634 -0.21590899999999999 0.46278000000000002 1 0 0 0 1 0 0 0 1 0 0 0 0 0 0 
2 0.4900803737627405 -0.23034238851881145 0.47280934109028283 0.65305539607235152 0.75731014099956706 -1.1102226413740942e-16 -0.75731014099956706 0.65305539607235152 1.6653339620611414e-16 1.986211184410942e-16 -2.4677246510665001e-17 1 -0.31462534807207898 -0.271312629160811 -2.6373744936495503e-15 -2.6645352591003757e-15 4.5297099404706387e-14 -21.798500732421335 
1 0.477634 -0.21590899999999999 0.46278000000000002 1 0 0 0 1 0 0 0 1 0 0 0 0 0 0 
2 0.47279789599015326 -0.2343438059516065 0.47280935346774872 -0.253747955033089 0.96727037343057576 6.9389005491748782e-17 -0.96727037343057576 -0.253747955033089 1.1102240878679806e-16 1.2499600505167923e-16 -3.8946220061482463e-17 1 -0.45443183042171748 0.1192147279221801 -1.6530472933828987e-14 -4.5075054799781356e-14 -3.47499806707674e-14 -24.650636699682131 
1 0.477634 -0.21590899999999999 0.46278000000000002 1 0 0 0 1 0 0 0 1 0 0 0 0 0 0 
2 0.46056671731060556 -0.22439085619485072 0.472809342159416 -0.89551249708690861 0.44503636656027273 -2.7755569157957793e-17 -0.44503636656027273 -0.89551249708690861 0 -2.4855459044711168e-17 1.2352237649869905e-17 1 -0.14121972856936221 0.28416432308804718 -1.1671173539754133e-14 -2.6645352591003757e-14 -1.8207657603852567e-14 -16.649714524103121 
1 0.477634 -0.21590899999999999 0.46278000000000002 1 0 0 0 1 0 0 0 1 0 0 0 0 0 0 
2 0.45858790663490717 -0.21660210927783571 0.47280934313314499 -0.99933848701294281 0.036367408138089252 -1.9428900401980177e-16 -0.036367408138089252 -0.99933848701294281 1.8648274939400617e-16 -1.8737858506247543e-16 1.9342517613935092e-16 1 -0.0030451544058353731 0.083666442264315966 1.2066497112528711e-14 1.3322676295501878e-15 -3.907985046680551e-14 -4.3928288480794127 
1 0.477634 -0.21590899999999999 0.46278000000000002 1 0 0 0 1 0 0 0 1 0 0 0 0 0 0 
2 0.45869722793293993 -0.21806130886503566 0.47280934390655982 -0.99360283008337047 0.11293102341835422 -2.7755574262456819e-17 -0.11293102341835422 -0.99360283008337047 -2.1163625375123324e-16 -5.1478315866319535e-17 -2.0714791526844429e-16 1 0.017702392087419711 -0.15575393077374677 -1.4032390653096759e-14 2.886579864025407e-15 -8.659739592076221e-15 8.224970026801369 
1 0.477634 -0.21590899999999999 0.46278000000000002 1 0 0 0 1 0 0 0 1 0 0 0 0 0 0 
2 0.46286496748837669 -0.22795519150737834 0.47280934058723356 -0.77492299376972706 0.63205565714339074 1.1102225825852818e-16 -0.63205565714339074 -0.77492299376972706 0 8.6033700744774466e-17 -7.0172246401137273e-17 1 0.23960030538871671 -0.29376284253076823 1.1025893034538818e-14 -1.3322676295501878e-14 6.2172489379008766e-15 19.890292313395058 
1 0.477634 -0.21590899999999999 0.46278000000000002 1 0 0 0 1 0 0 0 1 0 0 0 0 0 0 
2 0.47853942586280568 -0.23494609614277917 0.47280935175365918 0.047504678544987564 0.99887101545511736 4.6837570256036893e-17 -0.99887101545511736 0.047504678544987564 4.4408955502020161e-16 4.4136318105719865e-16 -6.7881022919519219e-17 1 0.47687534873581661 0.02268579431169096 -1.0916594982053779e-14 2.1371793224034263e-14 -2.1839301200810013e-14 25.049517536243833 
1 0.477634 -0.21590899999999999 0.46278000000000002 1 0 0 0 1 0 0 0 1 0 0 0 0 0 0 
2 0.49324496535005313 -0.22684201442894233 0.47280934438807881 0.8191019490800816 0.5736479730751356 -1.3877787834637705e-16 -0.5736479730751356 0.8191019490800816 4.1633363503913111e-17 1.3755612522903597e-16 4.5507679428252183e-17 1 0.20687574512203952 0.29539587008327178 3.3784471267304637e-16 7.1054273576010019e-15 3.730349362740526e-14 18.92248323260214 
1 0.477634 -0.21590899999999999 0.46278000000000002 1 0 0 0 1 0 0 0 1 0 0 0 0 0 0 
2 0.49662419594606061 -0.21752356014070409 0.47280934235627953 0.99640520840801672 0.084715173713902886 -2.7755569733119412e-16 -0.084715173713902886 0.99640520840801672 -1.8041120326527617e-16 2.6127437601956875e-16 2.0327584170337412e-16 1 0.011358357345751531 0.13357228161714968 3.5232379150841114e-16 8.8817841970012523e-16 1.5543122344752192e-15 7.0337533585452388 
1 0.477634 -0.21590899999999999 0.46278000000000002 1 0 0 0 1 0 0 0 1 0 0 0 0 0 0 
2 0.49666299732867231 -0.21697244159614745 0.4728093442570897 0.99844203788730035 0.055798718439178274 -8.3266725859722388e-17 -0.055798718439178274 0.99844203788730035 1.1796119496794006e-16 8.9719082960349493e-17 -1.1313123930381233e-16 1 -0.0059420665085364397 -0.10632749331386085 -1.2185431746211033e-14 2.4868995751603507e-14 -2.5757174171303632e-14 -5.5877053153760112 
1 0.477634 -0.21590899999999999 0.46278000000000002 1 0 0 0 1 0 0 0 1 0 0 0 0 0 0 
2 0.49410702010008306 -0.22549411738524605 0.47280934097699373 0.86432993994812157 0.50292519812520486 1.1102226281345758e-16 -0.50292519812520486 0.86432993994812157 1.2490004566513977e-16 -3.3144485538472806e-17 -1.6379074249103461e-16 1 -0.16975197329414105 -0.29174545390613249 -1.1318204462586906e-14 3.1974423109204508e-14 -3.5971225997855072e-14 -17.710344679415858 
1 0.477634 -0.21590899999999999 0.46278000000000002 1 0 0 0 1 0 0 0 1 0 0 0 0 0 0 
2 0.48070459161198292 -0.23471866779505196 0.47280934859548851 0.1611161044185741 0.98693545933712556 0 -0.98693545933712556 0.1611161044185741 1.1102235184703148e-16 1.0957189581683798e-16 -1.7887488832981997e-17 1 -0.46825167236990589 -0.076435477117122869 1.0775432067103435e-14 -4.75175454539567e-14 -2.9143354396410359e-14 -24.893685396996506 
1 0.477634 -0.21590899999999999 0.46278000000000002 1 0 0 0 1 0 0 0 1 0 0 0 0 0 0 
2 0.46406117663294638 -0.22928847279461706 0.47280934747581804 -0.71216297050490374 0.70201417609734318 1.9428909283347992e-16 -0.70201417609734318 -0.71216297050490374 8.32667540714914e-17 1.9681993924479217e-16 -7.7094198506341026e-17 1 -0.28026712538465992 0.28432817563832213 1.2569864334612908e-14 -1.7319479184152442e-14 -2.0650148258027912e-14 -20.948265381356283 
1 0.477634 -0.21590899999999999 0.46278000000000002 1 0 0 0 1 0 0 0 1 0 0 0 0 0 0 
2 0.45880403066676206 -0.21885294814017411 0.47280934163864718 -0.98799795312715644 0.15446696933826748 2.775556763646711e-17 -0.15446696933826748 -0.98799795312715644 3.4694459545583887e-17 3.2781592031547323e-17 2.9990736600821437e-17 1 -0.028417891603132951 0.1817393916077929 2.3807911331867583e-16 -2.2204460492503131e-15 -2.042810365310288e-14 -9.6516923859841075 
1 0.477634 -0.21590899999999999 0.46278000000000002 1 0 0 0 1 0 0 0 1 0 0 0 0 0 0 
2 0.45857939442545892 -0.21630349906807986 0.47280934433771399 -0.99978573978094343 0.020699626341351612 1.3877787761064082e-16 -0.020699626341351612 -0.99978573978094343 1.2229800464437721e-16 1.4127966603061525e-16 1.1939915083612583e-16 1 0.0011642413619861063 -0.056233521580410679 2.1837568296527876e-15 -5.3290705182007514e-15 -1.6320278461989801e-14 2.9512488071100753 
1 0.477634 -0.21590899999999999 0.46278000000000002 1 0 0 0 1 0 0 0 1 0 0 0 0 0 0 
2 0.46000147852904238 -0.22314285968490982 0.47280934181120798 -0.92516850417602725 0.37955663461556333 2.775556814062485e-16 -0.37955663461556333 -0.92516850417602725 1.5265562477343668e-16 3.1472722978631878e-16 3.5884075672712128e-17 1 0.11097316534218578 -0.27050927837592975 2.6999481641577418e-15 4.4408920985006262e-15 3.5527136788005009e-14 15.341424247516144 
1 0.477634 -0.21590899999999999 0.46278000000000002 1 0 0 0 1 0 0 0 1 0 0 0 0 0 0 
2 0.4707975375428185 -0.23369934011116686 0.47280934525089235 -0.35870892410860034 0.93344946717262123 1.1102231276037449e-16 -0.93344946717262123 -0.35870892410860034 1.9428904733065537e-16 2.211837020705989e-16 -3.3940503556379365e-17 1 0.4305053070018402 -0.16543438127201077 -5.3135369030236689e-15 2.6645352591003757e-14 -1.0269562977782698e-14 24.19824276227456 
1 0.477634 -0.21590899999999999 0.46278000000000002 1 0 0 0 1 0 0 0 1 0 0 0 0 0 0 
2 0.48855648836065502 -0.23152725871293153 0.4728093504983138 0.57310123216263542 0.81948458051001127 -1.1102237408443033e-16 -0.81948458051001127 0.57310123216263542 1.9428915464775307e-16 2.228440257795667e-16 -2.0366230270659187e-17 1 0.35367269535893209 0.24735708991369351 1.2893624302359519e-15 -7.9936057773011271e-15 1.2323475573339238e-14 22.64564011985734 
1 0.477634 -0.21590899999999999 0.46278000000000002 1 0 0 0 1 0 0 0 1 0 0 0 0 0 0 
2 0.49611528926679599 -0.22056481313588555 0.47280934125154411 0.96970298354600393 0.24428696997993679 -4.4408906408796059e-16 -0.24428696997993679 0.96970298354600393 2.9837233993409854e-16 5.0352296525457252e-16 -1.8084737637442402e-16 1 0.056929970951638473 0.22596022571283161 -3.2472340909130215e-15 2.2204460492503131e-14 3.0642155479654321e-14 12.226700054382176 
1 0.477634 -0.21590899999999999 0.46278000000000002 1 0 0 0 1 0 0 0 1 0 0 0 0 0 0 
2 0.49669213745986929 -0.21605421277540393 0.47280934416659398 0.99997096984073841 0.0076196768811469008 -2.4980017519961692e-16 -0.0076196768811469008 0.99997096984073841 2.8818093128497475e-16 2.519887690404468e-16 -2.8626916872676846e-16 1 -4.6259781964273104e-05 -0.0061232952088753553 7.7233280160763995e-15 -3.5610403514851896e-14 4.3715031594615539e-15 -0.32138495656798349 
1 0.477634 -0.21590899999999999 0.46278000000000002 1 0 0 0 1 0 0 0 1 0 0 0 0 0 0 
2 0.4959901435961333 -0.22103600616673821 0.47280934272133518 0.96313694896481161 0.26901155651524317 -1.3877785399837668e-16 -0.26901155651524317 0.96313694896481161 1.1102228319870135e-16 1.6352835609503939e-16 -6.9596816593156016e-17 1 -0.06589011959949162 -0.23591949583394622 -5.9894635273422111e-15 -2.1316282072803006e-14 2.042810365310288e-14 -12.852362623987917 
1 0.477634 -0.21590899999999999 0.46278000000000002 1 0 0 0 1 0 0 0 1 0 0 0 0 0 0 
2 0.48781229376302376 -0.23202224513519276 0.47280934272995045 0.5340516627019094 0.84545184461643108 -1.6653342494907379e-16 -0.84545184461643108 0.5340516627019094 3.6082242072299321e-16 3.9399543366871708e-16 -5.1901822413756014e-17 1 -0.37080095084735404 -0.23423135337865653 -3.2294794146087951e-17 -1.4654943925052066e-14 -2.7644553313166398e-14 -23.01181551790685 
1 0.477634 -0.21590899999999999 0.46278000000000002 1 0 0 0 1 0 0 0 1 0 0 0 0 0 0 
2 0.46992977603930292 -0.23334101593021539 0.47280935230650473 -0.40423892955841284 0.91465342498099711 1.6653359282383717e-16 -0.91465342498099711 -0.40423892955841284 8.3266796411918587e-17 1.4347962182398124e-16 -1.1866084040140121e-16 1 -0.41720502241579188 0.1844123470335467 5.6565385381099331e-15 2.9753977059954195e-14 -1.7708057242771247e-14 -23.933754799268652 
1 0.477634 -0.21590899999999999 0.46278000000000002 1 0 0 0 1 0 0 0 1 0 0 0 0 0 0 
2 0.45979224645454059 -0.22261021491157351 0.47280934149866805 -0.93614749780984596 0.35160754022683377 3.8857794118500764e-16 -0.35160754022683377 -0.93614749780984596 2.7755567227500548e-17 3.7352533406490842e-16 -1.106436292761502e-16 1 -0.098687221619580462 0.26273478580562754 1.3776912264115495e-14 -4.1300296516055823e-14 1.5543122344752192e-14 -14.726350408081935 
1 0.477634 -0.21590899999999999 0.46278000000000002 1 0 0 0 1 0 0 0 1 0 0 0 0 0 0 
2 0.45857786328012717 -0.21622123003697985 0.47280934378142775 -0.99986579071645243 0.016382934870263439 3.0531131286555019e-16 -0.016382934870263439 -0.99986579071645243 -2.3939182486048822e-16 3.0134839657782865e-16 -2.4436159160901745e-16 1 -0.00071980066880442757 0.043835653280392579 -1.4061948304602464e-14 1.7763568394002505e-15 1.2545520178264269e-14 -2.3002475148464443 
1 0.477634 -0.21590899999999999 0.46278000000000002 1 0 0 0 1 0 0 0 1 0 0 0 0 0 0 
2 0.4588722860164452 -0.21926041918602271 0.47280934348598869 -0.98441739943573814 0.17584761496300794 8.3266719101116991e-17 -0.17584761496300794 -0.98441739943573814 1.1102229213482266e-16 1.0149221235670257e-16 9.4650022143030768e-17 1 0.034501645103808848 -0.19315875276287334 -6.8038131126294231e-15 1.3322676295501878e-14 -1.0658141036401503e-14 10.295449645728189 
1 0.477634 -0.21590899999999999 0.46278000000000002 1 0 0 0 1 0 0 0 1 0 0 0 0 0 0 
2 0.4646764061746273 -0.22988524866657706 0.47280934143508346 -0.67987868574824051 0.73332460252281539 5.5511134083460706e-17 -0.73332460252281539 -0.67987868574824051 1.1102226816692141e-16 1.1915619755974669e-16 3.4773993432770722e-17 1 0.2991929712609831 -0.27739971447962108 -2.5642019527311745e-16 -2.1316282072803006e-14 8.4376949871511897e-15 21.407300579477511 
1 0.477634 -0.21590899999999999 0.46278000000000002 1 0 0 0 1 0 0 0 1 0 0 0 0 0 0 
2 0.48168019088926567 -0.23453314643259046 0.47280935219066222 0.21230132782964484 0.97720424999166355 0 -0.97720424999166355 0.21230132782964484 1.6653359079314298e-16 1.627373326894319e-16 -3.535530245362297e-17 1 0.46083057797782379 0.10014367896548666 -3.6495532534200644e-15 2.2648549702353193e-14 -2.3425705819590803e-14 24.743556853578227 
1 0.477634 -0.21590899999999999 0.46278000000000002 1 0 0 0 1 0 0 0 1 0 0 0 0 0 0 
2 0.49443520359295223 -0.22490641479212692 0.47280934260863067 0.88155152558417682 0.47208781782652509 -1.110222818815778e-16 -0.47208781782652509 0.88155152558417682 1.110222818815778e-16 1.5028412875013686e-16 -4.5459595182946004e-17 1 0.1538894904036919 0.28735841760421332 -6.5205953033887638e-15 -7.9936057773011271e-15 -4.0856207306205761e-14 17.104136399619801 
1 0.477634 -0.21590899999999999 0.46278000000000002 1 0 0 0 1 0 0 0 1 0 0 0 0 0 0 
2 0.49667184614887916 -0.21680031551475773 0.47280934324686053 0.9989058193884931 0.046767125118004606 2.7755572335063011e-17 -0.046767125118004606 0.9989058193884931 -1.7694177363602668e-16 -3.6000260792190418e-17 1.7545011905383278e-16 1 0.0043820800526241325 0.093521320042966816 6.2236093842850572e-15 5.773159728050814e-15 -8.8817841970012523e-16 4.9123197967210857 
1 0.477634 -0.21590899999999999 0.46278000000000002 1 0 0 0 1 0 0 0 1 0 0 0 0 0 0 
2 0.49659210593259312 -0.21786449327817806 0.47280934401211933 0.99472226771049133 0.10260414280572511 5.5511149141724522e-17 -0.10260414280572511 0.99472226771049133 3.4694468213577825e-17 -5.1658379986316881e-17 -4.0207033972267102e-17 1 -0.015069288911408459 -0.14610432693723341 6.098475944498047e-16 1.8207657603852567e-14 1.865174681370263e-14 -7.7068110616851691 
1 0.477634 -0.21590899999999999 0.46278000000000002 1 0 0 0 1 0 0 0 1 0 0 0 0 0 0 
2 0.49275649372413899 -0.22750835262547126 0.47280934122723917 0.7934690130317209 0.60861065169652317 -8.326669930346211e-17 -0.60861065169652317 0.7934690130317209 1.8041118182416791e-16 1.7586971265807393e-16 -9.2473682254210372e-17 1 -0.22582986262072208 -0.29444139363585992 -4.9834527968159866e-15 -2.3536728122053319e-14 -4.1522341120980855e-14 -19.469719227141429 
1 0.477634 -0.21590899999999999 0.46278000000000002 1 0 0 0 1 0 0 0 1 0 0 0 0 0 0 
2 0.47748434825519387 -0.23496704195228924 0.47280935031345844 -0.007849870822570151 0.9999691892893845 -8.3049938372921319e-17 -0.9999691892893845 -0.007849870822570151 0 -6.5193128804984423e-19 8.3047379545303475e-17 1 -0.47702681899515198 0.0037668659486506631 1.1618124376802785e-14 -9.1940344226770776e-15 8.4298507844332571e-14 -25.029392807218336 
1 0.477634 -0.21590899999999999 0.46278000000000002 1 0 0 0 1 0 0 0 1 0 0 0 0 0 0 
2 0.46237585021119093 -0.2273292431186098 0.47280934457014412 -0.80058960477482799 0.59921305453610141 8.3266728603607414e-17 -0.59921305453610141 -0.80058960477482799 -9.7144516704208655e-17 8.4522147578927233e-18 -1.2766740102206025e-16 1 -0.22039247018378633 0.2944668621105222 -1.4498167890593282e-14 -1.7763568394002505e-15 -6.4170890823334048e-14 -19.299564831923451 
1 0.477634 -0.21590899999999999 0.46278000000000002 1 0 0 0 1 0 0 0 1 0 0 0 0 0 0 
