       1 1.291079e-02 -2.126671e-16 -5.087204e-02 2.894989e-17 1.832158e-03 -3.669466e-19 1.291079e-02 -2.126671e-16 -5.087204e-02 2.894989e-17 1.832158e-03 -3.669466e-19
       2 -1.291079e-02 2.126671e-16 5.087204e-02 -2.869443e-17 -1.728872e-03 0.000000e+00 -1.291079e-02 2.126671e-16 5.087204e-02 -2.869443e-17 -1.728872e-03 0.000000e+00 1.000000e+00 0.000000e+00 0.000000e+00 0.000000e+00 1.000000e+00 0.000000e+00 0.000000e+00 0.000000e+00 1.000000e+00 0.000000e+00 0.000000e+00 0.000000e+00
       1 8.184353e-02 -2.118785e-02 8.659642e-11 4.137857e-04 1.598354e-03 -1.121743e-18 8.184353e-02 -2.118785e-02 8.659642e-11 4.137857e-04 1.598354e-03 -1.121743e-18
       2 -8.454163e-02 -1.325885e-07 -8.659642e-11 1.528664e-09 -9.747134e-04 0.000000e+00 -8.184353e-02 2.118785e-02 -8.659642e-11 -2.442829e-04 -9.436058e-04 2.475930e-30 9.680851e-01 2.506218e-01 1.369968e-26 -2.506218e-01 9.680851e-01 -9.227029e-28 -1.349371e-26 -2.540184e-27 1.000000e+00 4.462855e-22 3.508663e-22 -1.258068e+01
       1 1.560530e-01 -2.326546e-01 -1.573675e-12 4.543602e-03 3.047620e-03 8.789589e-18 1.560530e-01 -2.326546e-01 -1.573675e-12 4.543602e-03 3.047620e-03 8.789589e-18
       2 -2.801441e-01 -2.547670e-07 1.573675e-12 2.937307e-09 -3.229890e-03 0.000000e+00 -1.560530e-01 2.326546e-01 1.573675e-12 -2.682365e-03 -1.799196e-03 -1.202252e-29 5.570448e-01 8.304824e-01 -1.445351e-26 -8.304824e-01 5.570448e-01 1.486613e-26 2.039731e-26 3.722286e-27 1.000000e+00 3.788313e-22 -1.280017e-21 -2.290108e+01
       1 -1.188389e-01 -2.883494e-01 -1.428056e-10 5.631287e-03 -2.320850e-03 1.976837e-17 -1.188389e-01 -2.883494e-01 -1.428056e-10 5.631287e-03 -2.320850e-03 1.976837e-17
       2 -3.118782e-01 1.917794e-07 1.428056e-10 -2.211096e-09 -3.595765e-03 0.000000e+00 1.188389e-01 2.883494e-01 1.428056e-10 -3.324492e-03 1.370139e-03 -1.383235e-28 -3.810419e-01 9.245578e-01 -7.145552e-27 -9.245578e-01 -3.810419e-01 8.361792e-26 7.458685e-26 3.846841e-26 1.000000e+00 7.821418e-22 -2.138235e-21 -2.416337e+01
       1 -1.139489e-01 -4.431285e-02 -4.262018e-11 8.654029e-04 -2.225353e-03 5.757517e-18 -1.139489e-01 -4.431285e-02 -4.262018e-11 8.654029e-04 -2.225353e-03 5.757517e-18
       2 -1.222620e-01 1.858642e-07 4.262018e-11 -2.142900e-09 -1.409606e-03 0.000000e+00 1.139489e-01 4.431285e-02 4.262018e-11 -5.109001e-04 1.313761e-03 9.781445e-29 -9.320058e-01 3.624433e-01 3.366808e-26 -3.624433e-01 -9.320058e-01 -6.136078e-26 9.139051e-27 -6.939137e-26 1.000000e+00 -9.147708e-22 9.278670e-23 -1.512910e+01
       1 -3.919695e-03 -4.554239e-05 -1.221922e-10 8.894151e-07 -7.654925e-05 1.139932e-19 -3.919695e-03 -4.554239e-05 -1.221922e-10 8.894151e-07 -7.654925e-05 1.139932e-19
       2 -3.919959e-03 6.517359e-09 1.221922e-10 -7.514076e-11 -4.519474e-05 0.000000e+00 3.919695e-03 4.554239e-05 1.221922e-10 -5.250760e-07 4.519169e-05 2.556309e-32 -9.999325e-01 1.161974e-02 3.455217e-27 -1.161974e-02 -9.999325e-01 -5.255135e-28 3.448877e-27 -5.656268e-28 1.000000e+00 1.580227e-23 -2.988955e-22 -2.709342e+00
       1 -5.168516e-02 -8.114261e-03 -3.988133e-11 1.584666e-04 -1.009380e-03 1.930223e-18 -5.168516e-02 -8.114261e-03 -3.988133e-11 1.584666e-04 -1.009380e-03 1.930223e-18
       2 -5.231823e-02 8.359706e-08 3.988133e-11 -9.638233e-10 -6.031972e-04 0.000000e+00 5.168516e-02 8.114261e-03 3.988133e-11 -9.355247e-05 5.958983e-04 -1.553746e-31 -9.878994e-01 1.550959e-01 -7.683847e-27 -1.550959e-01 -9.878994e-01 -9.455780e-28 -7.737523e-27 2.575975e-28 1.000000e+00 1.956481e-22 4.772408e-22 9.896850e+00
       1 -1.686606e-01 -1.696848e-01 -5.644759e-11 3.313840e-03 -3.293838e-03 1.443909e-17 -1.686606e-01 -1.696848e-01 -5.644759e-11 3.313840e-03 -3.293838e-03 1.443909e-17
       2 -2.392474e-01 2.746766e-07 5.644759e-11 -3.166855e-09 -2.758376e-03 0.000000e+00 1.686606e-01 1.696848e-01 5.644759e-11 -1.956362e-03 1.944553e-03 -3.928793e-29 -7.049622e-01 7.092449e-01 -2.495094e-26 -7.092449e-01 -7.049622e-01 -4.898365e-27 -2.106361e-26 1.424316e-26 1.000000e+00 9.179736e-22 7.692937e-22 2.116359e+01
       1 5.860366e-02 -3.268184e-01 1.105873e-10 6.382564e-03 1.144494e-03 1.691186e-17 5.860366e-02 -3.268184e-01 1.105873e-10 6.382564e-03 1.144494e-03 1.691186e-17
       2 -3.320311e-01 -9.337379e-08 -1.105873e-10 1.076546e-09 -3.828116e-03 0.000000e+00 -5.860366e-02 3.268184e-01 -1.105873e-10 -3.768016e-03 -6.756644e-04 -7.353232e-29 1.765002e-01 9.843006e-01 -2.525966e-26 -9.843006e-01 1.765002e-01 3.203734e-26 3.599271e-26 1.920850e-26 1.000000e+00 6.931057e-22 3.381360e-22 2.493183e+01
       1 1.442626e-01 -8.128069e-02 -1.637754e-11 1.587362e-03 2.817360e-03 5.200838e-19 1.442626e-01 -8.128069e-02 -1.637754e-11 1.587362e-03 2.817360e-03 5.200838e-19
       2 -1.655845e-01 -2.349968e-07 1.637754e-11 2.709369e-09 -1.909089e-03 0.000000e+00 -1.442626e-01 8.128069e-02 1.637754e-11 -9.371167e-04 -1.663259e-03 -3.425773e-29 8.712314e-01 4.908725e-01 -2.423203e-26 -4.908725e-01 8.712314e-01 -6.943890e-27 1.770314e-26 1.794457e-26 1.000000e+00 -2.209064e-23 -8.377655e-22 1.760664e+01
       1 1.584208e-02 -7.456103e-04 -1.098797e-10 1.456131e-05 3.093861e-04 -4.078760e-19 1.584208e-02 -7.456103e-04 -1.098797e-10 1.456131e-05 3.093861e-04 -4.078760e-19
       2 -1.585962e-02 -2.605006e-08 1.098797e-10 3.003408e-10 -1.828517e-04 0.000000e+00 -1.584208e-02 7.456103e-04 1.098797e-10 -8.596431e-06 -1.826495e-04 6.991603e-32 9.988942e-01 4.701478e-02 -9.086707e-27 -4.701478e-02 9.988942e-01 8.104555e-28 9.114762e-27 -3.823497e-28 1.000000e+00 -4.823264e-23 -1.212812e-21 5.449124e+00
       1 2.740739e-02 -2.241649e-03 2.423544e-11 4.377804e-05 5.352496e-04 -6.515419e-19 2.740739e-02 -2.241649e-03 2.423544e-11 4.377804e-05 5.352496e-04 -6.515419e-19
       2 -2.749891e-02 -4.422112e-08 -2.423544e-11 5.098422e-10 -3.170456e-04 0.000000e+00 -2.740739e-02 2.241649e-03 -2.423544e-11 -2.584484e-05 -3.159905e-04 2.206228e-30 9.966718e-01 8.151935e-02 -2.590754e-26 -8.151935e-02 9.966718e-01 9.100921e-27 2.656321e-26 -6.958666e-27 1.000000e+00 2.151177e-22 -8.235174e-23 -7.175170e+00
       1 1.588031e-01 -1.118391e-01 -6.242565e-11 2.184149e-03 3.101327e-03 1.843860e-18 1.588031e-01 -1.118391e-01 -6.242565e-11 2.184149e-03 3.101327e-03 1.843860e-18
       2 -1.942329e-01 -2.581739e-07 6.242565e-11 2.976589e-09 -2.239386e-03 0.000000e+00 -1.588031e-01 1.118391e-01 6.242565e-11 -1.289436e-03 -1.830903e-03 1.484032e-28 8.175906e-01 5.758000e-01 7.661141e-27 -5.758000e-01 8.175906e-01 7.565922e-26 3.730091e-26 -6.626955e-26 1.000000e+00 -7.353434e-22 -7.852306e-22 -1.906899e+01
       1 1.355889e-02 -3.367810e-01 1.395957e-11 6.577128e-03 2.647969e-04 1.875842e-17 1.355889e-02 -3.367810e-01 1.395957e-11 6.577128e-03 2.647969e-04 1.875842e-17
       2 -3.370539e-01 -2.411693e-08 -1.395957e-11 2.780538e-10 -3.886025e-03 0.000000e+00 -1.355889e-02 3.367810e-01 -1.395957e-11 -3.882880e-03 -1.563257e-04 6.300066e-30 4.022760e-02 9.991905e-01 -4.087562e-28 -9.991905e-01 4.022760e-02 5.045374e-26 5.042934e-26 -1.621207e-27 1.000000e+00 7.738698e-23 -4.412101e-21 -2.511970e+01
       1 -1.646398e-01 -1.320417e-01 1.280943e-10 2.578693e-03 -3.215315e-03 1.218504e-17 -1.646398e-01 -1.320417e-01 1.280943e-10 2.578693e-03 -3.215315e-03 1.218504e-17
       2 -2.110480e-01 2.677838e-07 -1.280943e-10 -3.087387e-09 -2.433255e-03 0.000000e+00 1.646398e-01 1.320417e-01 -1.280943e-10 -1.522360e-03 1.898197e-03 1.278081e-28 -7.801052e-01 6.256484e-01 6.879838e-26 -6.256484e-01 -7.801052e-01 -1.215484e-26 4.606531e-26 -5.252565e-26 1.000000e+00 -2.599998e-22 -2.324001e-21 -1.987727e+01
       1 -3.555696e-02 -3.790501e-03 2.882398e-11 7.402617e-05 -6.944056e-04 1.226055e-18 -3.555696e-02 -3.790501e-03 2.882398e-11 7.402617e-05 -6.944056e-04 1.226055e-18
       2 -3.575843e-02 5.824854e-08 -2.882398e-11 -6.715705e-10 -4.122728e-04 0.000000e+00 3.555696e-02 3.790501e-03 -2.882398e-11 -4.370216e-05 4.099500e-04 -1.177685e-30 -9.943656e-01 1.060046e-01 1.391375e-26 -1.060046e-01 -9.943656e-01 4.356009e-27 1.429711e-26 2.856543e-27 1.000000e+00 4.504555e-22 -8.211111e-22 -8.182041e+00
       1 -1.051720e-02 -3.281997e-04 -1.345340e-10 6.409541e-06 -2.053944e-04 3.175727e-19 -1.051720e-02 -3.281997e-04 -1.345340e-10 6.409541e-06 -2.053944e-04 3.175727e-19
       2 -1.052231e-02 1.688200e-08 1.345340e-10 -1.946398e-10 -1.213159e-04 0.000000e+00 1.051720e-02 3.281997e-04 1.345340e-10 -3.783943e-06 1.212568e-04 1.085956e-31 -9.995134e-01 3.119243e-02 -2.951515e-26 -3.119243e-02 -9.995134e-01 -1.816634e-27 -2.955745e-26 -8.951005e-28 1.000000e+00 7.886100e-23 3.372721e-22 4.438569e+00
       1 -1.338048e-01 -6.598095e-02 3.809313e-11 1.288568e-03 -2.613127e-03 7.553545e-18 -1.338048e-01 -6.598095e-02 3.809313e-11 1.288568e-03 -2.613127e-03 7.553545e-18
       2 -1.491885e-01 2.172266e-07 -3.809313e-11 -2.504488e-09 -1.720053e-03 0.000000e+00 1.338048e-01 6.598095e-02 -3.809313e-11 -7.607200e-04 1.542688e-03 -2.522720e-29 -8.968835e-01 4.422669e-01 -3.348744e-26 -4.422669e-01 -8.968835e-01 -1.603494e-28 -3.010525e-26 1.466657e-26 1.000000e+00 -5.007227e-22 -1.807765e-23 1.671224e+01
       1 -8.291274e-02 -3.155404e-01 -5.823136e-11 6.162312e-03 -1.619235e-03 2.029292e-17 -8.291274e-02 -3.155404e-01 -5.823136e-11 6.162312e-03 -1.619235e-03 2.029292e-17
       2 -3.262519e-01 1.366842e-07 5.823136e-11 -1.575886e-09 -3.761485e-03 0.000000e+00 8.291274e-02 3.155404e-01 5.823136e-11 -3.637988e-03 9.559332e-04 1.847726e-28 -2.541368e-01 9.671683e-01 4.248513e-26 -9.671683e-01 -2.541368e-01 -3.160494e-26 -1.977026e-26 -4.912225e-26 1.000000e+00 -4.487707e-22 -2.235459e-21 2.471390e+01
       1 1.669215e-01 -1.928428e-01 4.216767e-11 3.766102e-03 3.259874e-03 6.217652e-18 1.669215e-01 -1.928428e-01 4.216767e-11 3.766102e-03 3.259874e-03 6.217652e-18
       2 -2.550512e-01 -2.709642e-07 -4.216767e-11 3.124052e-09 -2.940585e-03 0.000000e+00 -1.669215e-01 1.928428e-01 -4.216767e-11 -2.223360e-03 -1.924502e-03 1.193256e-28 6.544617e-01 7.560952e-01 -1.801165e-27 -7.560952e-01 6.544617e-01 6.408424e-26 4.963258e-26 -4.057883e-26 1.000000e+00 -2.151524e-21 6.092722e-22 2.185140e+01
       1 6.225381e-02 -1.190929e-02 -1.214222e-11 2.325812e-04 1.215779e-03 -1.092395e-18 6.225381e-02 -1.190929e-02 -1.214222e-11 2.325812e-04 1.215779e-03 -1.092395e-18
       2 -6.338271e-02 -1.017741e-07 1.214222e-11 1.173393e-09 -7.307639e-04 0.000000e+00 -6.225381e-02 1.190929e-02 1.214222e-11 -1.373069e-04 -7.177483e-04 4.312885e-30 9.821888e-01 1.878965e-01 1.262182e-27 -1.878965e-01 9.821888e-01 5.767451e-27 -1.560173e-28 -5.901886e-27 1.000000e+00 -1.762371e-22 1.808833e-22 1.089319e+01
       1 1.539145e-03 -7.019229e-06 -6.049420e-11 1.370813e-07 3.005857e-05 -4.334614e-20 1.539145e-03 -7.019229e-06 -6.049420e-11 1.370813e-07 3.005857e-05 -4.334614e-20
       2 -1.539161e-03 -2.418410e-09 6.049420e-11 2.788293e-11 -1.774559e-05 0.000000e+00 -1.539145e-03 7.019229e-06 6.049420e-11 -8.092743e-08 -1.774540e-05 7.700771e-34 9.999896e-01 4.561996e-03 1.156985e-26 -4.561996e-03 9.999896e-01 -9.368097e-30 -1.156978e-26 -4.341359e-29 1.000000e+00 3.541484e-25 6.274001e-22 -1.698047e+00
       1 1.017908e-01 -3.417907e-02 1.434535e-10 6.674963e-04 1.987912e-03 -9.502141e-19 1.017908e-01 -3.417907e-02 1.434535e-10 6.674963e-04 1.987912e-03 -9.502141e-19
       2 -1.073759e-01 -1.650391e-07 -1.434535e-10 1.902798e-09 -1.237978e-03 0.000000e+00 -1.017908e-01 3.417907e-02 -1.434535e-10 -3.940637e-04 -1.173586e-03 3.873938e-29 9.479854e-01 3.183138e-01 -1.298868e-26 -3.183138e-01 9.479854e-01 3.737072e-26 2.420870e-26 -3.129242e-26 1.000000e+00 5.937249e-23 -8.605871e-22 -1.417820e+01
       1 1.357386e-01 -2.687755e-01 2.197845e-11 5.249021e-03 2.650892e-03 1.142019e-17 1.357386e-01 -2.687755e-01 2.197845e-11 5.249021e-03 2.650892e-03 1.142019e-17
       2 -3.011067e-01 -2.220977e-07 -2.197845e-11 2.560650e-09 -3.471576e-03 0.000000e+00 -1.357386e-01 2.687755e-01 -2.197845e-11 -3.098817e-03 -1.564983e-03 -9.924265e-29 4.507984e-01 8.926258e-01 -2.121722e-26 -8.926258e-01 4.507984e-01 -2.140239e-26 -9.539635e-27 2.858720e-26 1.000000e+00 3.981740e-22 1.220650e-21 -2.374243e+01
       1 -1.448732e-01 -2.550297e-01 -1.223377e-10 4.980575e-03 -2.829286e-03 1.861431e-17 -1.448732e-01 -2.550297e-01 -1.223377e-10 4.980575e-03 -2.829286e-03 1.861431e-17
       2 -2.933060e-01 2.344822e-07 1.223377e-10 -2.703433e-09 -3.381639e-03 0.000000e+00 1.448732e-01 2.550297e-01 1.223377e-10 -2.940337e-03 1.670300e-03 -2.423246e-28 -4.939314e-01 8.695009e-01 -7.962030e-26 -8.695009e-01 -4.939314e-01 4.917727e-27 -3.505100e-26 7.165894e-26 1.000000e+00 2.603391e-21 1.611615e-22 -2.343288e+01
       1 -9.388804e-02 -2.854760e-02 -5.045792e-11 5.575171e-04 -1.833576e-03 4.291202e-18 -9.388804e-02 -2.854760e-02 -5.045792e-11 5.575171e-04 -1.833576e-03 4.291202e-18
       2 -9.813221e-02 1.532650e-07 5.045792e-11 -1.767051e-09 -1.131404e-03 0.000000e+00 9.388804e-02 2.854760e-02 5.045792e-11 -3.291364e-04 1.082472e-03 -3.606635e-29 -9.567501e-01 2.909111e-01 -1.218878e-26 -2.909111e-01 -9.567501e-01 2.961239e-26 -3.047039e-27 3.187751e-26 1.000000e+00 4.343432e-22 3.494807e-22 -1.355420e+01
       1 -4.469743e-04 -7.589006e-07 1.648670e-09 1.482077e-08 -8.729084e-06 1.274691e-20 -4.469743e-04 -7.589006e-07 1.648670e-09 1.482077e-08 -8.729084e-06 1.274691e-20
       2 -4.469749e-04 9.240608e-09 -1.648670e-09 -1.065421e-10 -5.153297e-06 0.000000e+00 4.469743e-04 7.589006e-07 -1.648670e-09 -8.749569e-09 5.153289e-06 5.685652e-32 -9.999985e-01 1.718533e-03 -6.679757e-24 -1.718533e-03 -9.999985e-01 -2.237435e-26 -6.679785e-24 -1.089494e-26 1.000000e+00 -2.874217e-23 -1.576330e-19 -1.042900e+00
       1 -6.947858e-02 -1.497502e-02 -8.594329e-11 2.924531e-04 -1.356874e-03 2.825932e-18 -6.947858e-02 -1.497502e-02 -8.594329e-11 2.924531e-04 -1.356874e-03 2.825932e-18
       2 -7.107407e-02 1.124923e-07 8.594329e-11 -1.296969e-09 -8.194406e-04 0.000000e+00 6.947858e-02 1.497502e-02 8.594329e-11 -1.726529e-04 8.010455e-04 1.279241e-29 -9.775513e-01 2.106976e-01 2.736366e-27 -2.106976e-01 -9.775513e-01 -1.537987e-26 -5.655621e-28 -1.561115e-26 1.000000e+00 3.577573e-23 -1.041519e-22 1.153519e+01
       1 -1.640118e-01 -2.080020e-01 5.526427e-11 4.062152e-03 -3.203051e-03 1.648504e-17 -1.640118e-01 -2.080020e-01 5.526427e-11 4.062152e-03 -3.203051e-03 1.648504e-17
       2 -2.648862e-01 2.674702e-07 -5.526427e-11 -3.083767e-09 -3.053976e-03 0.000000e+00 1.640118e-01 2.080020e-01 -5.526427e-11 -2.398136e-03 1.890956e-03 -6.782925e-29 -6.191776e-01 7.852510e-01 2.358914e-26 -7.852510e-01 -6.191776e-01 6.578641e-26 6.626471e-26 2.221007e-26 1.000000e+00 6.696021e-22 -2.233605e-22 2.226871e+01
       1 9.746314e-02 -3.063163e-01 -4.215757e-11 5.982170e-03 1.903396e-03 1.464200e-17 9.746314e-02 -3.063163e-01 -4.215757e-11 5.982170e-03 1.903396e-03 1.464200e-17
       2 -3.214479e-01 -1.568121e-07 4.215757e-11 1.807946e-09 -3.706097e-03 0.000000e+00 -9.746314e-02 3.063163e-01 4.215757e-11 -3.531640e-03 -1.123690e-03 1.685011e-28 3.032000e-01 9.529269e-01 1.018527e-26 -9.529269e-01 3.032000e-01 1.179420e-25 1.093020e-25 -4.546585e-26 1.000000e+00 -1.496001e-21 -9.349736e-22 2.453127e+01
       1 1.265046e-01 -5.711076e-02 -1.243037e-10 1.115338e-03 2.470558e-03 -3.491072e-19 1.265046e-01 -5.711076e-02 -1.243037e-10 1.115338e-03 2.470558e-03 -3.491072e-19
       2 -1.387986e-01 -2.062383e-07 1.243037e-10 2.377801e-09 -1.600263e-03 0.000000e+00 -1.265046e-01 5.711076e-02 1.243037e-10 -6.584521e-04 -1.458521e-03 7.877776e-30 9.114250e-01 4.114662e-01 -4.873387e-27 -4.114662e-01 9.114250e-01 7.601308e-27 7.569408e-27 -4.922789e-27 1.000000e+00 -7.096079e-22 -1.034947e-22 1.611980e+01
       1 7.644029e-03 -1.732893e-04 1.403188e-11 3.384234e-06 1.492832e-04 -2.074060e-19 7.644029e-03 -1.732893e-04 1.403188e-11 3.384234e-06 1.492832e-04 -2.074060e-19
       2 -7.645993e-03 -1.263046e-08 -1.403188e-11 1.456216e-10 -8.815363e-05 0.000000e+00 -7.644029e-03 1.732893e-04 -1.403188e-11 -1.997919e-06 -8.813099e-05 -1.815645e-31 9.997431e-01 2.266571e-02 -6.305991e-26 -2.266571e-02 9.997431e-01 -6.306055e-28 6.302942e-26 2.059741e-27 1.000000e+00 2.069743e-23 -1.049499e-21 3.783655e+00
       1 4.135427e-02 -5.148274e-03 -4.716522e-11 1.005426e-04 8.076236e-04 -8.827136e-19 4.135427e-02 -5.148274e-03 -4.716522e-11 1.005426e-04 8.076236e-04 -8.827136e-19
       2 -4.167350e-02 -6.683360e-08 4.716522e-11 7.705509e-10 -4.804700e-04 0.000000e+00 -4.135427e-02 5.148274e-03 4.716522e-11 -5.935645e-05 -4.767895e-04 3.593376e-30 9.923396e-01 1.235399e-01 1.408121e-26 -1.235399e-01 9.923396e-01 5.783613e-27 -1.325883e-26 -7.478899e-27 1.000000e+00 -2.482098e-22 4.972109e-22 -8.832862e+00
       1 1.671213e-01 -1.459063e-01 -1.308183e-10 2.849462e-03 3.263777e-03 3.543942e-18 1.671213e-01 -1.459063e-01 -1.308183e-10 2.849462e-03 3.263777e-03 3.543942e-18
       2 -2.218517e-01 -2.719691e-07 1.308183e-10 3.135641e-09 -2.557815e-03 0.000000e+00 -1.671213e-01 1.459063e-01 1.308183e-10 -1.682211e-03 -1.926807e-03 7.826845e-29 7.533010e-01 6.576759e-01 6.987963e-27 -6.576759e-01 7.533010e-01 3.451993e-26 1.743889e-26 -3.059971e-26 1.000000e+00 5.487219e-22 -1.480367e-21 -2.037968e+01
       1 -3.096518e-02 -3.344600e-01 -3.067226e-11 6.531800e-03 -6.047310e-04 1.989194e-17 -3.096518e-02 -3.344600e-01 -3.067226e-11 6.531800e-03 -6.047310e-04 1.989194e-17
       2 -3.358904e-01 4.833088e-08 3.067226e-11 -5.572248e-10 -3.872611e-03 0.000000e+00 3.096518e-02 3.344600e-01 3.067226e-11 -3.856120e-03 3.570096e-04 2.887762e-29 -9.218820e-02 9.957416e-01 1.584754e-27 -9.957416e-01 -9.218820e-02 -6.377033e-26 -6.335267e-26 -7.456877e-27 1.000000e+00 -6.099046e-22 4.113031e-21 -2.507630e+01
       1 -1.538918e-01 -9.963631e-02 9.082255e-11 1.945836e-03 -3.005412e-03 1.003754e-17 -1.538918e-01 -9.963631e-02 9.082255e-11 1.945836e-03 -3.005412e-03 1.003754e-17
       2 -1.833305e-01 2.505415e-07 -9.082255e-11 -2.888592e-09 -2.113689e-03 0.000000e+00 1.538918e-01 9.963631e-02 -9.082255e-11 -1.148746e-03 1.774278e-03 5.541534e-29 -8.394219e-01 5.434803e-01 1.738351e-26 -5.434803e-01 -8.394219e-01 -1.997776e-26 3.734577e-27 -2.621737e-26 1.000000e+00 -1.248854e-21 3.876584e-22 -1.852609e+01
       1 -2.266734e-02 -1.530066e-03 -9.792591e-11 2.988125e-05 -4.426792e-04 7.312186e-19 -2.266734e-02 -1.530066e-03 -9.792591e-11 2.988125e-05 -4.426792e-04 7.312186e-19
       2 -2.271892e-02 3.720495e-08 9.792591e-11 -4.289499e-10 -2.619352e-04 0.000000e+00 2.266734e-02 1.530066e-03 9.792591e-11 -1.764072e-05 2.613405e-04 -4.270438e-30 -9.977295e-01 6.734929e-02 -1.107356e-26 -6.734929e-02 -9.977295e-01 1.559304e-26 -9.998232e-27 1.630343e-26 1.000000e+00 3.370251e-22 -3.789089e-23 -6.521833e+00
       1 -1.986216e-02 -1.173544e-03 -9.340544e-11 2.291860e-05 -3.878959e-04 6.312249e-19 -1.986216e-02 -1.173544e-03 -9.340544e-11 2.291860e-05 -3.878959e-04 6.312249e-19
       2 -1.989680e-02 3.199929e-08 9.340544e-11 -3.689329e-10 -2.293980e-04 0.000000e+00 1.986216e-02 1.173544e-03 9.340544e-11 -1.353025e-05 2.289986e-04 -1.157938e-31 -9.982590e-01 5.898316e-02 4.505384e-26 -5.898316e-02 -9.982590e-01 3.167632e-27 4.516224e-26 5.047000e-28 1.000000e+00 1.116350e-23 3.286423e-22 6.103358e+00
       1 -1.503464e-01 -9.222149e-02 1.030265e-10 1.801029e-03 -2.936174e-03 9.515287e-18 -1.503464e-01 -9.222149e-02 1.030265e-10 1.801029e-03 -2.936174e-03 9.515287e-18
       2 -1.763770e-01 2.442842e-07 -1.030265e-10 -2.816446e-09 -2.033519e-03 0.000000e+00 1.503464e-01 9.222149e-02 -1.030265e-10 -1.063257e-03 1.733402e-03 -2.336355e-29 -8.524144e-01 5.228668e-01 7.559083e-26 -5.228668e-01 -8.524144e-01 5.984534e-26 9.572585e-26 1.148909e-26 1.000000e+00 -1.934767e-21 -2.067976e-21 1.817136e+01
       1 -4.192115e-02 -3.320341e-01 -5.121432e-11 6.484423e-03 -8.186944e-04 2.006542e-17 -4.192115e-02 -3.320341e-01 -5.121432e-11 6.484423e-03 -8.186944e-04 2.006542e-17
       2 -3.346700e-01 7.019560e-08 5.121432e-11 -8.093143e-10 -3.858541e-03 0.000000e+00 4.192115e-02 3.320341e-01 5.121432e-11 -3.828150e-03 4.833252e-04 5.780562e-29 -1.252609e-01 9.921238e-01 2.444772e-26 -9.921238e-01 -1.252609e-01 7.403696e-26 7.651618e-26 -1.498123e-26 1.000000e+00 -5.286858e-22 -4.544862e-21 2.503071e+01
       1 1.681134e-01 -1.550509e-01 1.942031e-11 3.028050e-03 3.283152e-03 4.035555e-18 1.681134e-01 -1.550509e-01 1.942031e-11 3.028050e-03 3.283152e-03 4.035555e-18
       2 -2.286983e-01 -2.732436e-07 -1.942031e-11 3.150333e-09 -2.636751e-03 0.000000e+00 -1.681134e-01 1.550509e-01 -1.942031e-11 -1.787642e-03 -1.938245e-03 2.175712e-29 7.350873e-01 6.779725e-01 7.065774e-26 -6.779725e-01 7.350873e-01 -5.394245e-26 -8.851110e-26 -8.251592e-27 1.000000e+00 -6.914430e-23 1.974823e-21 2.069175e+01
       1 4.526824e-02 -6.188293e-03 5.870192e-11 1.208536e-04 8.840610e-04 -9.348370e-19 4.526824e-02 -6.188293e-03 5.870192e-11 1.208536e-04 8.840610e-04 -9.348370e-19
       2 -4.568926e-02 -7.408955e-08 -5.870192e-11 8.542075e-10 -5.267692e-04 0.000000e+00 -4.526824e-02 6.188293e-03 -5.870192e-11 -7.134723e-05 -5.219151e-04 3.935816e-30 9.907849e-01 1.354447e-01 9.130563e-27 -1.354447e-01 9.907849e-01 6.292931e-27 -8.194080e-27 -7.471627e-27 1.000000e+00 -7.821697e-24 -4.114082e-22 9.248642e+00
       1 6.044354e-03 -1.083263e-04 2.135231e-11 2.115547e-06 1.180425e-04 -1.656332e-19 6.044354e-03 -1.083263e-04 2.135231e-11 2.115547e-06 1.180425e-04 -1.656332e-19
       2 -6.045325e-03 -9.661091e-09 -2.135231e-11 1.113864e-10 -6.969890e-05 0.000000e+00 -6.044354e-03 1.083263e-04 -2.135231e-11 -1.248936e-06 -6.968771e-05 3.309471e-31 9.998394e-01 1.792062e-02 -2.195967e-26 -1.792062e-02 9.998394e-01 5.142562e-27 2.204830e-26 -4.748205e-27 1.000000e+00 -9.923061e-23 -7.522944e-22 -3.364430e+00
       1 1.216738e-01 -5.186056e-02 8.206535e-11 1.012805e-03 2.376214e-03 -5.102447e-19 1.216738e-01 -5.186056e-02 8.206535e-11 1.012805e-03 2.376214e-03 -5.102447e-19
       2 -1.322650e-01 -1.974312e-07 -8.206535e-11 2.276260e-09 -1.524934e-03 0.000000e+00 -1.216738e-01 5.186056e-02 -8.206535e-11 -5.979206e-04 -1.402824e-03 4.880519e-29 9.199237e-01 3.920973e-01 -4.243407e-27 -3.920973e-01 9.199237e-01 3.659932e-26 1.825411e-26 -3.200475e-26 1.000000e+00 -7.725023e-22 -3.336257e-22 -1.573583e+01
       1 1.061956e-01 -2.996972e-01 2.855966e-11 5.852904e-03 2.073935e-03 1.401755e-17 1.061956e-01 -2.996972e-01 2.855966e-11 5.852904e-03 2.073935e-03 1.401755e-17
       2 -3.179559e-01 -1.743790e-07 -2.855966e-11 2.010483e-09 -3.665837e-03 0.000000e+00 -1.061956e-01 2.996972e-01 -2.855966e-11 -3.455326e-03 -1.224371e-03 1.689682e-29 3.339943e-01 9.425751e-01 -3.060579e-26 -9.425751e-01 3.339943e-01 1.001737e-25 1.046434e-25 -4.609210e-27 1.000000e+00 -1.117605e-21 -1.837906e-21 -2.439767e+01
       1 -1.613831e-01 -2.176828e-01 5.961869e-11 4.251211e-03 -3.151713e-03 1.696062e-17 -1.613831e-01 -2.176828e-01 5.961869e-11 4.251211e-03 -3.151713e-03 1.696062e-17
       2 -2.709802e-01 2.617163e-07 -5.961869e-11 -3.017431e-09 -3.124236e-03 0.000000e+00 1.613831e-01 2.176828e-01 -5.961869e-11 -2.509749e-03 1.860648e-03 -1.458799e-28 -5.955522e-01 8.033166e-01 -9.516926e-26 -8.033166e-01 -5.955522e-01 -4.996701e-26 -9.681759e-26 4.669309e-26 1.000000e+00 1.413044e-21 1.543856e-21 -2.252341e+01
       1 -7.423605e-02 -1.721573e-02 1.118861e-10 3.362126e-04 -1.449785e-03 3.088516e-18 -7.423605e-02 -1.721573e-02 1.118861e-10 3.362126e-04 -1.449785e-03 3.088516e-18
       2 -7.620612e-02 1.212884e-07 -1.118861e-10 -1.398382e-09 -8.786100e-04 0.000000e+00 7.423605e-02 1.721573e-02 -1.118861e-10 -1.984868e-04 8.558963e-04 2.131185e-29 -9.741478e-01 2.259116e-01 2.190685e-26 -2.259116e-01 -9.741478e-01 -1.981973e-26 1.686300e-26 -2.425635e-26 1.000000e+00 -3.744902e-22 2.069226e-22 -1.194438e+01
       1 -8.671413e-05 -4.663618e-08 -8.807121e-08 9.120008e-10 -1.696209e-06 2.467215e-21 -8.671413e-05 -4.663618e-08 -8.807121e-08 9.120008e-10 -1.696209e-06 2.467215e-21
       2 -8.671414e-05 6.453967e-09 8.807121e-08 -7.486028e-11 -1.002496e-06 0.000000e+00 8.671413e-05 4.663618e-08 8.807121e-08 -5.389114e-10 1.002496e-06 3.663507e-34 -9.999998e-01 6.122432e-04 -1.002215e-25 -6.122432e-04 -9.999998e-01 -4.193145e-28 -1.002218e-25 -3.579544e-28 1.000000e+00 2.621669e-21 1.379811e-17 6.235904e-01
       1 -8.886087e-02 -2.530671e-02 1.702011e-10 4.942245e-04 -1.735398e-03 3.964098e-18 -8.886087e-02 -2.530671e-02 1.702011e-10 4.942245e-04 -1.735398e-03 3.964098e-18
       2 -9.239417e-02 1.439998e-07 -1.702011e-10 -1.660227e-09 -1.065248e-03 0.000000e+00 8.886087e-02 2.530671e-02 -1.702011e-10 -2.917709e-04 1.024511e-03 -6.463904e-30 -9.617579e-01 2.739009e-01 6.908914e-27 -2.739009e-01 -9.617579e-01 8.276846e-27 8.911738e-27 6.067964e-27 1.000000e+00 -4.843760e-22 1.808208e-22 1.315196e+01
       1 -1.499427e-01 -2.458941e-01 7.061817e-11 4.802161e-03 -2.928289e-03 1.823909e-17 -1.499427e-01 -2.458941e-01 7.061817e-11 4.802161e-03 -2.928289e-03 1.823909e-17
       2 -2.880047e-01 2.449627e-07 -7.061817e-11 -2.824269e-09 -3.320518e-03 0.000000e+00 1.499427e-01 2.458941e-01 -7.061817e-11 -2.835009e-03 1.728747e-03 2.157481e-28 -5.206251e-01 8.537854e-01 4.109270e-26 -8.537854e-01 -5.206251e-01 -5.741148e-26 -2.762320e-26 -6.497421e-26 1.000000e+00 -1.717435e-21 -4.440452e-22 2.322015e+01
       1 1.291335e-01 -2.771618e-01 -2.504750e-11 5.412801e-03 2.521899e-03 1.208463e-17 1.291335e-01 -2.771618e-01 -2.504750e-11 5.412801e-03 2.521899e-03 1.208463e-17
       2 -3.057681e-01 -2.086456e-07 2.504750e-11 2.405556e-09 -3.525320e-03 0.000000e+00 -1.291335e-01 2.771618e-01 2.504750e-11 -3.195507e-03 -1.488830e-03 2.256521e-28 4.223243e-01 9.064448e-01 7.756842e-26 -9.064448e-01 4.223243e-01 -1.492334e-26 -4.628621e-26 -6.400900e-26 1.000000e+00 -1.204239e-21 -3.594682e-23 2.392550e+01
       1 1.068503e-01 -3.816277e-02 -3.857690e-11 7.452957e-04 2.086721e-03 -8.675658e-19 1.068503e-01 -3.816277e-02 -3.857690e-11 7.452957e-04 2.086721e-03 -8.675658e-19
       2 -1.134609e-01 -1.743345e-07 3.857690e-11 2.009969e-09 -1.308135e-03 0.000000e+00 -1.068503e-01 3.816277e-02 3.857690e-11 -4.399935e-04 -1.231919e-03 8.497704e-31 9.417359e-01 3.363531e-01 -9.599283e-27 -3.363531e-01 9.417359e-01 4.118285e-27 1.042519e-26 -6.495884e-28 1.000000e+00 -6.755196e-22 2.469550e-22 1.457440e+01
       1 2.393671e-03 -1.698091e-05 -5.497980e-11 3.316268e-07 4.674694e-05 -6.706697e-20 2.393671e-03 -1.698091e-05 -5.497980e-11 3.316268e-07 4.674694e-05 -6.706697e-20
       2 -2.393731e-03 -4.004619e-09 5.497980e-11 4.617063e-11 -2.759826e-05 0.000000e+00 -2.393671e-03 1.698091e-05 5.497980e-11 -1.957795e-07 -2.759757e-05 -5.035440e-32 9.999748e-01 7.095581e-03 4.775216e-26 -7.095581e-03 9.999748e-01 -2.163353e-27 -4.776630e-26 1.824470e-27 1.000000e+00 1.509715e-23 7.547003e-22 2.117345e+00
       1 5.778012e-02 -1.020572e-02 -7.708601e-12 1.993115e-04 1.128410e-03 -1.062082e-18 5.778012e-02 -1.020572e-02 -7.708601e-12 1.993115e-04 1.128410e-03 -1.062082e-18
       2 -5.867452e-02 -9.349170e-08 7.708601e-12 1.077902e-09 -6.764814e-04 0.000000e+00 -5.778012e-02 1.020572e-02 7.708601e-12 -1.176657e-04 -6.661695e-04 -1.457708e-29 9.847564e-01 1.739394e-01 9.829564e-27 -1.739394e-01 9.847564e-01 -2.361814e-26 -1.378785e-26 2.154837e-26 1.000000e+00 2.500971e-22 4.877674e-22 -1.048080e+01
       1 1.680375e-01 -1.831823e-01 1.004103e-10 3.577438e-03 3.281670e-03 5.636794e-18 1.680375e-01 -1.831823e-01 1.004103e-10 3.577438e-03 3.281670e-03 5.636794e-18
       2 -2.485807e-01 -2.737848e-07 -1.004103e-10 3.156569e-09 -2.865983e-03 0.000000e+00 -1.680375e-01 1.831823e-01 -1.004103e-10 -2.111980e-03 -1.937370e-03 -2.752604e-29 6.759870e-01 7.369136e-01 2.454420e-26 -7.369136e-01 6.759870e-01 -4.096425e-26 -4.677867e-26 9.604345e-27 1.000000e+00 -4.957262e-22 8.982982e-22 -2.157244e+01
       1 -7.307995e-02 -3.206722e-01 8.088655e-11 6.262532e-03 -1.427207e-03 2.030516e-17 -7.307995e-02 -3.206722e-01 8.088655e-11 6.262532e-03 -1.427207e-03 2.030516e-17
       2 -3.288941e-01 1.169901e-07 -8.088655e-11 -1.348827e-09 -3.791948e-03 0.000000e+00 7.307995e-02 3.206722e-01 -8.088655e-11 -3.697155e-03 8.425672e-04 2.167264e-28 -2.221987e-01 9.750014e-01 5.551950e-26 -9.750014e-01 -2.221987e-01 -1.360392e-26 -9.274827e-28 -5.715436e-26 1.000000e+00 -4.413525e-22 5.313172e-23 -2.481377e+01
       1 -1.382772e-01 -7.208790e-02 1.615832e-11 1.407833e-03 -2.700469e-03 8.027797e-18 -1.382772e-01 -7.208790e-02 1.615832e-11 1.407833e-03 -2.700469e-03 8.027797e-18
       2 -1.559399e-01 2.253136e-07 -1.615832e-11 -2.597728e-09 -1.797891e-03 0.000000e+00 1.382772e-01 7.208790e-02 -1.615832e-11 -8.311295e-04 1.594251e-03 -5.682925e-29 -8.867333e-01 4.622814e-01 -2.556674e-26 -4.622814e-01 -8.867333e-01 2.231767e-26 -1.235384e-26 3.160885e-26 1.000000e+00 -3.824882e-22 -4.381494e-22 -1.708620e+01
       1 -1.259442e-02 -4.708549e-04 -5.085518e-11 9.195508e-06 -2.459613e-04 3.847199e-19 -1.259442e-02 -4.708549e-04 -5.085518e-11 9.195508e-06 -2.459613e-04 3.847199e-19
       2 -1.260322e-02 2.073746e-08 5.085518e-11 -2.390899e-10 -1.453074e-04 0.000000e+00 1.259442e-02 4.708549e-04 5.085518e-11 -5.428669e-06 1.452060e-04 -5.709517e-32 -9.993018e-01 3.736154e-02 -2.666478e-27 -3.736154e-02 -9.993018e-01 2.935123e-28 -2.653650e-27 3.929311e-28 1.000000e+00 -6.241840e-23 7.892489e-23 -4.857622e+00
       1 -3.205790e-02 -3.074587e-03 1.473552e-10 6.004480e-05 -6.260712e-04 1.085910e-18 -3.205790e-02 -3.074587e-03 1.473552e-10 6.004480e-05 -6.260712e-04 1.085910e-18
       2 -3.220500e-02 5.175839e-08 -1.473552e-10 -5.967415e-10 -3.713040e-04 0.000000e+00 3.205790e-02 3.074587e-03 -1.473552e-10 -3.544810e-05 3.696080e-04 -1.976602e-30 -9.954322e-01 9.547083e-02 -2.583685e-26 -9.547083e-02 -9.954322e-01 2.869891e-27 -2.544484e-26 5.323447e-27 1.000000e+00 -8.673057e-23 7.229710e-22 7.764876e+00
       1 -1.624978e-01 -1.234764e-01 4.692694e-11 2.411419e-03 -3.173483e-03 1.163729e-17 -1.624978e-01 -1.234764e-01 4.692694e-11 2.411419e-03 -3.173483e-03 1.163729e-17
       2 -2.040881e-01 2.642700e-07 -4.692694e-11 -3.046871e-09 -2.353011e-03 0.000000e+00 1.624978e-01 1.234764e-01 -4.692694e-11 -1.423607e-03 1.873500e-03 2.748044e-29 -7.962132e-01 6.050162e-01 1.582755e-26 -6.050162e-01 -7.962132e-01 -2.641167e-27 1.100415e-26 -1.167886e-26 1.000000e+00 1.195981e-22 -7.675785e-22 1.954677e+01
       1 2.318621e-03 -3.373109e-01 -1.600747e-10 6.587475e-03 4.528126e-05 1.910800e-17 2.318621e-03 -3.373109e-01 -1.600747e-10 6.587475e-03 4.528126e-05 1.910800e-17
       2 -3.373188e-01 -1.702792e-09 1.600747e-10 1.962763e-11 -3.889080e-03 0.000000e+00 -2.318621e-03 3.373109e-01 1.600747e-10 -3.888988e-03 -2.673229e-05 -3.281006e-30 6.873673e-03 9.999764e-01 -7.222548e-28 -9.999764e-01 6.873673e-03 -1.766275e-26 -1.765737e-26 8.436457e-28 1.000000e+00 4.982093e-24 6.499428e-22 2.512957e+01
       1 1.614980e-01 -1.200239e-01 -1.249388e-10 2.343994e-03 3.153957e-03 2.232522e-18 1.614980e-01 -1.200239e-01 -1.249388e-10 2.343994e-03 3.153957e-03 2.232522e-18
       2 -2.012147e-01 -2.627668e-07 1.249388e-10 3.029537e-09 -2.319882e-03 0.000000e+00 -1.614980e-01 1.200239e-01 1.249388e-10 -1.383803e-03 -1.861973e-03 -1.019122e-28 8.026146e-01 5.964979e-01 6.708223e-27 -5.964979e-01 8.026146e-01 -5.971894e-26 -4.100634e-26 4.392986e-26 1.000000e+00 1.008099e-21 -4.143075e-22 1.940868e+01
       1 3.066558e-02 -2.811100e-03 1.219438e-10 5.489907e-05 5.988800e-04 -7.117757e-19 3.066558e-02 -2.811100e-03 1.219438e-10 5.489907e-05 5.988800e-04 -7.117757e-19
       2 -3.079416e-02 -5.026552e-08 -1.219438e-10 5.795317e-10 -3.550378e-04 0.000000e+00 -3.066558e-02 2.811100e-03 -1.219438e-10 -3.241027e-05 -3.535554e-04 -9.697978e-31 9.958245e-01 9.128843e-02 -2.458150e-26 -9.128843e-02 9.958245e-01 -4.896120e-28 2.443416e-26 2.731574e-27 1.000000e+00 1.300642e-22 -4.184515e-22 7.592893e+00
       1 1.350403e-02 -5.414407e-04 3.593438e-11 1.057401e-05 2.637254e-04 -3.530302e-19 1.350403e-02 -5.414407e-04 3.593438e-11 1.057401e-05 2.637254e-04 -3.530302e-19
       2 -1.351488e-02 -2.171041e-08 -3.593438e-11 2.503076e-10 -1.558183e-04 0.000000e+00 -1.350403e-02 5.414407e-04 -3.593438e-11 -6.242480e-06 -1.556932e-04 -1.045943e-30 9.991971e-01 4.006418e-02 6.481589e-27 -4.006418e-02 9.991971e-01 -6.977856e-27 -6.755947e-27 6.712574e-27 1.000000e+00 2.757370e-22 -7.306349e-22 -5.030230e+00
       1 1.400662e-01 -7.470134e-02 -1.745076e-10 1.458872e-03 2.735407e-03 2.653592e-19 1.400662e-01 -7.470134e-02 -1.745076e-10 1.458872e-03 2.735407e-03 2.653592e-19
       2 -1.587414e-01 -2.274570e-07 1.745076e-10 2.622443e-09 -1.830191e-03 0.000000e+00 -1.400662e-01 7.470134e-02 1.745076e-10 -8.612608e-04 -1.614877e-03 4.266165e-30 8.823539e-01 4.705864e-01 3.215240e-26 -4.705864e-01 8.823539e-01 -1.450601e-26 -3.519613e-26 -2.331045e-27 1.000000e+00 -1.806321e-22 1.791764e-22 -1.723899e+01
       1 6.892343e-02 -3.226014e-01 -6.974119e-11 6.300208e-03 1.346032e-03 1.637885e-17 6.892343e-02 -3.226014e-01 -6.974119e-11 6.300208e-03 1.346032e-03 1.637885e-17
       2 -3.298820e-01 -1.140091e-07 6.974119e-11 1.314458e-09 -3.803337e-03 0.000000e+00 -6.892343e-02 3.226014e-01 6.974119e-11 -3.719397e-03 -7.946450e-04 -2.681413e-29 2.089333e-01 9.779299e-01 -2.120359e-26 -9.779299e-01 2.089333e-01 6.550148e-26 6.848599e-26 7.050182e-27 1.000000e+00 5.515377e-22 -3.938255e-22 -2.485101e+01
       1 -1.683326e-01 -1.792233e-01 3.576696e-11 3.500121e-03 -3.287434e-03 1.497196e-17 -1.683326e-01 -1.792233e-01 3.576696e-11 3.500121e-03 -3.287434e-03 1.497196e-17
       2 -2.458798e-01 2.733860e-07 -3.576696e-11 -3.151975e-09 -2.834843e-03 0.000000e+00 1.683326e-01 1.792233e-01 -3.576696e-11 -2.066335e-03 1.940773e-03 9.209435e-29 -6.846129e-01 7.289068e-01 5.977486e-26 -7.289068e-01 -6.846129e-01 1.618969e-26 5.272341e-26 -3.248663e-26 1.000000e+00 2.016115e-22 1.947793e-22 -2.145492e+01
       1 -5.597411e-02 -9.558794e-03 5.105931e-11 1.866774e-04 -1.093140e-03 2.134234e-18 -5.597411e-02 -9.558794e-03 5.105931e-11 1.866774e-04 -1.093140e-03 2.134234e-18
       2 -5.678443e-02 9.154195e-08 -5.105931e-11 -1.055423e-09 -6.546898e-04 0.000000e+00 5.597411e-02 9.558794e-03 -5.105931e-11 -1.102071e-04 6.453473e-04 1.048200e-29 -9.857296e-01 1.683364e-01 1.035299e-26 -1.683364e-01 -9.857296e-01 -1.447442e-26 7.768681e-27 -1.601065e-26 1.000000e+00 1.993790e-22 1.448965e-22 -1.031061e+01
       1 -2.800311e-03 -2.324251e-05 -5.996175e-12 4.539120e-07 -5.468835e-05 8.091080e-20 -2.800311e-03 -2.324251e-05 -5.996175e-12 4.539120e-07 -5.468835e-05 8.091080e-20
       2 -2.800407e-03 4.439339e-09 5.996175e-12 -5.118295e-11 -3.228698e-05 0.000000e+00 2.800311e-03 2.324251e-05 5.996175e-12 -2.679719e-07 3.228587e-05 9.656746e-33 -9.999655e-01 8.301275e-03 6.705773e-27 -8.301275e-03 -9.999655e-01 -2.434436e-28 6.703521e-27 -2.991016e-28 1.000000e+00 -6.609379e-23 6.876830e-22 2.290079e+00
       1 -1.089291e-01 -3.989285e-02 8.766185e-11 7.790830e-04 -2.127318e-03 5.363596e-18 -1.089291e-01 -3.989285e-02 8.766185e-11 7.790830e-04 -2.127318e-03 5.363596e-18
       2 -1.160042e-01 1.766618e-07 -8.766185e-11 -2.036801e-09 -1.337458e-03 0.000000e+00 1.089291e-01 3.989285e-02 -8.766185e-11 -4.599402e-04 1.255886e-03 -2.041860e-29 -9.390089e-01 3.438928e-01 -1.019415e-26 -3.438928e-01 -9.390089e-01 1.252495e-26 -5.265158e-27 1.526673e-26 1.000000e+00 3.213532e-22 2.184998e-22 1.473684e+01
       1 -1.262449e-01 -2.805097e-01 1.162630e-11 5.478182e-03 -2.465486e-03 1.953322e-17 -1.262449e-01 -2.805097e-01 1.162630e-11 5.478182e-03 -2.465486e-03 1.953322e-17
       2 -3.076092e-01 2.067810e-07 -1.162630e-11 -2.384059e-09 -3.546546e-03 0.000000e+00 1.262449e-01 2.805097e-01 -1.162630e-11 -3.234105e-03 1.455527e-03 -2.553421e-28 -4.104061e-01 9.119028e-01 -6.445721e-26 -9.119028e-01 -4.104061e-01 3.220879e-26 2.917651e-27 7.199740e-26 1.000000e+00 2.215731e-21 3.422187e-22 2.399742e+01
       1 1.518525e-01 -2.420677e-01 -1.099648e-10 4.727433e-03 2.965587e-03 9.444045e-18 1.518525e-01 -2.420677e-01 -1.099648e-10 4.727433e-03 2.965587e-03 9.444045e-18
       2 -2.857550e-01 -2.459688e-07 1.099648e-10 2.835866e-09 -3.294581e-03 0.000000e+00 -1.518525e-01 2.420677e-01 1.099648e-10 -2.790892e-03 -1.750767e-03 -1.033276e-28 5.314073e-01 8.471164e-01 1.129906e-26 -8.471164e-01 5.314073e-01 -7.703028e-26 -7.125802e-26 3.136283e-26 1.000000e+00 1.355168e-21 1.140103e-21 2.312928e+01
       1 8.680199e-02 -2.405080e-02 8.500777e-11 4.696975e-04 1.695190e-03 -1.099931e-18 8.680199e-02 -2.405080e-02 8.500777e-11 4.696975e-04 1.695190e-03 -1.099931e-18
       2 -9.007234e-02 -1.417393e-07 -8.500777e-11 1.634169e-09 -1.038479e-03 0.000000e+00 -8.680199e-02 2.405080e-02 -8.500777e-11 -2.772911e-04 -1.000774e-03 -9.106056e-30 9.636915e-01 2.670180e-01 4.357490e-27 -2.670180e-01 9.636915e-01 -1.030637e-26 -6.951263e-27 8.768635e-27 1.000000e+00 2.022845e-23 2.064080e-22 1.298566e+01
       1 3.276046e-04 -1.604467e-07 -4.819997e-09 3.133503e-09 6.398066e-06 -9.301961e-21 3.276046e-04 -1.604467e-07 -4.819997e-09 3.133503e-09 6.398066e-06 -9.301961e-21
       2 -3.276046e-04 5.606607e-08 4.819997e-09 -6.464374e-10 -3.777230e-06 0.000000e+00 -3.276046e-04 1.604467e-07 4.819997e-09 -1.849929e-09 -3.777230e-06 -1.858488e-32 9.999999e-01 3.186176e-04 -9.119548e-24 -3.186176e-04 9.999999e-01 -4.538676e-28 9.119547e-24 3.359516e-27 1.000000e+00 1.374251e-22 2.481366e-19 4.508487e-01
       1 7.622277e-02 -1.820585e-02 1.482691e-11 3.555491e-04 1.488584e-03 -1.131499e-18 7.622277e-02 -1.820585e-02 1.482691e-11 3.555491e-04 1.488584e-03 -1.131499e-18
       2 -7.836685e-02 -1.234514e-07 -1.482691e-11 1.423319e-09 -9.035219e-04 0.000000e+00 -7.622277e-02 1.820585e-02 -1.482691e-11 -2.099023e-04 -8.788019e-04 2.596305e-30 9.726401e-01 2.323172e-01 4.775397e-27 -2.323172e-01 9.726401e-01 1.813763e-27 -4.223374e-27 -2.873546e-27 1.000000e+00 -1.176828e-21 2.804965e-23 -1.211253e+01
       1 1.601231e-01 -2.216536e-01 -6.358702e-11 4.328758e-03 3.127107e-03 8.048573e-18 1.601231e-01 -2.216536e-01 -6.358702e-11 4.328758e-03 3.127107e-03 8.048573e-18
       2 -2.734405e-01 -2.612776e-07 6.358702e-11 3.012373e-09 -3.152602e-03 0.000000e+00 -1.601231e-01 2.216536e-01 6.358702e-11 -2.555530e-03 -1.846122e-03 -2.354815e-29 5.855859e-01 8.106103e-01 -4.188148e-26 -8.106103e-01 5.855859e-01 4.521978e-26 6.118083e-26 7.469492e-27 1.000000e+00 6.625753e-22 1.662177e-21 -2.262542e+01
       1 -1.096512e-01 -2.968194e-01 3.634184e-11 5.796702e-03 -2.141420e-03 1.998871e-17 -1.096512e-01 -2.968194e-01 3.634184e-11 5.796702e-03 -2.141420e-03 1.998871e-17
       2 -3.164256e-01 1.767419e-07 -3.634184e-11 -2.037727e-09 -3.648194e-03 0.000000e+00 1.096512e-01 2.968194e-01 -3.634184e-11 -3.422147e-03 1.264211e-03 1.713138e-28 -3.465301e-01 9.380388e-01 4.267942e-26 -9.380388e-01 -3.465301e-01 -1.997967e-26 -3.952002e-27 -4.695851e-26 1.000000e+00 -1.266015e-21 1.534610e-22 -2.433888e+01
       1 -1.196551e-01 -4.979351e-02 4.706624e-11 9.724368e-04 -2.336791e-03 6.231236e-18 -1.196551e-01 -4.979351e-02 4.706624e-11 9.724368e-04 -2.336791e-03 6.231236e-18
       2 -1.296022e-01 1.951268e-07 -4.706624e-11 -2.249694e-09 -1.494235e-03 0.000000e+00 1.196551e-01 4.979351e-02 -4.706624e-11 -5.740887e-04 1.379550e-03 8.142116e-29 -9.232483e-01 3.842039e-01 1.000778e-26 -3.842039e-01 -9.232483e-01 -5.485542e-26 -1.183600e-26 -5.449020e-26 1.000000e+00 -2.095038e-21 1.195526e-22 -1.557663e+01
       1 -5.439790e-03 -8.773464e-05 -5.676555e-11 1.713404e-06 -1.062358e-04 1.595953e-19 -5.439790e-03 -8.773464e-05 -5.676555e-11 1.713404e-06 -1.062358e-04 1.595953e-19
       2 -5.440498e-03 9.014669e-09 5.676555e-11 -1.039334e-10 -6.272562e-05 0.000000e+00 5.439790e-03 8.773464e-05 5.676555e-11 -1.011527e-06 6.271746e-05 1.596170e-31 -9.998699e-01 1.612787e-02 -1.587551e-26 -1.612787e-02 -9.998699e-01 -2.801063e-27 -1.591862e-26 -2.544660e-27 1.000000e+00 -7.989294e-23 5.965960e-22 -3.191708e+00
       1 -4.692529e-02 -6.659116e-03 1.456231e-10 1.300485e-04 -9.164221e-04 1.712224e-18 -4.692529e-02 -6.659116e-03 1.456231e-10 1.300485e-04 -9.164221e-04 1.712224e-18
