       1 1.998501e-03 -2.871208e-02 0.000000e+00 3.420938e-13 -3.872019e-12 -1.617926e-20 1.998501e-03 -2.871208e-02 0.000000e+00 3.420938e-13 -3.872019e-12 -1.617926e-20
       2 5.361185e-04 2.877655e-02 -1.995902e-22 -1.433180e-18 -2.987845e-21 0.000000e+00 -1.998501e-03 2.871208e-02 0.000000e+00 -1.427356e-18 -1.291062e-19 -8.561569e-41 9.961199e-01 -8.800705e-02 5.652258e-22 8.800705e-02 9.961199e-01 -6.912094e-21 4.528039e-23 6.935018e-21 1.000000e+00 0.000000e+00 0.000000e+00 0.000000e+00
       1 1.417498e-03 -2.424051e-02 -6.525577e-11 3.254138e-12 2.379835e-13 -1.366702e-20 1.417498e-03 -2.424051e-02 -6.525577e-11 3.254138e-12 2.379835e-13 -1.366702e-20
       2 4.736208e-04 2.427730e-02 6.525577e-11 -3.262776e-12 -6.303565e-18 0.000000e+00 -1.417498e-03 2.424051e-02 6.525577e-11 -3.252876e-12 -2.539723e-13 -4.726374e-41 9.969661e-01 -7.783740e-02 -1.091167e-28 7.783740e-02 9.969661e-01 1.211468e-27 1.448810e-29 -1.216286e-27 1.000000e+00 -3.785596e-24 6.484772e-25 -4.989418e-01
       1 1.006296e-03 -2.686027e-02 3.846419e-09 -1.920737e-10 -9.744588e-12 -1.515972e-20 1.006296e-03 -2.686027e-02 3.846419e-09 -1.920737e-10 -9.744588e-12 -1.515972e-20
       2 3.306520e-04 2.687707e-02 -3.846419e-09 1.923208e-10 -1.124344e-17 0.000000e+00 -1.006296e-03 2.686027e-02 -3.846419e-09 1.920829e-10 9.563687e-12 -2.886896e-38 9.987628e-01 -4.972784e-02 4.126711e-27 4.972784e-02 9.987628e-01 -7.986476e-26 -1.501037e-28 7.997116e-26 1.000000e+00 1.200047e-21 2.272338e-24 -8.817653e-01
       1 1.856218e-04 -2.448141e-02 2.417778e-11 -1.208830e-12 -1.222268e-14 -1.383742e-20 1.856218e-04 -2.448141e-02 2.417778e-11 -1.208830e-12 -1.222268e-14 -1.383742e-20
       2 6.179060e-05 2.448203e-02 -2.417778e-11 1.208892e-12 2.622885e-18 0.000000e+00 -1.856218e-04 2.448141e-02 -2.417778e-11 1.208830e-12 1.221938e-14 7.282598e-43 9.999489e-01 -1.010575e-02 -1.131367e-30 1.010575e-02 9.999489e-01 5.232419e-29 6.025328e-31 -5.233294e-29 1.000000e+00 -2.111368e-24 -9.452961e-27 -1.061318e+00
       1 -5.852493e-04 -2.444723e-02 -1.444095e-11 7.216834e-13 -2.300225e-14 -1.383949e-20 -5.852493e-04 -2.444723e-02 -1.444095e-11 7.216834e-13 -2.300225e-14 -1.383949e-20
       2 -1.940157e-04 2.445346e-02 1.444095e-11 -7.220499e-13 -2.500132e-18 0.000000e+00 5.852493e-04 2.444723e-02 1.444095e-11 -7.216833e-13 2.300435e-14 -3.582346e-42 9.994922e-01 3.186324e-02 -1.199697e-29 -3.186324e-02 9.994922e-01 -2.206395e-28 4.960591e-30 2.209097e-28 1.000000e+00 5.439442e-24 -2.790229e-25 -9.960391e-01
       1 -1.202804e-03 -2.411573e-02 -9.969665e-10 4.973819e-11 -3.312017e-12 -1.366919e-20 -1.202804e-03 -2.411573e-02 -9.969665e-10 4.973819e-11 -3.312017e-12 -1.366919e-20
       2 -4.021426e-04 2.414236e-02 9.969665e-10 -4.984834e-11 5.785995e-18 0.000000e+00 1.202804e-03 2.411573e-02 9.969665e-10 -4.973819e-11 3.312011e-12 -1.461868e-40 9.977903e-01 6.644163e-02 1.209650e-29 -6.644163e-02 9.977903e-01 2.257978e-28 2.932605e-30 -2.261026e-28 1.000000e+00 7.344081e-23 -2.019049e-24 -7.010086e-01
       1 -1.556688e-03 -2.418877e-02 2.425662e-10 -1.208366e-11 1.039091e-12 -1.372031e-20 -1.556688e-03 -2.418877e-02 2.425662e-10 -1.208366e-11 1.039091e-12 -1.372031e-20
       2 -5.214123e-04 2.423320e-02 -2.425662e-10 1.212825e-11 -6.874553e-19 0.000000e+00 1.556688e-03 2.418877e-02 -2.425662e-10 1.208366e-11 -1.039090e-12 1.684094e-40 9.963231e-01 8.567514e-02 4.006298e-29 -8.567514e-02 9.963231e-01 6.279692e-28 1.388568e-29 -6.290926e-28 1.000000e+00 -7.378273e-24 4.211726e-25 -2.445365e-01
       1 -1.514074e-03 -2.382742e-02 -9.998817e-10 2.416126e-11 -2.177058e-10 -1.351481e-20 -1.514074e-03 -2.382742e-02 -9.998817e-10 2.416126e-11 -2.177058e-10 -1.351481e-20
       2 -5.213812e-04 2.386978e-02 9.998817e-10 -4.317976e-11 -9.930587e-14 0.000000e+00 1.514074e-03 2.382742e-02 9.998817e-10 -4.303123e-11 3.579707e-12 1.360387e-38 9.963644e-01 8.519389e-02 3.521703e-28 -8.519389e-02 9.963644e-01 4.331227e-28 -3.139905e-28 -4.615508e-28 1.000000e+00 -9.838211e-24 6.708869e-24 2.690737e-01
       1 -1.196219e-03 -2.442941e-02 1.408373e-10 -7.026832e-12 4.596939e-13 -1.384637e-20 -1.196219e-03 -2.442941e-02 1.408373e-10 -7.026832e-12 4.596939e-13 -1.384637e-20
       2 -3.968356e-04 2.445546e-02 -1.408373e-10 7.041852e-12 -5.319435e-19 0.000000e+00 1.196219e-03 2.442941e-02 -1.408373e-10 7.026911e-12 -4.584716e-13 4.109680e-40 9.978783e-01 6.510661e-02 4.370785e-29 -6.510661e-02 9.978783e-01 1.566289e-27 5.836066e-29 -1.565812e-27 1.000000e+00 -2.694812e-24 8.320660e-25 7.192654e-01
       1 -5.627151e-04 -2.649159e-02 4.586189e-09 -2.292079e-10 6.824397e-12 -1.499481e-20 -5.627151e-04 -2.649159e-02 4.586189e-09 -2.292079e-10 6.824397e-12 -1.499481e-20
       2 -2.317267e-04 2.649655e-02 -4.586189e-09 2.293095e-10 -1.441851e-17 0.000000e+00 5.627151e-04 2.649159e-02 -4.586189e-09 2.292064e-10 -6.874461e-12 1.235102e-37 9.995505e-01 2.997890e-02 5.868747e-28 -2.997890e-02 9.995505e-01 3.753394e-26 5.386155e-28 -3.753466e-26 1.000000e+00 -5.644830e-22 -8.132770e-24 1.004613e+00
       1 1.842780e-04 -2.491601e-02 -1.770274e-09 8.851545e-11 5.757898e-12 -1.408319e-20 1.842780e-04 -2.491601e-02 -1.770274e-09 8.851545e-11 5.757898e-12 -1.408319e-20
       2 1.172958e-04 2.491642e-02 1.770274e-09 -8.853399e-11 -1.339508e-14 0.000000e+00 -1.842780e-04 2.491601e-02 1.770274e-09 -8.852734e-11 -1.084928e-12 -5.027048e-39 9.999268e-01 -1.210307e-02 -4.175458e-30 1.210307e-02 9.999268e-01 -4.292826e-27 5.613155e-29 4.292461e-27 1.000000e+00 -2.124367e-22 1.244585e-23 1.058290e+00
       1 8.409330e-04 -2.155878e-02 9.291427e-09 -4.639832e-10 -2.337301e-11 -1.216668e-20 8.409330e-04 -2.155878e-02 9.291427e-09 -4.639832e-10 -2.337301e-11 -1.216668e-20
       2 2.677566e-04 2.157351e-02 -9.291427e-09 4.645714e-10 -1.032069e-17 0.000000e+00 -8.409330e-04 2.155878e-02 -9.291427e-09 4.639579e-10 2.386727e-11 3.291953e-37 9.986794e-01 -5.137485e-02 -1.146050e-28 5.137485e-02 9.986794e-01 -1.156493e-26 7.086004e-28 1.154377e-26 1.000000e+00 3.039059e-22 -1.914098e-23 8.677835e-01
       1 1.464000e-03 -2.463332e-02 -1.237760e-09 6.169576e-11 4.873965e-12 -1.388783e-20 1.464000e-03 -2.463332e-02 -1.237760e-09 6.169576e-11 4.873965e-12 -1.388783e-20
       2 4.805343e-04 2.467211e-02 1.237760e-09 -6.188798e-11 -9.477190e-19 0.000000e+00 -1.464000e-03 2.463332e-02 1.237760e-09 -6.169576e-11 -4.873964e-12 -2.280839e-40 9.968940e-01 -7.875460e-02 -3.651247e-30 7.875460e-02 9.968940e-01 -5.780692e-31 3.685431e-30 2.887307e-31 1.000000e+00 -2.340351e-23 -4.935545e-24 4.772274e-01
       1 1.578846e-03 -2.396028e-02 1.332532e-08 -6.636798e-10 -5.864578e-11 -1.350409e-20 1.578846e-03 -2.396028e-02 1.332532e-08 -6.636798e-10 -5.864578e-11 -1.350409e-20
       2 5.354589e-04 2.400627e-02 -1.332532e-08 6.662658e-10 -1.378875e-16 0.000000e+00 -1.578846e-03 2.396028e-02 -1.332532e-08 6.636818e-10 5.862225e-11 -1.761320e-36 9.961217e-01 -8.798649e-02 -1.676489e-27 8.798649e-02 9.961217e-01 4.902532e-26 -2.643579e-27 -4.898269e-26 1.000000e+00 -6.094562e-23 -1.326018e-23 -2.311624e-02
       1 1.577969e-03 -2.658786e-02 -3.809956e-09 1.899333e-10 1.465543e-11 -1.498983e-20 1.577969e-03 -2.658786e-02 -3.809956e-09 1.899333e-10 1.465543e-11 -1.498983e-20
       2 4.735110e-04 2.663043e-02 3.809956e-09 -1.904979e-10 -9.587001e-18 0.000000e+00 -1.577969e-03 2.658786e-02 3.809956e-09 -1.899325e-10 -1.466499e-11 4.189661e-38 9.970325e-01 -7.698240e-02 5.188743e-28 7.698240e-02 9.970325e-01 -3.863248e-27 -2.199324e-28 3.891728e-27 1.000000e+00 5.927698e-23 3.319195e-24 -5.181235e-01
       1 8.617642e-04 -2.377584e-02 -1.256453e-09 6.274882e-11 3.045622e-12 -1.341970e-20 8.617642e-04 -2.377584e-02 -1.256453e-09 6.274882e-11 3.045622e-12 -1.341970e-20
       2 2.860196e-04 2.378973e-02 1.256453e-09 -6.282265e-11 -1.529905e-17 0.000000e+00 -8.617642e-04 2.377584e-02 1.256453e-09 -6.274953e-11 -3.030142e-12 5.661615e-39 9.988361e-01 -4.823303e-02 -1.783785e-30 4.823303e-02 9.988361e-01 1.905372e-27 -9.012013e-29 -1.903240e-27 1.000000e+00 -6.134843e-23 3.284017e-24 -8.939160e-01
       1 1.509978e-04 -2.450039e-02 1.964276e-10 -9.821042e-12 -8.166839e-14 -1.384911e-20 1.509978e-04 -2.450039e-02 1.964276e-10 -9.821042e-12 -8.166839e-14 -1.384911e-20
       2 5.272560e-05 2.450080e-02 -1.964276e-10 9.821381e-12 3.806618e-19 0.000000e+00 -1.509978e-04 2.450039e-02 -1.964276e-10 9.821042e-12 8.166414e-14 -6.285311e-42 9.999654e-01 -8.314896e-03 3.701743e-30 8.314896e-03 9.999654e-01 -3.682115e-28 -6.399763e-31 3.682295e-28 1.000000e+00 1.020422e-23 3.457743e-26 -1.063609e+00
       1 -6.157719e-04 -2.436523e-02 1.079291e-10 -5.395954e-12 1.065730e-13 -1.379397e-20 -6.157719e-04 -2.436523e-02 1.079291e-10 -5.395954e-12 1.065730e-13 -1.379397e-20
       2 -2.016311e-04 2.437218e-02 -1.079291e-10 5.396436e-12 5.957023e-17 0.000000e+00 6.157719e-04 2.436523e-02 -1.079291e-10 5.393403e-12 -1.809030e-13 -5.296972e-40 9.994376e-01 3.353371e-02 -1.018377e-28 -3.353371e-02 9.994376e-01 -5.964239e-27 -9.822269e-29 5.964300e-27 1.000000e+00 8.482192e-23 1.447293e-24 -9.879180e-01
       1 -8.787411e-04 -1.841836e-02 2.285961e-09 -1.140366e-10 7.727143e-12 -1.043872e-20 -8.787411e-04 -1.841836e-02 2.285961e-09 -1.140366e-10 7.727143e-12 -1.043872e-20
       2 -3.684475e-04 1.843563e-02 -2.285961e-09 1.142981e-10 3.114889e-18 0.000000e+00 8.787411e-04 1.841836e-02 -2.285961e-09 1.140366e-10 -7.727146e-12 -5.725045e-41 9.977121e-01 6.760525e-02 -2.105507e-30 -6.760525e-02 9.977121e-01 -3.848187e-29 -5.008884e-31 3.853618e-29 1.000000e+00 4.709135e-22 4.163309e-23 -6.843791e-01
       1 -1.566550e-03 -2.421991e-02 1.992333e-11 -9.927992e-13 8.804629e-14 -1.373819e-20 -1.566550e-03 -2.421991e-02 1.992333e-11 -9.927992e-13 8.804629e-14 -1.373819e-20
       2 -5.237757e-04 2.426487e-02 -1.992333e-11 9.966679e-13 -4.191753e-18 0.000000e+00 1.566550e-03 2.421991e-02 -1.992333e-11 9.929694e-13 -8.578349e-14 -7.675888e-42 9.962894e-01 8.606609e-02 2.378665e-30 -8.606609e-02 9.962894e-01 -6.194600e-29 -7.701291e-30 6.151144e-29 1.000000e+00 1.624737e-26 -7.596143e-25 -2.232314e-01
       1 -1.505722e-03 -2.380425e-02 -3.295411e-09 1.261437e-10 -3.470471e-10 -1.350147e-20 -1.505722e-03 -2.380425e-02 -3.295411e-09 1.261437e-10 -3.470471e-10 -1.350147e-20
       2 -5.164753e-04 2.384623e-02 3.295411e-09 -1.561583e-10 3.495182e-13 0.000000e+00 1.505722e-03 2.380425e-02 3.295411e-09 -1.555672e-10 1.357857e-11 -1.122901e-37 9.964045e-01 8.472367e-02 -7.646025e-28 -8.472367e-02 9.964045e-01 -4.902565e-28 7.203170e-28 5.532737e-28 1.000000e+00 -1.790892e-22 -1.222230e-23 2.895442e-01
       1 -7.300655e-04 -1.688296e-02 -2.362180e-08 1.178618e-09 -7.637322e-11 -9.566428e-21 -7.300655e-04 -1.688296e-02 -2.362180e-08 1.178618e-09 -7.637322e-11 -9.566428e-21
       2 -3.499324e-04 1.689511e-02 2.362180e-08 -1.181090e-09 3.817816e-17 0.000000e+00 7.300655e-04 1.688296e-02 2.362180e-08 -1.178678e-09 7.544970e-11 5.772537e-36 9.979575e-01 6.388138e-02 -6.412061e-27 -6.388138e-02 9.979575e-01 -1.766778e-25 -4.887461e-27 1.767266e-25 1.000000e+00 1.929271e-21 5.293161e-23 7.351779e-01
       1 -5.195994e-04 -2.445401e-02 -2.135090e-11 1.067128e-12 -3.018589e-14 -1.384150e-20 -5.195994e-04 -2.445401e-02 -2.135090e-11 1.067128e-12 -3.018589e-14 -1.384150e-20
       2 -1.721401e-04 2.445892e-02 2.135090e-11 -1.067555e-12 -1.828075e-18 0.000000e+00 5.195994e-04 2.445401e-02 2.135090e-11 -1.067128e-12 3.018743e-14 -3.733434e-42 9.996001e-01 2.827887e-02 -1.051401e-31 -2.827887e-02 9.996001e-01 1.199585e-28 3.497386e-30 -1.199075e-28 1.000000e+00 -7.411684e-24 2.435581e-25 1.011813e+00
       1 2.575049e-04 -2.444008e-02 3.020041e-10 -1.509875e-11 -2.096189e-13 -1.381205e-20 2.575049e-04 -2.444008e-02 3.020041e-10 -1.509875e-11 -2.096189e-13 -1.381205e-20
       2 8.186022e-05 2.444130e-02 -3.020041e-10 1.510020e-11 -2.064361e-17 0.000000e+00 -2.575049e-04 2.444008e-02 -3.020041e-10 1.509875e-11 2.096394e-13 -1.504771e-42 9.999036e-01 -1.388458e-02 7.221782e-31 1.388458e-02 9.999036e-01 -4.483527e-29 -9.959105e-32 4.484098e-29 1.000000e+00 5.298541e-23 1.040527e-24 1.055025e+00
       1 1.044501e-03 -2.637793e-02 -7.754501e-09 3.872088e-10 1.999879e-11 -1.488593e-20 1.044501e-03 -2.637793e-02 -7.754501e-09 3.872088e-10 1.999879e-11 -1.488593e-20
       2 3.503676e-04 2.639628e-02 7.754501e-09 -3.877251e-10 -8.160190e-17 0.000000e+00 -1.044501e-03 2.637793e-02 7.754501e-09 -3.871837e-10 -2.048160e-11 -4.296296e-37 9.986038e-01 -5.282485e-02 -1.309887e-27 5.282485e-02 9.986038e-01 3.785698e-27 1.108079e-27 -3.849607e-27 1.000000e+00 -4.956404e-23 -1.698502e-23 8.547999e-01
       1 1.227530e-03 -2.137096e-02 1.286880e-08 -6.414017e-10 -5.117860e-11 -1.204975e-20 1.227530e-03 -2.137096e-02 1.286880e-08 -6.414017e-10 -5.117860e-11 -1.204975e-20
       2 4.761842e-04 2.140089e-02 -1.286880e-08 6.434402e-10 -8.595703e-19 0.000000e+00 -1.227530e-03 2.137096e-02 -1.286880e-08 6.414017e-10 5.117860e-11 -3.269647e-39 9.968318e-01 -7.953902e-02 5.510052e-30 7.953902e-02 9.968318e-01 -5.168383e-30 -5.081508e-30 5.590281e-30 1.000000e+00 4.996881e-22 4.876197e-23 4.575797e-01
       1 1.599931e-03 -2.421183e-02 -1.736861e-10 8.650451e-12 7.636346e-13 -1.364573e-20 1.599931e-03 -2.421183e-02 -1.736861e-10 8.650451e-12 7.636346e-13 -1.364573e-20
       2 5.351493e-04 2.425873e-02 1.736861e-10 -8.684091e-12 -3.248850e-17 0.000000e+00 -1.599931e-03 2.421183e-02 1.736861e-10 -8.650454e-12 -7.636023e-13 -2.379664e-39 9.961269e-01 -8.792744e-02 -1.978624e-27 8.792744e-02 9.961269e-01 1.929844e-26 2.740983e-28 -1.939767e-26 1.000000e+00 -1.371617e-22 3.061220e-24 -4.494345e-02
       1 1.158165e-03 -2.116653e-02 -1.205277e-08 6.008924e-10 4.584390e-11 -1.193608e-20 1.158165e-03 -2.116653e-02 -1.205277e-08 6.008924e-10 4.584390e-11 -1.193608e-20
       2 4.558221e-04 2.119329e-02 1.205277e-08 -6.026386e-10 -1.930896e-17 0.000000e+00 -1.158165e-03 2.116653e-02 1.205277e-08 -6.008914e-10 -4.585673e-11 1.688869e-38 9.971007e-01 -7.609321e-02 5.237523e-28 7.609321e-02 9.971007e-01 -6.494784e-27 -2.802478e-29 6.515807e-27 1.000000e+00 9.568912e-23 2.348861e-25 -5.371103e-01
       1 7.523750e-04 -2.142300e-02 -8.715147e-09 4.352816e-10 2.035670e-11 -1.209237e-20 7.523750e-04 -2.142300e-02 -8.715147e-09 4.352816e-10 2.035670e-11 -1.209237e-20
       2 2.492362e-04 2.143476e-02 8.715147e-09 -4.357574e-10 7.245667e-20 0.000000e+00 -7.523750e-04 2.142300e-02 8.715147e-09 -4.352816e-10 -2.035670e-11 -2.370247e-40 9.989082e-01 -4.671567e-02 -4.217844e-32 4.671567e-02 9.989082e-01 -1.074172e-29 5.439374e-31 1.072803e-29 1.000000e+00 -2.394868e-23 3.265618e-24 -9.056652e-01
       1 1.416856e-04 -2.420804e-02 -3.099299e-09 1.549605e-10 1.151574e-12 -1.368407e-20 1.416856e-04 -2.420804e-02 -3.099299e-09 1.549605e-10 1.151574e-12 -1.368407e-20
       2 1.612405e-05 2.420845e-02 3.099299e-09 -1.549649e-10 -2.909553e-17 0.000000e+00 -1.416856e-04 2.420804e-02 3.099299e-09 -1.549617e-10 -1.010210e-12 2.390122e-38 9.999788e-01 -6.518771e-03 -5.455438e-29 6.518771e-03 9.999788e-01 3.202805e-26 -1.542303e-28 -3.202772e-26 1.000000e+00 -3.323360e-22 1.758363e-24 -1.065451e+00
       1 -6.449179e-04 -2.418360e-02 1.063893e-09 -5.315498e-11 2.074894e-12 -1.369208e-20 -6.449179e-04 -2.418360e-02 1.063893e-09 -5.315498e-11 2.074894e-12 -1.369208e-20
       2 -2.065401e-04 2.419132e-02 -1.063893e-09 5.319486e-11 -2.851922e-16 0.000000e+00 6.449179e-04 2.418360e-02 -1.063893e-09 5.316190e-11 -1.872295e-12 1.640686e-39 9.993806e-01 3.519156e-02 -9.316722e-29 -3.519156e-02 9.993806e-01 -1.769091e-27 3.085244e-29 1.771274e-27 1.000000e+00 1.371832e-23 -3.347634e-25 -9.793899e-01
       1 -1.273505e-03 -2.459526e-02 -4.181909e-10 2.086008e-11 -1.437351e-12 -1.394229e-20 -1.273505e-03 -2.459526e-02 -4.181909e-10 2.086008e-11 -1.437351e-12 -1.394229e-20
       2 -4.202232e-04 2.462463e-02 4.181909e-10 -2.090954e-11 -1.698051e-18 0.000000e+00 1.273505e-03 2.459526e-02 4.181909e-10 -2.086008e-11 1.437352e-12 -3.230523e-41 9.976345e-01 6.874153e-02 -7.836771e-32 -6.874153e-02 9.976345e-01 2.133820e-29 1.545001e-30 -2.128233e-29 1.000000e+00 1.258512e-22 1.666274e-25 -6.674436e-01
       1 -1.848834e-03 -2.742400e-02 6.148428e-08 -3.062712e-09 2.656776e-10 -1.555772e-20 -1.848834e-03 -2.742400e-02 6.148428e-08 -3.062712e-09 2.656776e-10 -1.555772e-20
       2 -5.281056e-04 2.748117e-02 -6.148428e-08 3.074214e-09 2.318453e-16 0.000000e+00 1.848834e-03 2.742400e-02 -6.148428e-08 3.062712e-09 -2.656779e-10 -9.247149e-37 9.962587e-01 8.642147e-02 2.937161e-28 -8.642147e-02 9.962587e-01 -9.465168e-29 -3.007972e-28 6.891418e-29 1.000000e+00 8.120958e-23 2.578044e-22 -2.018318e-01
       1 -1.409129e-03 -2.275567e-02 2.715575e-08 -1.352964e-09 1.143505e-10 -1.290590e-20 -1.409129e-03 -2.275567e-02 2.715575e-08 -1.352964e-09 1.143505e-10 -1.290590e-20
       2 -5.123201e-04 2.279350e-02 -2.715575e-08 1.357788e-09 1.308202e-18 0.000000e+00 1.409129e-03 2.275567e-02 -2.715575e-08 1.352964e-09 -1.143505e-10 -1.215704e-39 9.964473e-01 8.421823e-02 6.825419e-30 -8.421823e-02 9.964473e-01 7.012515e-29 -8.953562e-31 -7.045084e-29 1.000000e+00 1.614944e-21 7.228047e-23 3.102083e-01
       1 -1.129351e-03 -2.405263e-02 -1.178385e-09 5.880357e-11 -3.690150e-12 -1.363147e-20 -1.129351e-03 -2.405263e-02 -1.178385e-09 5.880357e-11 -3.690150e-12 -1.363147e-20
       2 -3.792943e-04 2.407614e-02 1.178385e-09 -5.891924e-11 5.179462e-18 0.000000e+00 1.129351e-03 2.405263e-02 1.178385e-09 -5.880357e-11 3.690145e-12 -2.434407e-40 9.980368e-01 6.263047e-02 -5.563571e-30 -6.263047e-02 9.980368e-01 -2.268666e-29 4.131771e-30 2.299058e-29 1.000000e+00 -8.280856e-24 6.617901e-24 7.508775e-01
       1 -4.881585e-04 -2.444023e-02 -2.398788e-10 1.198878e-11 -3.550784e-13 -1.383284e-20 -4.881585e-04 -2.444023e-02 -2.398788e-10 1.198878e-11 -3.550784e-13 -1.383284e-20
       2 -1.613699e-04 2.444457e-02 2.398788e-10 -1.199399e-11 6.447213e-17 0.000000e+00 4.881585e-04 2.444023e-02 2.398788e-10 -1.198976e-11 3.187346e-13 -1.291704e-39 9.996470e-01 2.656915e-02 -1.110093e-28 -2.656915e-02 9.996470e-01 -1.232074e-28 1.076966e-28 1.261133e-28 1.000000e+00 3.668246e-24 -3.092285e-24 1.018579e+00
       1 2.892699e-04 -2.450628e-02 1.263935e-10 -6.318904e-12 -9.898110e-14 -1.384861e-20 2.892699e-04 -2.450628e-02 1.263935e-10 -6.318904e-12 -9.898110e-14 -1.384861e-20
       2 9.447521e-05 2.450781e-02 -1.263935e-10 6.319679e-12 1.500320e-17 0.000000e+00 -2.892699e-04 2.450628e-02 -1.263935e-10 6.318904e-12 9.896602e-14 -3.969589e-44 9.998774e-01 -1.565760e-02 -1.021511e-31 1.565760e-02 9.998774e-01 6.923279e-30 -6.264876e-33 -6.924021e-30 1.000000e+00 7.145011e-23 -1.838400e-23 1.051327e+00
       1 1.022528e-03 -2.507484e-02 -8.511696e-10 4.249581e-11 2.308787e-12 -1.414974e-20 1.022528e-03 -2.507484e-02 -8.511696e-10 4.249581e-11 2.308787e-12 -1.414974e-20
       2 3.392811e-04 2.509339e-02 8.511696e-10 -4.255848e-11 -1.403699e-19 0.000000e+00 -1.022528e-03 2.507484e-02 8.511696e-10 -4.249581e-11 -2.308787e-12 -7.462240e-41 9.985274e-01 -5.424974e-02 3.694271e-31 5.424974e-02 9.985274e-01 -3.912079e-29 1.753408e-30 3.908323e-29 1.000000e+00 -3.769481e-23 3.340736e-24 8.415359e-01
       1 1.156277e-03 -2.030635e-02 1.297713e-08 -6.467616e-10 -5.209609e-11 -1.144977e-20 1.156277e-03 -2.030635e-02 1.297713e-08 -6.467616e-10 -5.209609e-11 -1.144977e-20
       2 4.778350e-04 2.033363e-02 -1.297713e-08 6.488563e-10 -3.232923e-20 0.000000e+00 -1.156277e-03 2.030635e-02 -1.297713e-08 6.467616e-10 5.209609e-11 4.244532e-39 9.967716e-01 -8.028909e-02 -1.840863e-30 8.028909e-02 9.967716e-01 -5.862116e-29 6.541558e-30 5.828412e-29 1.000000e+00 1.791472e-21 -1.109781e-22 4.377890e-01
       1 1.595987e-03 -2.418652e-02 1.499986e-09 -7.470844e-11 -6.598180e-12 -1.363154e-20 1.595987e-03 -2.418652e-02 1.499986e-09 -7.470844e-11 -6.598180e-12 -1.363154e-20
       2 5.345473e-04 2.423323e-02 -1.499986e-09 7.499924e-11 4.947746e-15 0.000000e+00 -1.595987e-03 2.418652e-02 -1.499986e-09 7.470895e-11 6.592308e-12 1.658007e-36 9.961352e-01 -8.783262e-02 -2.646267e-26 8.783262e-02 9.961352e-01 4.838843e-26 2.211032e-26 -5.052570e-26 1.000000e+00 6.417156e-22 -4.636214e-22 -6.671834e-02
       1 1.329831e-03 -2.370853e-02 -3.012667e-09 1.502022e-10 1.138936e-11 -1.336865e-20 1.329831e-03 -2.370853e-02 -3.012667e-09 1.502022e-10 1.138936e-11 -1.336865e-20
       2 4.561829e-04 2.374142e-02 3.012667e-09 -1.506334e-10 1.809607e-18 0.000000e+00 -1.329831e-03 2.370853e-02 3.012667e-09 -1.502072e-10 -1.132362e-11 1.527551e-39 9.971705e-01 -7.517338e-02 3.412219e-29 7.517338e-02 9.971705e-01 -3.177294e-28 -1.014085e-29 3.193955e-28 1.000000e+00 2.157729e-23 -5.497551e-25 -5.559038e-01
       1 6.362635e-04 -1.841647e-02 -1.645491e-08 8.219052e-10 3.717060e-11 -1.039560e-20 6.362635e-04 -1.841647e-02 -1.645491e-08 8.219052e-10 3.717060e-11 -1.039560e-20
       2 1.964191e-04 1.842641e-02 1.645491e-08 -8.227453e-10 -3.816774e-19 0.000000e+00 -6.362635e-04 1.841647e-02 1.645491e-08 -8.219052e-10 -3.717060e-11 -3.356776e-39 9.989789e-01 -4.517875e-02 -1.073165e-29 4.517875e-02 9.989789e-01 1.469877e-28 4.079970e-30 -1.473224e-28 1.000000e+00 -4.240955e-22 1.778789e-23 -9.170770e-01
       1 9.164934e-05 -2.439465e-02 -4.371549e-09 2.185750e-10 1.031446e-12 -1.379097e-20 9.164934e-05 -2.439465e-02 -4.371549e-09 2.185750e-10 1.031446e-12 -1.379097e-20
       2 2.346731e-05 2.439481e-02 4.371549e-09 -2.185774e-10 -1.252247e-18 0.000000e+00 -9.164934e-05 2.439465e-02 4.371549e-09 -2.185750e-10 -1.031444e-12 6.761109e-41 9.999889e-01 -4.718888e-03 4.229228e-31 4.718888e-03 9.999889e-01 -2.407265e-29 -3.093234e-31 2.407438e-29 1.000000e+00 -7.724550e-23 1.306299e-24 -1.066835e+00
       1 -6.694358e-04 -2.380789e-02 -1.740725e-09 8.697718e-11 -3.206147e-12 -1.348032e-20 -6.694358e-04 -2.380789e-02 -1.740725e-09 8.697718e-11 -3.206147e-12 -1.348032e-20
       2 -2.080276e-04 2.381639e-02 1.740725e-09 -8.703626e-11 1.986189e-19 0.000000e+00 6.694358e-04 2.380789e-02 1.740725e-09 -8.697718e-11 3.206146e-12 3.896640e-41 9.993213e-01 3.683690e-02 1.500262e-30 -3.683690e-02 9.993213e-01 2.854589e-29 -4.477031e-31 -2.858177e-29 1.000000e+00 4.770972e-23 2.345216e-24 -9.704367e-01
       1 -1.276895e-03 -2.432326e-02 -2.014401e-11 1.004736e-12 -7.035371e-14 -1.378859e-20 -1.276895e-03 -2.432326e-02 -2.014401e-11 1.004736e-12 -7.035371e-14 -1.378859e-20
       2 -4.252550e-04 2.435304e-02 2.014401e-11 -1.007196e-12 -4.944879e-19 0.000000e+00 1.276895e-03 2.432326e-02 2.014401e-11 -1.004736e-12 7.035427e-14 1.972622e-42 9.975574e-01 6.985211e-02 9.623655e-30 -6.985211e-02 9.975574e-01 1.093979e-28 -1.958475e-30 -1.098029e-28 1.000000e+00 -1.262188e-23 -3.725399e-25 -6.502472e-01
       1 -1.577483e-03 -2.420319e-02 1.326119e-11 -6.605534e-13 5.750988e-14 -1.372904e-20 -1.577483e-03 -2.420319e-02 1.326119e-11 -6.605534e-13 5.750988e-14 -1.372904e-20
       2 -5.279458e-04 2.424879e-02 -1.326119e-11 6.630522e-13 2.983087e-18 0.000000e+00 1.577483e-03 2.420319e-02 -1.326119e-11 6.605532e-13 -5.751286e-14 1.150779e-41 9.962306e-01 8.674406e-02 -3.384336e-31 -8.674406e-02 9.962306e-01 1.962038e-28 1.735667e-29 -1.954348e-28 1.000000e+00 -1.058376e-23 -6.059638e-25 -1.803287e-01
       1 -1.159093e-03 -1.990338e-02 8.718946e-08 -4.344126e-09 3.654923e-10 -1.128618e-20 -1.159093e-03 -1.990338e-02 8.718946e-08 -4.344126e-09 3.654923e-10 -1.128618e-20
       2 -5.104900e-04 1.993056e-02 -8.718946e-08 4.359474e-09 -3.000638e-17 0.000000e+00 1.159093e-03 1.990338e-02 -8.718946e-08 4.344184e-09 -3.648013e-10 -8.531937e-35 9.964927e-01 8.368013e-02 2.764427e-26 -8.368013e-02 9.964927e-01 9.531881e-26 -1.957103e-26 -9.729777e-26 1.000000e+00 -1.238651e-21 2.541559e-22 3.310664e-01
       1 -1.442941e-03 -3.018849e-02 5.273377e-09 -2.631722e-10 1.617695e-11 -1.710959e-20 -1.442941e-03 -3.018849e-02 5.273377e-09 -2.631722e-10 1.617695e-11 -1.710959e-20
       2 -4.119378e-04 3.022015e-02 -5.273377e-09 2.636689e-10 -7.950470e-18 0.000000e+00 1.442941e-03 3.018849e-02 -5.273377e-09 2.631722e-10 -1.617694e-11 -2.428726e-39 9.981161e-01 6.135320e-02 -3.525145e-31 -6.135320e-02 9.981161e-01 -1.558699e-28 -9.211267e-30 1.555979e-28 1.000000e+00 5.410668e-21 -1.316156e-22 7.662805e-01
       1 -4.564807e-04 -2.444509e-02 -3.249098e-12 1.643648e-13 6.206342e-14 -1.383471e-20 -4.564807e-04 -2.444509e-02 -3.249098e-12 1.643648e-13 6.206342e-14 -1.383471e-20
       2 -1.509998e-04 2.444889e-02 3.249098e-12 -1.625745e-13 4.831110e-17 0.000000e+00 4.564807e-04 2.444509e-02 3.249098e-12 -1.625231e-13 4.087468e-15 -2.344742e-42 9.996913e-01 2.484505e-02 1.132533e-29 -2.484505e-02 9.996913e-01 1.023952e-27 1.411830e-29 -1.023917e-27 1.000000e+00 3.067290e-23 1.166923e-24 1.024988e+00
       1 3.239235e-04 -2.438276e-02 2.961726e-09 -1.480605e-10 -2.797862e-12 -1.377780e-20 3.239235e-04 -2.438276e-02 2.961726e-09 -1.480605e-10 -2.797862e-12 -1.377780e-20
       2 1.010795e-04 2.438471e-02 -2.961726e-09 1.480864e-10 6.040771e-17 0.000000e+00 -3.239235e-04 2.438276e-02 -2.961726e-09 1.480639e-10 2.580978e-12 6.175285e-38 9.998481e-01 -1.742845e-02 -2.484676e-28 1.742845e-02 9.998481e-01 -9.672212e-27 4.170016e-28 9.666413e-27 1.000000e+00 1.550641e-22 -7.950109e-24 1.047227e+00
       1 8.700372e-04 -2.091185e-02 7.659735e-09 -3.823932e-10 -2.131534e-11 -1.180008e-20 8.700372e-04 -2.091185e-02 7.659735e-09 -3.823932e-10 -2.131534e-11 -1.180008e-20
       2 2.951719e-04 2.092786e-02 -7.659735e-09 3.829868e-10 1.218659e-18 0.000000e+00 -8.700372e-04 2.091185e-02 -7.659735e-09 3.823932e-10 2.131534e-11 1.443235e-39 9.984500e-01 -5.565554e-02 -2.512865e-30 5.565554e-02 9.984500e-01 -2.262844e-29 3.768367e-30 2.245352e-29 1.000000e+00 -2.296590e-24 5.448253e-24 8.278705e-01
       1 1.477012e-03 -2.425903e-02 -2.664449e-11 1.326393e-12 1.260058e-13 -1.367584e-20 1.477012e-03 -2.425903e-02 -2.664449e-11 1.326393e-12 1.260058e-13 -1.367584e-20
       2 4.929998e-04 2.429895e-02 2.664449e-11 -1.332231e-12 5.442810e-18 0.000000e+00 -1.477012e-03 2.425903e-02 2.664449e-11 -1.327853e-12 -1.079149e-13 1.161099e-40 9.967135e-01 -8.100726e-02 6.738898e-30 8.100726e-02 9.967135e-01 9.930192e-28 -8.715851e-29 -9.892097e-28 1.000000e+00 -1.376522e-24 -6.591584e-25 4.177579e-01
       1 1.623807e-03 -2.452687e-02 -2.927565e-09 1.463669e-10 8.014502e-12 -1.382321e-20 1.623807e-03 -2.452687e-02 -2.927565e-09 1.463669e-10 8.014502e-12 -1.382321e-20
       2 5.334650e-04 2.457477e-02 2.927565e-09 -1.465049e-10 4.095827e-15 0.000000e+00 -1.623807e-03 2.452687e-02 2.927565e-09 -1.459408e-10 -1.284445e-11 -1.244811e-36 9.961469e-01 -8.770035e-02 -1.042981e-26 8.770035e-02 9.961469e-01 2.159097e-26 8.496092e-27 -2.242247e-26 1.000000e+00 -7.011831e-22 -9.415706e-23 -8.851938e-02
       1 1.398489e-03 -2.489571e-02 4.722858e-09 -2.354916e-10 -1.752685e-11 -1.403801e-20 1.398489e-03 -2.489571e-02 4.722858e-09 -2.354916e-10 -1.752685e-11 -1.403801e-20
       2 4.531620e-04 2.493084e-02 -4.722858e-09 2.361429e-10 -2.959234e-19 0.000000e+00 -1.398489e-03 2.489571e-02 -4.722858e-09 2.354916e-10 1.752685e-11 -2.389808e-39 9.972418e-01 -7.422136e-02 -1.432556e-30 7.422136e-02 9.972418e-01 1.555992e-28 -1.012018e-29 -1.552763e-28 1.000000e+00 4.192101e-23 -4.372279e-24 -5.744085e-01
       1 7.427799e-04 -2.250003e-02 -6.486257e-09 3.239818e-10 1.464486e-11 -1.270162e-20 7.427799e-04 -2.250003e-02 -6.486257e-09 3.239818e-10 1.464486e-11 -1.270162e-20
       2 2.394596e-04 2.251102e-02 6.486257e-09 -3.243127e-10 9.069711e-17 0.000000e+00 -7.427799e-04 2.250003e-02 6.486257e-09 -3.240040e-10 -1.414760e-11 -2.392096e-37 9.990480e-01 -4.362360e-02 5.056503e-28 4.362360e-02 9.990480e-01 -2.848840e-26 7.375974e-28 2.848333e-26 1.000000e+00 4.514615e-22 -1.118965e-23 -9.280714e-01
       1 2.224243e-04 -2.305724e-02 -2.071237e-08 1.035614e-09 3.018546e-12 -1.303112e-20 2.224243e-04 -2.305724e-02 -2.071237e-08 1.035614e-09 3.018546e-12 -1.303112e-20
       2 -1.551167e-04 2.305779e-02 2.071237e-08 -1.035619e-09 2.279370e-15 0.000000e+00 -2.224243e-04 2.305724e-02 2.071237e-08 -1.035614e-09 -3.020807e-12 9.338861e-39 9.999957e-01 -2.919111e-03 1.245924e-29 2.919111e-03 9.999957e-01 -1.179854e-27 -9.015067e-30 1.179886e-27 1.000000e+00 4.095084e-23 -4.634276e-24 -1.067746e+00
       1 -7.044189e-04 -2.431001e-02 1.844855e-10 -9.220364e-12 2.781710e-13 -1.376521e-20 -7.044189e-04 -2.431001e-02 1.844855e-10 -9.220364e-12 2.781710e-13 -1.376521e-20
       2 -2.311468e-04 2.431912e-02 -1.844855e-10 9.224423e-12 5.564080e-18 0.000000e+00 7.044189e-04 2.431001e-02 -1.844855e-10 9.217597e-12 -3.547966e-13 7.809161e-41 9.992600e-01 3.846335e-02 5.193423e-29 -3.846335e-02 9.992600e-01 1.569351e-27 8.466692e-30 -1.570187e-27 1.000000e+00 -2.630525e-23 -3.304523e-25 -9.610876e-01
       1 -9.861601e-04 -1.955987e-02 1.073313e-08 -5.353051e-10 3.806480e-11 -1.108715e-20 -9.861601e-04 -1.955987e-02 1.073313e-08 -5.353051e-10 3.806480e-11 -1.108715e-20
       2 -4.036958e-04 1.958055e-02 -1.073313e-08 5.366567e-10 -1.031244e-19 0.000000e+00 9.861601e-04 1.955987e-02 -1.073313e-08 5.353051e-10 -3.806480e-11 7.235175e-39 9.974813e-01 7.092952e-02 -2.866624e-30 -7.092952e-02 9.974813e-01 1.497619e-28 1.348194e-29 -1.491814e-28 1.000000e+00 -2.119334e-21 6.890072e-23 -6.327734e-01
       1 -1.584646e-03 -2.422598e-02 -6.118855e-10 3.047806e-11 -2.662615e-12 -1.374213e-20 -1.584646e-03 -2.422598e-02 -6.118855e-10 3.047806e-11 -2.662615e-12 -1.374213e-20
       2 -5.296775e-04 2.427197e-02 6.118855e-10 -3.059414e-11 5.177350e-17 0.000000e+00 1.584646e-03 2.422598e-02 6.118855e-10 -3.047806e-11 2.662564e-12 4.561364e-39 9.962060e-01 8.702686e-02 1.182555e-28 -8.702686e-02 9.962060e-01 -3.594897e-28 -1.490921e-28 3.478344e-28 1.000000e+00 7.364539e-24 2.150542e-24 -1.587783e-01
       1 -1.175743e-03 -2.018842e-02 8.586030e-08 -4.278165e-09 3.567690e-10 -1.144781e-20 -1.175743e-03 -2.018842e-02 8.586030e-08 -4.278165e-09 3.567690e-10 -1.144781e-20
       2 -5.060732e-04 2.021629e-02 -8.586030e-08 4.293015e-09 4.787474e-18 0.000000e+00 1.175743e-03 2.018842e-02 -8.586030e-08 4.278165e-09 -3.567690e-10 -2.039499e-39 9.965408e-01 8.310453e-02 9.152606e-30 -8.310453e-02 9.965408e-01 1.040361e-28 -4.750737e-31 -1.044369e-28 1.000000e+00 -4.616908e-22 5.505785e-23 3.517339e-01
       1 -1.099330e-03 -2.436204e-02 4.208011e-11 -2.100209e-12 1.263402e-13 -1.380559e-20 -1.099330e-03 -2.436204e-02 4.208011e-11 -2.100209e-12 1.263402e-13 -1.380559e-20
       2 -3.655797e-04 2.438409e-02 -4.208011e-11 2.104006e-12 2.078652e-18 0.000000e+00 1.099330e-03 2.436204e-02 -4.208011e-11 2.100209e-12 -1.263422e-13 -8.451813e-43 9.981954e-01 6.004940e-02 1.699653e-30 -6.004940e-02 9.981954e-01 2.156404e-29 -4.016797e-31 -2.162718e-29 1.000000e+00 -2.946433e-25 -1.117329e-26 7.813212e-01
       1 -4.244282e-04 -2.464691e-02 8.917168e-10 -4.456736e-11 1.262959e-12 -1.394793e-20 -4.244282e-04 -2.464691e-02 8.917168e-10 -4.456736e-11 1.262959e-12 -1.394793e-20
       2 -1.453164e-04 2.465014e-02 -8.917168e-10 4.458590e-11 1.848009e-16 0.000000e+00 4.244282e-04 2.464691e-02 -8.917168e-10 4.457399e-11 -1.030270e-12 -1.007810e-39 9.997329e-01 2.311166e-02 1.839025e-29 -2.311166e-02 9.997329e-01 -1.825567e-28 -2.260453e-29 1.820829e-28 1.000000e+00 2.324817e-24 9.609617e-26 1.030898e+00
       1 3.526029e-04 -2.447589e-02 -4.822646e-11 2.435773e-12 -1.479337e-12 -1.382966e-20 3.526029e-04 -2.447589e-02 -4.822646e-11 2.435773e-12 -1.479337e-12 -1.382966e-20
       2 1.171493e-04 2.447815e-02 4.822646e-11 -2.413944e-12 3.899420e-15 0.000000e+00 -3.526029e-04 2.447589e-02 4.822646e-11 -2.413575e-12 -4.242439e-14 5.828921e-40 9.998159e-01 -1.918979e-02 3.112582e-28 1.918979e-02 9.998159e-01 -3.968299e-27 -2.350500e-28 3.973542e-27 1.000000e+00 -9.210042e-23 -2.545970e-24 1.042661e+00
       1 1.043402e-03 -2.434840e-02 -4.922892e-12 2.465407e-13 3.730891e-16 -1.373840e-20 1.043402e-03 -2.434840e-02 -4.922892e-12 2.465407e-13 3.730891e-16 -1.373840e-20
       2 3.470363e-04 2.436828e-02 4.922892e-12 -2.461671e-13 -6.363416e-19 0.000000e+00 -1.043402e-03 2.434840e-02 4.922892e-12 -2.457663e-13 -1.404107e-14 2.235284e-41 9.983721e-01 -5.703619e-02 2.044184e-28 5.703619e-02 9.983721e-01 -1.986054e-27 -9.080867e-29 1.994480e-27 1.000000e+00 1.031108e-23 -5.628709e-25 8.138777e-01
       1 1.444698e-03 -2.365824e-02 -1.359735e-10 6.721291e-12 1.263491e-12 -1.333703e-20 1.444698e-03 -2.365824e-02 -1.359735e-10 6.721291e-12 1.263491e-12 -1.333703e-20
       2 4.927845e-04 2.369718e-02 1.359735e-10 -6.801442e-12 -2.288580e-16 0.000000e+00 -1.444698e-03 2.365824e-02 1.359735e-10 -6.778691e-12 -5.558414e-13 -6.593157e-40 9.966577e-01 -8.169051e-02 7.142850e-29 8.169051e-02 9.966577e-01 -2.057255e-27 9.686844e-29 2.056214e-27 1.000000e+00 4.358694e-23 -2.511562e-24 3.976062e-01
       1 1.621189e-03 -2.455224e-02 1.551106e-08 -7.697695e-10 -9.255461e-11 -1.383763e-20 1.621189e-03 -2.455224e-02 1.551106e-08 -7.697695e-10 -9.255461e-11 -1.383763e-20
       2 5.341267e-04 2.459991e-02 -1.551106e-08 7.749258e-10 2.419125e-14 0.000000e+00 -1.621189e-03 2.455224e-02 -1.551106e-08 7.719493e-10 6.785446e-11 8.233164e-37 9.961618e-01 -8.753143e-02 1.449709e-26 8.753143e-02 9.961618e-01 -1.770603e-25 1.056900e-27 1.776497e-25 1.000000e+00 4.847337e-21 -3.312453e-22 -1.101651e-01
       1 1.539503e-03 -2.715839e-02 6.464856e-09 -3.223678e-10 -2.376738e-11 -1.531349e-20 1.539503e-03 -2.715839e-02 6.464856e-09 -3.223678e-10 -2.376738e-11 -1.531349e-20
       2 4.536665e-04 2.719820e-02 -6.464856e-09 3.232428e-10 -1.422626e-19 0.000000e+00 -1.539503e-03 2.715839e-02 -6.464856e-09 3.223747e-10 2.367376e-11 -1.793533e-37 9.973145e-01 -7.323834e-02 6.035066e-28 7.323834e-02 9.973145e-01 -6.421436e-28 -5.548563e-28 6.846189e-28 1.000000e+00 7.549829e-24 5.862299e-24 -5.926906e-01
       1 7.713823e-04 -2.441301e-02 -1.183810e-11 5.913822e-13 2.488901e-14 -1.378249e-20 7.713823e-04 -2.441301e-02 -1.183810e-11 5.913822e-13 2.488901e-14 -1.378249e-20
       2 2.558713e-04 2.442386e-02 1.183810e-11 -5.919057e-13 4.105870e-19 0.000000e+00 -7.713823e-04 2.441301e-02 1.183810e-11 -5.913822e-13 -2.488932e-14 4.255365e-42 9.991155e-01 -4.205016e-02 3.507894e-30 4.205016e-02 9.991155e-01 8.762225e-29 -7.189322e-30 -8.739723e-29 1.000000e+00 2.245671e-24 2.224371e-25 -9.386747e-01
       1 7.935613e-04 -2.092477e-02 -9.103189e-08 4.551584e-09 1.028627e-11 -1.180951e-20 7.935613e-04 -2.092477e-02 -9.103189e-08 4.551584e-09 1.028627e-11 -1.180951e-20
       2 -7.701641e-04 2.092565e-02 9.103189e-08 -4.551594e-09 5.441550e-15 0.000000e+00 -7.935613e-04 2.092477e-02 9.103189e-08 -4.551592e-09 -5.083843e-12 -8.876080e-36 9.999994e-01 -1.118132e-03 -2.323860e-27 1.118132e-03 9.999994e-01 3.346254e-25 1.949703e-27 -3.346278e-25 1.000000e+00 -5.018850e-21 -2.906636e-23 -1.068152e+00
       1 -7.679316e-04 -2.624349e-02 -9.251071e-10 4.621820e-11 -1.853619e-12 -1.486022e-20 -7.679316e-04 -2.624349e-02 -9.251071e-10 4.621820e-11 -1.853619e-12 -1.486022e-20
       2 -2.843562e-04 2.625318e-02 9.251071e-10 -4.625536e-11 2.582363e-19 0.000000e+00 7.679316e-04 2.624349e-02 9.251071e-10 -4.621820e-11 1.853619e-12 -1.501381e-41 9.991967e-01 4.007360e-02 1.923123e-30 -4.007360e-02 9.991967e-01 5.605097e-29 3.245849e-31 -5.608301e-29 1.000000e+00 1.375417e-23 -5.233090e-24 -9.513183e-01
       1 -1.449962e-03 -2.633931e-02 -8.702577e-09 4.340111e-10 -3.117101e-11 -1.493333e-20 -1.449962e-03 -2.633931e-02 -8.702577e-09 4.340111e-10 -3.117101e-11 -1.493333e-20
       2 -4.496297e-04 2.637535e-02 8.702577e-09 -4.351289e-10 -5.836799e-17 0.000000e+00 1.449962e-03 2.633931e-02 8.702577e-09 -4.340003e-10 3.131932e-11 -5.005667e-37 9.974063e-01 7.197725e-02 3.530374e-28 -7.197725e-02 9.974063e-01 2.087481e-26 1.150390e-27 -2.084608e-26 1.000000e+00 -3.295115e-22 -1.772341e-23 -6.150366e-01
       1 -1.371449e-03 -2.172716e-02 3.745029e-08 -1.865370e-09 1.634211e-10 -1.232329e-20 -1.371449e-03 -2.172716e-02 3.745029e-08 -1.865370e-09 1.634211e-10 -1.232329e-20
       2 -5.299875e-04 2.176394e-02 -3.745029e-08 1.872514e-09 -1.791764e-16 0.000000e+00 1.371449e-03 2.172716e-02 -3.745029e-08 1.865370e-09 -1.634209e-10 1.220148e-37 9.961844e-01 8.727343e-02 -1.313432e-28 -8.727343e-02 9.961844e-01 -7.525889e-28 6.516101e-29 7.611801e-28 1.000000e+00 3.314929e-21 1.829493e-22 -1.371533e-01
       1 -1.501834e-03 -2.422948e-02 -1.790501e-11 8.922010e-13 -7.385144e-14 -1.374180e-20 -1.501834e-03 -2.422948e-02 -1.790501e-11 8.922010e-13 -7.385144e-14 -1.374180e-20
       2 -5.020784e-04 2.427078e-02 1.790501e-11 -8.952523e-13 -8.836750e-19 0.000000e+00 1.501834e-03 2.422948e-02 1.790501e-11 -8.922009e-13 7.385232e-14 4.444570e-44 9.965915e-01 8.249429e-02 -1.258086e-30 -8.249429e-02 9.965915e-01 -1.580059e-29 -4.966165e-32 1.585052e-29 1.000000e+00 6.685407e-25 9.989911e-26 3.722562e-01
       1 -1.085455e-03 -2.455215e-02 1.951148e-09 -9.738903e-11 5.728625e-12 -1.391270e-20 -1.085455e-03 -2.455215e-02 1.951148e-09 -9.738903e-11 5.728625e-12 -1.391270e-20
       2 -3.581324e-04 2.457352e-02 -1.951148e-09 9.755737e-11 -4.164194e-18 0.000000e+00 1.085455e-03 2.455215e-02 -1.951148e-09 9.738903e-11 -5.728621e-12 8.696358e-40 9.982745e-01 5.872049e-02 8.541445e-30 -5.872049e-02 9.982745e-01 2.970137e-28 8.914084e-30 -2.970028e-28 1.000000e+00 1.258496e-23 -3.365755e-24 7.960284e-01
       1 -3.943517e-04 -2.437529e-02 -9.704736e-10 4.851215e-11 -1.059840e-12 -1.379351e-20 -3.943517e-04 -2.437529e-02 -9.704736e-10 4.851215e-11 -1.059840e-12 -1.379351e-20
       2 -1.266041e-04 2.437815e-02 9.704736e-10 -4.852369e-11 -1.916429e-17 0.000000e+00 3.943517e-04 2.437529e-02 9.704736e-10 -4.851261e-11 1.036864e-12 9.664706e-39 9.997717e-01 2.136860e-02 1.911020e-28 -2.136860e-02 9.997717e-01 -3.798466e-28 -1.991751e-28 3.756763e-28 1.000000e+00 5.879625e-24 1.412067e-24 1.036409e+00
       1 4.237390e-04 -2.316421e-02 6.379987e-09 -3.190030e-10 -1.966667e-12 -1.308602e-20 4.237390e-04 -2.316421e-02 6.379987e-09 -3.190030e-10 -1.966667e-12 -1.308602e-20
       2 6.148026e-05 2.316801e-02 -6.379987e-09 3.190043e-10 4.697548e-16 0.000000e+00 -4.237390e-04 2.316421e-02 -6.379987e-09 3.189343e-10 6.681352e-12 9.156099e-39 9.997807e-01 -2.094292e-02 6.151951e-29 2.094292e-02 9.997807e-01 -4.307030e-27 2.869578e-29 4.307373e-27 1.000000e+00 6.586891e-23 -1.001244e-24 1.037401e+00
       1 1.219701e-03 -2.755807e-02 -6.396379e-09 3.192845e-10 1.848277e-11 -1.554836e-20 1.219701e-03 -2.755807e-02 -6.396379e-09 3.192845e-10 1.848277e-11 -1.554836e-20
       2 3.915764e-04 2.758227e-02 6.396379e-09 -3.198190e-10 2.009557e-17 0.000000e+00 -1.219701e-03 2.755807e-02 6.396379e-09 -3.192733e-10 -1.867514e-11 5.602198e-37 9.982937e-01 -5.839291e-02 3.553072e-27 5.839291e-02 9.982937e-01 -3.074574e-26 -1.751676e-27 3.090075e-26 1.000000e+00 4.628606e-22 2.637036e-23 7.995097e-01
       1 1.495149e-03 -2.418197e-02 2.479703e-10 -1.235694e-11 -1.014262e-12 -1.363176e-20 1.495149e-03 -2.418197e-02 2.479703e-10 -1.235694e-11 -1.014262e-12 -1.363176e-20
       2 5.010633e-04 2.422296e-02 -2.479703e-10 1.239851e-11 -1.538006e-20 0.000000e+00 -1.495149e-03 2.418197e-02 -2.479703e-10 1.235641e-11 1.020889e-12 -9.841557e-39 9.966043e-01 -8.233968e-02 4.374110e-28 8.233968e-02 9.966043e-01 4.345943e-27 -7.937693e-28 -4.295170e-27 1.000000e+00 -4.208161e-24 7.152949e-25 3.772234e-01
       1 1.539681e-03 -2.365029e-02 -3.682282e-09 1.834107e-10 1.607795e-11 -1.332989e-20 1.539681e-03 -2.365029e-02 -3.682282e-09 1.834107e-10 1.607795e-11 -1.332989e-20
       2 5.314873e-04 2.369439e-02 3.682282e-09 -1.841141e-10 2.765708e-20 0.000000e+00 -1.539681e-03 2.365029e-02 3.682282e-09 -1.834107e-10 -1.607795e-11 -2.808196e-40 9.961798e-01 -8.732604e-02 7.471654e-30 8.732604e-02 9.961798e-01 -1.026997e-28 1.525248e-30 1.029599e-28 1.000000e+00 -7.577943e-22 6.997868e-23 -1.319161e-01
       1 1.122024e-03 -2.146635e-02 -1.188897e-10 5.928958e-12 4.293391e-13 -1.210662e-20 1.122024e-03 -2.146635e-02 -1.188897e-10 5.928958e-12 4.293391e-13 -1.210662e-20
