       1 6.938894e-18 -6.086265e-03 -1.084202e-19 7.572374e-20 7.009488e-07 -3.441369e-21 6.938894e-18 -6.086265e-03 -1.084202e-19 7.572374e-20 7.009488e-07 -3.441369e-21
       2 6.086265e-03 8.289975e-18 1.084202e-19 -7.009488e-07 7.552401e-20 0.000000e+00 -6.938894e-18 6.086265e-03 1.084202e-19 -7.567961e-20 -7.009488e-07 2.553579e-40 2.219886e-16 -1.000000e+00 3.388132e-21 1.000000e+00 2.219886e-16 -1.504538e-36 7.524112e-37 3.388132e-21 1.000000e+00 0.000000e+00 0.000000e+00 0.000000e+00
       1 6.381621e-03 -6.840350e-03 -1.458410e-13 8.558062e-16 7.241747e-15 -3.690627e-21 6.381621e-03 -6.840350e-03 -1.458410e-13 8.558062e-16 7.241747e-15 -3.690627e-21
       2 6.044206e-03 7.140242e-03 1.458410e-13 -7.292140e-15 7.518326e-20 0.000000e+00 -6.381621e-03 6.840350e-03 1.458410e-13 -8.558062e-16 -7.241747e-15 2.009507e-47 1.173499e-01 -9.930906e-01 6.303763e-34 9.930906e-01 1.173499e-01 2.700415e-33 -2.755713e-33 3.295301e-34 1.000000e+00 1.969355e-29 -3.640030e-28 -5.875618e+00
       1 2.202214e-02 -1.719698e-02 -1.623897e-13 3.657584e-15 7.249391e-15 -9.112487e-21 2.202214e-02 -1.719698e-02 -1.623897e-13 3.657584e-15 7.249391e-15 -9.112487e-21
       2 5.433823e-03 2.740774e-02 1.623897e-13 -8.119827e-15 6.765664e-20 0.000000e+00 -2.202214e-02 1.719698e-02 1.623897e-13 -3.657584e-15 -7.249391e-15 -1.150873e-47 4.504435e-01 -8.928049e-01 2.163249e-34 8.928049e-01 4.504435e-01 -1.696668e-33 1.417370e-33 9.777914e-34 1.000000e+00 -8.680031e-29 1.474084e-28 -1.151150e+01
       1 2.438230e-02 -4.592285e-02 6.700790e-15 -2.851905e-16 -1.746006e-16 -2.528950e-20 2.438230e-02 -4.592285e-02 6.700790e-15 -2.851905e-16 -1.746006e-16 -2.528950e-20
       2 3.177231e-03 5.189711e-02 -6.700790e-15 3.343934e-16 4.071492e-20 0.000000e+00 -2.438230e-02 4.592285e-02 -6.700790e-15 2.851905e-16 1.746006e-16 1.046340e-48 8.529226e-01 -5.220374e-01 -2.654575e-33 5.220374e-01 8.529226e-01 -1.656774e-33 3.129063e-33 4.771500e-35 1.000000e+00 -4.279571e-30 -5.319658e-29 -1.584040e+01
       1 -6.619510e-03 -6.003400e-02 -4.023552e-13 1.996875e-14 -2.450199e-15 -3.412887e-20 -6.619510e-03 -6.003400e-02 -4.023552e-13 1.996875e-14 -2.450199e-15 -3.412887e-20
       2 -7.412315e-04 6.039329e-02 4.023552e-13 -2.011851e-14 -9.481198e-21 0.000000e+00 6.619510e-03 6.003400e-02 4.023552e-13 -1.996875e-14 2.450199e-15 3.974468e-48 9.925560e-01 1.217888e-01 1.998708e-34 -1.217888e-01 9.925560e-01 6.663139e-36 -1.975528e-34 -1.055299e-35 1.000000e+00 -5.846980e-30 3.813534e-30 -1.708790e+01
       1 -2.736006e-02 -3.451050e-02 -3.898157e-14 1.404673e-15 -1.352008e-15 -2.027273e-20 -2.736006e-02 -3.451050e-02 -3.898157e-14 1.404673e-15 -1.352008e-15 -2.027273e-20
       2 -4.220739e-03 4.383758e-02 3.898157e-14 -1.949624e-15 -5.268863e-20 0.000000e+00 2.736006e-02 3.451050e-02 3.898157e-14 -1.404673e-15 1.352008e-15 5.774492e-49 7.204654e-01 6.934909e-01 8.689020e-34 -6.934909e-01 7.204654e-01 4.756158e-34 -2.961600e-34 -9.248378e-34 1.000000e+00 -7.919318e-29 2.188199e-30 -1.455855e+01
       1 -1.621207e-02 -1.140197e-02 2.251491e-13 -3.507300e-15 1.069691e-14 -6.897015e-21 -1.621207e-02 -1.140197e-02 2.251491e-13 -3.507300e-15 1.069691e-14 -6.897015e-21
       2 -5.783300e-03 1.895758e-02 -2.251491e-13 1.125722e-14 -7.201542e-20 0.000000e+00 1.621207e-02 1.140197e-02 -2.251491e-13 3.507300e-15 -1.069691e-14 1.167495e-46 3.115662e-01 9.502245e-01 1.460382e-34 -9.502245e-01 3.115662e-01 1.096219e-32 1.037106e-32 -3.533814e-33 1.000000e+00 -1.172855e-28 -3.182118e-29 -9.573862e+00
       1 -2.665053e-03 -6.216276e-03 1.131785e-13 -2.756641e-16 5.652172e-15 -3.588851e-21 -2.665053e-03 -6.216276e-03 1.131785e-13 -2.756641e-16 5.652172e-15 -3.588851e-21
       2 -6.079032e-03 2.964787e-03 -1.131785e-13 5.658890e-15 -7.559542e-20 0.000000e+00 2.665053e-03 6.216276e-03 -1.131785e-13 2.756641e-16 -5.652172e-15 -2.197865e-46 4.872679e-02 9.988121e-01 1.768436e-33 -9.988121e-01 4.872679e-02 -3.879909e-32 -3.883915e-32 1.446227e-34 1.000000e+00 -8.255157e-29 -1.870027e-27 -3.786136e+00
       1 -8.181329e-04 -6.098491e-03 -3.987276e-13 2.979854e-16 -1.993416e-14 -3.470989e-21 -8.181329e-04 -6.098491e-03 -3.987276e-13 2.979854e-16 -1.993416e-14 -3.470989e-21
       2 -6.085584e-03 9.091714e-04 3.987276e-13 -1.993639e-14 -7.567150e-20 0.000000e+00 8.181329e-04 6.098491e-03 3.987276e-13 -2.979854e-16 1.993416e-14 8.119250e-46 1.494301e-02 9.998883e-01 1.129794e-33 -9.998883e-01 1.494301e-02 -4.071348e-32 -4.072578e-32 -5.008832e-34 1.000000e+00 -1.977787e-29 -2.300380e-27 2.096675e+00
       1 -1.147109e-02 -8.605081e-03 7.972579e-14 -8.548366e-16 3.893387e-15 -5.183974e-21 -1.147109e-02 -8.605081e-03 7.972579e-14 -8.548366e-16 3.893387e-15 -5.183974e-21
       2 -5.944627e-03 1.304970e-02 -7.972579e-14 3.986127e-15 -7.393090e-20 0.000000e+00 1.147109e-02 8.605081e-03 -7.972579e-14 8.548366e-16 -3.893387e-15 1.004064e-47 2.144710e-01 9.767303e-01 -4.460415e-34 -9.767303e-01 2.144710e-01 2.480926e-33 2.518895e-33 -7.602199e-35 1.000000e+00 7.426544e-29 1.745446e-29 7.943218e+00
       1 -2.629664e-02 -2.584061e-02 6.520857e-14 -1.957959e-15 2.606497e-15 -1.534098e-20 -2.629664e-02 -2.584061e-02 6.520857e-14 -1.957959e-15 2.606497e-15 -1.534098e-20
       2 -4.866148e-03 3.654546e-02 -6.520857e-14 3.259974e-15 -6.084644e-20 0.000000e+00 2.629664e-02 2.584061e-02 -6.520857e-14 1.957959e-15 -2.606497e-15 -1.728545e-47 6.006206e-01 7.995342e-01 5.546912e-33 -7.995342e-01 6.006206e-01 -2.464970e-33 -5.302382e-33 -2.934031e-33 1.000000e+00 -7.349576e-29 1.351561e-28 1.329266e+01
       1 -1.620368e-02 -5.553668e-02 1.410556e-13 -6.701456e-15 2.195923e-15 -3.185196e-20 -1.620368e-02 -5.553668e-02 1.410556e-13 -6.701456e-15 2.195923e-15 -3.185196e-20
       2 -1.895149e-03 5.782120e-02 -1.410556e-13 7.052063e-15 -2.325249e-20 0.000000e+00 1.620368e-02 5.553668e-02 -1.410556e-13 6.701456e-15 -2.195923e-15 6.581542e-48 9.502841e-01 3.113842e-01 2.007646e-36 -3.113842e-01 9.502841e-01 3.003177e-33 9.332697e-34 -2.834094e-33 1.000000e+00 -7.852733e-29 -1.682438e-29 1.672007e+01
       1 1.816331e-02 -5.395423e-02 -1.105091e-13 5.166728e-15 1.960463e-15 -3.000331e-20 1.816331e-02 -5.395423e-02 -1.105091e-13 5.166728e-15 1.960463e-15 -3.000331e-20
       2 2.159172e-03 5.688851e-02 1.105091e-13 -5.526164e-15 2.696628e-20 0.000000e+00 -1.816331e-02 5.395423e-02 1.105091e-13 -5.166728e-15 -1.960463e-15 -8.108274e-49 9.349556e-01 -3.547647e-01 -1.835366e-34 3.547647e-01 9.349556e-01 7.021451e-35 1.467246e-34 -1.103572e-34 1.000000e+00 -2.958125e-29 8.831966e-30 1.658467e+01
       1 2.567473e-02 -2.395459e-02 -5.454030e-14 1.558051e-15 2.238626e-15 -1.283208e-20 2.567473e-02 -2.395459e-02 -5.454030e-14 1.558051e-15 2.238626e-15 -1.283208e-20
       2 4.995518e-03 3.475715e-02 5.454030e-14 -2.727448e-15 6.251434e-20 0.000000e+00 -2.567473e-02 2.395459e-02 5.454030e-14 -1.558051e-15 -2.238626e-15 8.343516e-48 5.712299e-01 -8.207901e-01 1.328090e-33 8.207901e-01 5.712299e-01 2.802781e-33 -3.059104e-33 -4.905470e-34 1.000000e+00 -1.124817e-29 2.492516e-29 1.296335e+01
       1 1.039699e-02 -8.137093e-03 1.351413e-13 -1.307555e-15 -6.629197e-15 -4.312398e-21 1.039699e-02 -8.137093e-03 1.351413e-13 -1.307555e-15 -6.629197e-15 -4.312398e-21
       2 5.971196e-03 1.177517e-02 -1.351413e-13 6.756919e-15 7.418174e-20 0.000000e+00 -1.039699e-02 8.137093e-03 -1.351413e-13 1.307555e-15 6.629197e-15 -8.539385e-47 1.935242e-01 -9.810955e-01 1.060022e-32 9.810955e-01 1.935242e-01 1.079071e-32 -1.263808e-32 8.331963e-33 1.000000e+00 1.589190e-28 -1.678115e-30 7.545358e+00
       1 5.317422e-04 -6.091429e-03 -3.678466e-13 1.786999e-16 1.839147e-14 -3.429530e-21 5.317422e-04 -6.091429e-03 -3.678466e-13 1.786999e-16 1.839147e-14 -3.429530e-21
       2 6.085977e-03 5.908763e-04 3.678466e-13 -1.839234e-14 7.567586e-20 0.000000e+00 -5.317422e-04 6.091429e-03 3.678466e-13 -1.786999e-16 -1.839147e-14 -1.499817e-45 9.711886e-03 -9.999528e-01 9.353966e-34 9.999528e-01 9.711886e-03 -8.155866e-32 8.154577e-32 1.747843e-33 1.000000e+00 1.024044e-28 -4.415916e-27 1.690298e+00
       1 3.265025e-03 -6.281637e-03 -2.549346e-13 7.614654e-16 1.272401e-14 -3.461215e-21 3.265025e-03 -6.281637e-03 -2.549346e-13 7.614654e-16 1.272401e-14 -3.461215e-21
       2 6.075394e-03 3.634410e-03 2.549346e-13 -1.274678e-14 7.553616e-20 0.000000e+00 -3.265025e-03 6.281637e-03 2.549346e-13 -7.614654e-16 -1.272401e-14 5.246988e-46 5.973197e-02 -9.982145e-01 4.868988e-33 9.982145e-01 5.973197e-02 4.094556e-32 -4.116325e-32 2.434938e-33 1.000000e+00 4.397145e-29 1.265244e-27 -4.191945e+00
       1 1.737864e-02 -1.230859e-02 4.173970e-14 -7.033491e-16 -1.964623e-15 -6.477318e-21 1.737864e-02 -1.230859e-02 4.173970e-14 -7.033491e-16 -1.964623e-15 -6.477318e-21
       2 5.730031e-03 2.051062e-02 -4.173970e-14 2.086730e-15 7.131280e-20 0.000000e+00 -1.737864e-02 1.230859e-02 -4.173970e-14 7.033491e-16 1.964623e-15 -2.002940e-47 3.370902e-01 -9.414724e-01 2.307675e-33 9.414724e-01 3.370902e-01 9.368910e-33 -9.598429e-33 -9.651532e-34 1.000000e+00 2.868453e-29 1.644902e-28 -9.958296e+00
       1 2.718516e-02 -3.672669e-02 -3.443028e-13 1.287781e-14 1.142552e-14 -2.001190e-20 2.718516e-02 -3.672669e-02 -3.443028e-13 1.287781e-14 1.142552e-14 -2.001190e-20
       2 4.039245e-03 4.551447e-02 3.443028e-13 -1.721571e-14 5.077723e-20 0.000000e+00 -2.718516e-02 3.672669e-02 3.443028e-13 -1.287781e-14 -1.142552e-14 -3.072795e-47 7.480249e-01 -6.636706e-01 -5.242478e-34 6.636706e-01 7.480249e-01 -2.098475e-33 1.784883e-33 1.242187e-33 1.000000e+00 3.759631e-29 -3.820848e-29 -1.483438e+01
       1 4.081864e-03 -6.054025e-02 2.824260e-13 -1.408104e-14 -1.055518e-15 -3.411810e-20 4.081864e-03 -6.054025e-02 2.824260e-13 -1.408104e-14 -1.055518e-15 -3.411810e-20
       2 4.549441e-04 6.067600e-02 -2.824260e-13 1.412055e-14 5.931868e-21 0.000000e+00 -4.081864e-03 6.054025e-02 -2.824260e-13 1.408104e-14 1.055518e-15 1.419088e-48 9.972023e-01 -7.475008e-02 -4.451034e-35 7.475008e-02 9.972023e-01 -7.501840e-34 1.004977e-34 7.651606e-34 1.000000e+00 -1.968480e-29 7.800707e-32 -1.712785e+01
       1 -2.537173e-02 -4.375889e-02 1.879625e-14 -7.789685e-16 5.246686e-16 -2.544688e-20 -2.537173e-02 -4.375889e-02 1.879625e-14 -7.789685e-16 5.246686e-16 -2.544688e-20
       2 -3.399793e-03 5.046788e-02 -1.879625e-14 9.391853e-16 -4.166254e-20 0.000000e+00 2.537173e-02 4.375889e-02 -1.879625e-14 7.789685e-16 -5.246686e-16 -6.858495e-49 8.294335e-01 5.586055e-01 2.692799e-33 -5.586055e-01 8.294335e-01 2.690695e-33 -7.304249e-34 -3.715562e-33 1.000000e+00 -6.674104e-29 1.431622e-29 -1.562076e+01
       1 -2.096116e-02 -1.585111e-02 3.553740e-15 -7.483648e-17 1.608061e-16 -9.544511e-21 -2.096116e-02 -1.585111e-02 3.553740e-15 -7.483648e-17 1.608061e-16 -9.544511e-21
       2 -5.516962e-03 2.569418e-02 -3.553740e-15 1.773671e-16 -6.879148e-20 0.000000e+00 2.096116e-02 1.585111e-02 -3.553740e-15 7.483648e-17 -1.608061e-16 -8.643722e-49 4.222814e-01 9.064648e-01 -1.178961e-33 -9.064648e-01 4.222814e-01 -5.923944e-33 -4.871957e-33 3.590660e-33 1.000000e+00 1.886199e-28 -4.479870e-29 -1.114584e+01
       1 -5.543851e-03 -6.653393e-03 2.731658e-14 -1.389156e-16 1.358669e-15 -3.915913e-21 -5.543851e-03 -6.653393e-03 2.731658e-14 -1.389156e-16 1.358669e-15 -3.915913e-21
       2 -6.054659e-03 6.192173e-03 -2.731658e-14 1.365752e-15 -7.529368e-20 0.000000e+00 5.543851e-03 6.653393e-03 -2.731658e-14 1.389156e-16 -1.358669e-15 1.069918e-48 1.017685e-01 9.948081e-01 4.572207e-34 -9.948081e-01 1.017685e-01 8.341887e-34 7.833627e-34 -5.193384e-34 1.000000e+00 -9.104883e-30 -2.479104e-28 -5.471657e+00
       1 9.865839e-05 -6.086227e-03 9.880976e-11 -1.796318e-15 4.940466e-12 -3.438609e-21 9.865839e-05 -6.086227e-03 9.880976e-11 -1.796318e-15 4.940466e-12 -3.438609e-21
       2 -6.086282e-03 -9.524096e-05 -9.880976e-11 4.940466e-12 -3.238715e-20 0.000000e+00 -9.865839e-05 6.086227e-03 -9.880976e-11 2.774033e-15 -4.940465e-12 1.555331e-36 5.614988e-04 9.999998e-01 6.805539e-28 -9.999998e-01 5.614988e-04 3.148151e-25 3.148146e-25 -8.573221e-28 1.000000e+00 -8.379154e-24 -2.217613e-21 4.064079e-01
       1 -7.272007e-03 -7.069631e-03 -5.381895e-14 3.606953e-16 -2.666766e-15 -4.199234e-21 -7.272007e-03 -7.069631e-03 -5.381895e-14 3.606953e-16 -2.666766e-15 -4.199234e-21
       2 -6.031361e-03 8.153800e-03 5.381895e-14 -2.691049e-15 -7.500417e-20 0.000000e+00 7.272007e-03 7.069631e-03 5.381895e-14 -3.606953e-16 2.666766e-15 -4.551084e-49 1.340076e-01 9.909803e-01 2.663831e-34 -9.909803e-01 1.340076e-01 2.066528e-34 1.691269e-34 -2.712709e-34 1.000000e+00 -2.179624e-29 -4.371025e-29 6.278803e+00
       1 -2.302658e-02 -1.865274e-02 1.149150e-13 -2.752238e-15 5.043278e-15 -1.118597e-20 -2.302658e-02 -1.865274e-02 1.149150e-13 -2.752238e-15 5.043278e-15 -1.118597e-20
       2 -5.342441e-03 2.914801e-02 -1.149150e-13 5.745387e-15 -6.624372e-20 0.000000e+00 2.302658e-02 1.865274e-02 -1.149150e-13 2.752238e-15 -5.043278e-15 -3.217962e-47 4.790445e-01 8.777906e-01 -1.699892e-33 -8.777906e-01 4.790445e-01 -7.308407e-33 -5.600892e-33 5.013605e-33 1.000000e+00 6.566095e-29 5.417911e-29 1.187134e+01
       1 -2.319167e-02 -4.801992e-02 8.165305e-14 -3.572069e-15 1.975594e-15 -2.779570e-20 -2.319167e-02 -4.801992e-02 8.165305e-14 -3.572069e-15 1.975594e-15 -2.779570e-20
       2 -2.945546e-03 5.324557e-02 -8.165305e-14 4.081991e-15 -3.576543e-20 0.000000e+00 2.319167e-02 4.801992e-02 -8.165305e-14 3.572069e-15 -1.975594e-15 1.647699e-47 8.750844e-01 4.839704e-01 -2.780691e-33 -4.839704e-01 8.750844e-01 3.312435e-33 4.036495e-33 -1.532485e-33 1.000000e+00 -5.376885e-29 -1.710112e-29 1.604487e+01
       1 9.090971e-03 -5.929293e-02 1.776236e-13 -8.753577e-15 -1.495661e-15 -3.327379e-20 9.090971e-03 -5.929293e-02 1.776236e-13 -8.753577e-15 -1.495661e-15 -3.327379e-20
       2 1.025043e-03 5.997705e-02 -1.776236e-13 8.880435e-15 1.263110e-20 0.000000e+00 -9.090971e-03 5.929293e-02 -1.776236e-13 8.753577e-15 1.495661e-15 -2.220978e-49 9.857152e-01 -1.684206e-01 -1.609005e-34 1.684206e-01 9.857152e-01 1.090399e-33 -2.500825e-35 -1.081520e-33 1.000000e+00 2.503799e-29 -3.645877e-30 1.702891e+01
       1 2.735639e-02 -3.233003e-02 -2.623794e-15 9.122175e-17 9.501042e-17 -1.752114e-20 2.735639e-02 -3.233003e-02 -2.623794e-15 9.122175e-17 9.501042e-17 -1.752114e-20
       2 4.391995e-03 4.212260e-02 2.623794e-15 -1.317133e-16 5.443122e-20 0.000000e+00 -2.735639e-02 3.233003e-02 2.623794e-15 -9.122175e-17 -9.501042e-17 3.045784e-49 6.922801e-01 -7.216289e-01 1.477516e-33 7.216289e-01 6.922801e-01 1.787176e-33 -2.312497e-33 -1.506053e-34 1.000000e+00 9.010968e-29 1.044510e-28 1.427094e+01
       1 1.504714e-02 -1.059165e-02 5.779839e-14 -8.288060e-16 -2.768296e-15 -5.571217e-21 1.504714e-02 -1.059165e-02 5.779839e-14 -8.288060e-16 -2.768296e-15 -5.571217e-21
       2 5.830499e-03 1.745293e-02 -5.779839e-14 2.889703e-15 7.241551e-20 0.000000e+00 -1.504714e-02 1.059165e-02 -5.779839e-14 8.288060e-16 2.768296e-15 1.803203e-47 2.868376e-01 -9.579792e-01 -4.252099e-34 9.579792e-01 2.868376e-01 -6.386423e-33 6.240062e-33 1.444926e-33 1.000000e+00 1.351522e-28 2.505980e-28 9.186076e+00
       1 2.125022e-03 -6.168853e-03 -1.122237e-13 2.179952e-16 5.606976e-15 -3.429085e-21 2.125022e-03 -6.168853e-03 -1.122237e-13 2.179952e-16 5.606976e-15 -3.429085e-21
       2 6.081671e-03 2.362995e-03 1.122237e-13 -5.611212e-15 7.562789e-20 0.000000e+00 -2.125022e-03 6.168853e-03 1.122237e-13 -2.179952e-16 -5.606976e-15 3.669608e-46 3.883646e-02 -9.992456e-01 1.209136e-33 9.992456e-01 3.883646e-02 6.540021e-32 -6.539779e-32 -1.311287e-33 1.000000e+00 -2.073789e-29 9.082457e-28 3.380117e+00
       1 1.165865e-03 -6.111098e-03 5.288630e-13 -5.630662e-16 -2.643714e-14 -3.423051e-21 1.165865e-03 -6.111098e-03 5.288630e-13 -5.630662e-16 -2.643714e-14 -3.423051e-21
       2 6.084883e-03 1.295745e-03 -5.288630e-13 2.644314e-14 7.566138e-20 0.000000e+00 -1.165865e-03 6.111098e-03 -5.288630e-13 5.630662e-16 2.643714e-14 2.212400e-45 2.129633e-02 -9.997732e-01 -1.523387e-33 9.997732e-01 2.129633e-02 -8.365283e-32 8.366634e-32 2.788601e-34 1.000000e+00 -1.928328e-29 2.272424e-27 -2.503018e+00
       1 1.257756e-02 -9.146122e-03 -3.812144e-13 4.505792e-15 1.852068e-14 -4.822412e-21 1.257756e-02 -9.146122e-03 -3.812144e-13 4.505792e-15 1.852068e-14 -4.822412e-21
       2 5.913762e-03 1.438311e-02 3.812144e-13 -1.906090e-14 7.364075e-20 0.000000e+00 -1.257756e-02 9.146122e-03 3.812144e-13 -4.505792e-15 -1.852068e-14 -1.774103e-46 2.363855e-01 -9.716593e-01 -5.217165e-33 9.716593e-01 2.363855e-01 -8.309743e-33 9.307541e-33 -3.084601e-33 1.000000e+00 1.141085e-29 8.873602e-29 -8.339164e+00
       1 2.679039e-02 -2.781483e-02 7.923127e-14 -2.495116e-15 -3.076459e-15 -1.498381e-20 2.679039e-02 -2.781483e-02 7.923127e-14 -2.495116e-15 -3.076459e-15 -1.498381e-20
       2 4.726936e-03 3.832813e-02 -7.923127e-14 3.961087e-15 5.897290e-20 0.000000e+00 -2.679039e-02 2.781483e-02 -7.923127e-14 2.495116e-15 3.076459e-15 6.374731e-48 6.299186e-01 -7.766611e-01 -2.360220e-33 7.766611e-01 6.299186e-01 -1.578264e-34 1.609364e-33 -1.713271e-33 1.000000e+00 -1.472763e-29 -4.410797e-29 -1.361300e+01
       1 1.409050e-02 -5.694222e-02 1.037210e-14 -4.990686e-16 -1.382961e-16 -3.180586e-20 1.409050e-02 -5.694222e-02 1.037210e-14 -4.990686e-16 -1.382961e-16 -3.180586e-20
       2 1.625062e-03 5.863716e-02 -1.037210e-14 5.178758e-16 2.016787e-20 0.000000e+00 -1.409050e-02 5.694222e-02 -1.037210e-14 4.990686e-16 1.382961e-16 3.826998e-51 9.636945e-01 -2.670074e-01 -3.491582e-35 2.670074e-01 9.636945e-01 9.848051e-35 7.393064e-36 -8.382535e-35 1.000000e+00 1.055389e-29 -8.720976e-30 -1.683763e+01
       1 -1.995431e-02 -5.221428e-02 -4.152556e-13 1.905685e-14 -8.243675e-15 -3.007747e-20 -1.995431e-02 -5.221428e-02 -4.152556e-13 1.905685e-14 -8.243675e-15 -3.007747e-20
       2 -2.416402e-03 5.584502e-02 4.152556e-13 -2.076347e-14 -2.911515e-20 0.000000e+00 1.995431e-02 5.221428e-02 4.152556e-13 -1.905685e-14 8.243675e-15 -3.346062e-47 9.178061e-01 3.970290e-01 6.931172e-34 -3.970290e-01 9.178061e-01 5.661120e-33 1.611521e-33 -5.450595e-33 1.000000e+00 -2.876313e-29 -1.828434e-29 -1.643186e+01
       1 -2.493863e-02 -2.216455e-02 -2.073207e-13 5.617240e-15 -8.712624e-15 -1.322473e-20 -2.493863e-02 -2.216455e-02 -2.073207e-13 5.617240e-15 -8.712624e-15 -1.322473e-20
       2 -5.115279e-03 3.297024e-02 2.073207e-13 -1.036645e-14 -6.323848e-20 0.000000e+00 2.493863e-02 2.216455e-02 2.073207e-13 -5.617240e-15 8.712624e-15 -6.126591e-47 5.418623e-01 8.404673e-01 -6.764995e-33 -8.404673e-01 5.418623e-01 2.670251e-33 5.909995e-33 4.259251e-33 1.000000e+00 2.719335e-29 -5.277995e-29 -1.262572e+01
       1 -9.360563e-03 -7.736045e-03 1.538309e-14 -1.334086e-16 7.573624e-16 -4.634015e-21 -9.360563e-03 -7.736045e-03 1.538309e-14 -1.334086e-16 7.573624e-16 -4.634015e-21
       2 -5.993870e-03 1.056125e-02 -1.538309e-14 7.690225e-16 -7.464156e-20 0.000000e+00 9.360563e-03 7.736045e-03 -1.538309e-14 1.334086e-16 -7.573624e-16 1.674674e-47 1.735738e-01 9.848209e-01 4.553995e-33 -9.848209e-01 1.735738e-01 2.291407e-32 2.177584e-32 -8.441748e-33 1.000000e+00 -1.103509e-28 -3.439530e-29 -7.145854e+00
       1 -3.067752e-04 -6.087984e-03 2.561280e-14 -7.100134e-18 1.280616e-15 -3.450855e-21 -3.067752e-04 -6.087984e-03 2.561280e-14 -7.100134e-18 1.280616e-15 -3.450855e-21
       2 -6.086169e-03 3.408833e-04 -2.561280e-14 1.280636e-15 -7.567809e-20 0.000000e+00 3.067752e-04 6.087984e-03 -2.561280e-14 7.100134e-18 -1.280616e-15 5.285218e-46 5.603319e-03 9.999843e-01 1.207473e-32 -9.999843e-01 5.603319e-03 4.127759e-31 4.127018e-31 -1.436706e-32 1.000000e+00 -1.356458e-28 -1.518605e-26 -1.283900e+00
       1 -3.924169e-03 -6.368935e-03 -3.201301e-13 1.150115e-15 -1.596519e-14 -3.710117e-21 -3.924169e-03 -6.368935e-03 -3.201301e-13 1.150115e-15 -1.596519e-14 -3.710117e-21
       2 -6.070531e-03 4.371622e-03 3.201301e-13 -1.600656e-14 -7.550196e-20 0.000000e+00 3.924169e-03 6.368935e-03 3.201301e-13 -1.150115e-15 1.596519e-14 3.464685e-46 7.184801e-02 9.974156e-01 2.239562e-33 -9.974156e-01 7.184801e-02 -2.154020e-32 -2.164540e-32 -6.657507e-34 1.000000e+00 -6.016331e-29 -7.436114e-28 4.597475e+00
       1 -1.853726e-02 -1.331597e-02 -7.869556e-14 1.429883e-15 -3.666071e-15 -8.043788e-21 -1.853726e-02 -1.331597e-02 -7.869556e-14 1.429883e-15 -3.666071e-15 -8.043788e-21
       2 -5.670255e-03 2.210867e-02 7.869556e-14 -3.935053e-15 -7.053253e-20 0.000000e+00 1.853726e-02 1.331597e-02 7.869556e-14 -1.429883e-15 3.666071e-15 -1.756123e-48 3.633540e-01 9.316512e-01 -9.877168e-35 -9.316512e-01 3.633540e-01 4.404540e-34 4.462778e-34 -4.761741e-35 1.000000e+00 6.725299e-30 -9.405809e-30 1.033896e+01
       1 -2.682288e-02 -3.896137e-02 -5.409285e-14 2.096102e-15 -1.710151e-15 -2.277449e-20 -2.682288e-02 -3.896137e-02 -5.409285e-14 2.096102e-15 -1.710151e-15 -2.277449e-20
       2 -3.847578e-03 4.714500e-02 5.409285e-14 -2.705229e-15 -4.754048e-20 0.000000e+00 2.682288e-02 3.896137e-02 5.409285e-14 -2.096102e-15 1.710151e-15 -5.650014e-49 7.748225e-01 6.321788e-01 -4.139455e-34 -6.321788e-01 7.748225e-01 -1.770474e-34 2.088480e-34 4.192704e-34 1.000000e+00 5.531575e-29 -3.082653e-29 1.509776e+01
       1 -1.503153e-03 -6.080493e-02 -3.281649e-13 1.640281e-14 -4.505910e-16 -3.442277e-20 -1.503153e-03 -6.080493e-02 -3.281649e-13 1.640281e-14 -4.505910e-16 -3.442277e-20
       2 -1.671281e-04 6.082328e-02 3.281649e-13 -1.640900e-14 -3.120921e-21 0.000000e+00 1.503153e-03 6.080493e-02 3.281649e-13 -1.640281e-14 4.505910e-16 -1.258904e-48 9.996229e-01 2.746017e-02 -1.328888e-34 -2.746017e-02 9.996229e-01 -2.045072e-33 7.671995e-35 2.068352e-33 1.000000e+00 -3.890113e-29 -8.886404e-31 1.714862e+01
       1 2.615944e-02 -4.155000e-02 -3.691540e-13 1.485435e-14 1.095708e-14 -2.276763e-20 2.615944e-02 -4.155000e-02 -3.691540e-13 1.485435e-14 1.095708e-14 -2.276763e-20
       2 3.612864e-03 4.896597e-02 3.691540e-13 -1.845831e-14 4.433425e-20 0.000000e+00 -2.615944e-02 4.155000e-02 3.691540e-13 -1.485435e-14 -1.095708e-14 -1.026136e-47 8.047498e-01 -5.936141e-01 2.612597e-35 5.936141e-01 8.047498e-01 -9.718574e-34 5.559227e-34 8.180134e-34 1.000000e+00 3.652955e-29 -2.102908e-29 1.538657e+01
       1 1.985646e-02 -1.461461e-02 2.122858e-13 -4.188649e-15 -9.752542e-15 -7.712440e-21 1.985646e-02 -1.461461e-02 2.122858e-13 -4.188649e-15 -9.752542e-15 -7.712440e-21
       2 5.592254e-03 2.401235e-02 -2.122858e-13 1.061399e-14 6.971984e-20 0.000000e+00 -1.985646e-02 1.461461e-02 -2.122858e-13 4.188649e-15 9.752542e-15 6.443466e-47 3.946407e-01 -9.188355e-01 -4.978626e-33 9.188355e-01 3.946407e-01 -4.468632e-33 6.070745e-33 -2.790632e-33 1.000000e+00 -7.162979e-29 -2.113297e-29 1.077489e+01
       1 4.760873e-03 -6.503356e-03 1.528632e-13 -6.669748e-16 -7.613938e-15 -3.545064e-21 4.760873e-03 -6.503356e-03 1.528632e-13 -6.669748e-16 -7.613938e-15 -3.545064e-21
       2 6.063036e-03 5.310286e-03 -1.528632e-13 7.643095e-15 7.538757e-20 0.000000e+00 -4.760873e-03 6.503356e-03 -1.528632e-13 6.669748e-16 7.613938e-15 -4.774611e-47 8.727484e-02 -9.961843e-01 3.652215e-34 9.961843e-01 8.727484e-02 6.238929e-33 -6.246959e-33 -1.602711e-34 1.000000e+00 4.143965e-29 -8.507292e-29 5.067066e+00
       1 1.202875e-04 -6.086534e-03 -5.881176e-13 6.611788e-17 2.940581e-14 -3.438182e-21 1.202875e-04 -6.086534e-03 -5.881176e-13 6.611788e-17 2.940581e-14 -3.438182e-21
       2 6.086249e-03 1.339569e-04 5.881176e-13 -2.940588e-14 7.568257e-20 0.000000e+00 -1.202875e-04 6.086534e-03 5.881176e-13 -6.611788e-17 -2.940581e-14 -2.494464e-43 2.245884e-03 -9.999975e-01 5.098229e-32 9.999975e-01 2.245884e-03 -8.483010e-30 8.482875e-30 7.005442e-32 1.000000e+00 -7.854088e-28 8.281783e-25 -8.128193e-01
       1 8.212348e-03 -7.346891e-03 2.726213e-13 -2.068117e-15 -1.347315e-14 -3.926228e-21 8.212348e-03 -7.346891e-03 2.726213e-13 -2.068117e-15 -1.347315e-14 -3.926228e-21
       2 6.015791e-03 9.231994e-03 -2.726213e-13 1.363095e-14 7.475011e-20 0.000000e+00 -8.212348e-03 7.346891e-03 -2.726213e-13 2.068117e-15 1.347315e-14 1.862728e-47 1.517276e-01 -9.884223e-01 -4.985948e-34 9.884223e-01 1.517276e-01 -1.305981e-33 1.366544e-33 -2.742662e-34 1.000000e+00 -5.049538e-29 1.526628e-28 -6.681045e+00
       1 2.396111e-02 -2.021752e-02 -1.631690e-13 4.144703e-15 7.027659e-15 -1.076658e-20 2.396111e-02 -2.021752e-02 -1.631690e-13 4.144703e-15 7.027659e-15 -1.076658e-20
       2 5.242439e-03 3.090954e-02 1.631690e-13 -8.158833e-15 6.477844e-20 0.000000e+00 -2.396111e-02 2.021752e-02 1.631690e-13 -4.144703e-15 -7.027659e-15 3.112035e-47 5.079951e-01 -8.613600e-01 3.101596e-33 8.613600e-01 5.079951e-01 2.599076e-33 -3.814303e-33 1.371675e-33 1.000000e+00 5.454463e-29 1.359585e-28 -1.222479e+01
       1 2.180315e-02 -5.002782e-02 4.024592e-13 -1.802532e-14 -8.943928e-15 -2.768217e-20 2.180315e-02 -5.002782e-02 4.024592e-13 -1.802532e-14 -8.943928e-15 -2.768217e-20
       2 2.705183e-03 5.450543e-02 -4.024592e-13 2.012228e-14 3.408355e-20 0.000000e+00 -2.180315e-02 5.002782e-02 -4.024592e-13 1.802532e-14 8.943928e-15 -1.404757e-47 8.957901e-01 -4.444773e-01 6.599071e-34 4.444773e-01 8.957901e-01 2.407433e-34 -6.981104e-34 9.806084e-35 1.000000e+00 6.678739e-29 1.525535e-29 -1.623358e+01
       1 -1.147232e-02 -5.832684e-02 -1.880353e-14 9.190194e-16 -2.018049e-16 -3.329828e-20 -1.147232e-02 -5.832684e-02 -1.880353e-14 9.190194e-16 -2.018049e-16 -3.329828e-20
       2 -1.305455e-03 5.943004e-02 1.880353e-14 -9.409154e-16 -1.625879e-20 0.000000e+00 1.147232e-02 5.832684e-02 1.880353e-14 -9.190194e-16 2.018049e-16 -5.548320e-52 9.767253e-01 2.144941e-01 -5.356497e-36 -2.144941e-01 9.767253e-01 -2.179835e-35 5.889322e-37 4.284249e-35 1.000000e+00 -2.405608e-29 -2.837180e-30 -1.695108e+01
       1 -2.718455e-02 -3.020078e-02 -8.623475e-14 2.861656e-15 -3.225885e-15 -1.783101e-20 -2.718455e-02 -3.020078e-02 -8.623475e-14 2.861656e-15 -3.225885e-15 -1.783101e-20
       2 -4.553015e-03 4.037768e-02 8.623475e-14 -4.312239e-15 -5.659088e-20 0.000000e+00 2.718455e-02 3.020078e-02 8.623475e-14 -2.861656e-15 3.225885e-15 -1.029259e-48 6.636026e-01 7.480853e-01 -7.774398e-35 -7.480853e-01 6.636026e-01 2.500523e-34 2.386843e-34 -8.737370e-35 1.000000e+00 5.858970e-29 3.045597e-29 -1.397223e+01
       1 -1.389256e-02 -9.872602e-03 -1.638445e-13 2.154301e-15 -7.904101e-15 -5.967881e-21 -1.389256e-02 -9.872602e-03 -1.638445e-13 2.154301e-15 -7.904101e-15 -5.967881e-21
       2 -5.872064e-03 1.599970e-02 1.638445e-13 -8.192425e-15 -7.303229e-20 0.000000e+00 1.389256e-02 9.872602e-03 1.638445e-13 -2.154301e-15 7.904101e-15 -6.431545e-48 2.629540e-01 9.648084e-01 4.436578e-35 -9.648084e-01 2.629540e-01 8.257551e-34 7.850620e-34 -2.395375e-34 1.000000e+00 -1.763646e-28 -7.932297e-29 -8.795325e+00
       1 -1.645488e-03 -6.135755e-03 -4.301628e-14 6.473788e-17 -2.149862e-15 -3.515023e-21 -1.645488e-03 -6.135755e-03 -4.301628e-14 6.473788e-17 -2.149862e-15 -3.515023e-21
       2 -6.083512e-03 1.829208e-03 4.301628e-14 -2.150837e-15 -7.564444e-20 0.000000e+00 1.645488e-03 6.135755e-03 4.301628e-14 -6.473788e-17 2.149862e-15 -4.609326e-47 3.006377e-02 9.995480e-01 -7.255874e-34 -9.995480e-01 3.006377e-02 2.141822e-32 2.143038e-32 1.017495e-34 1.000000e+00 -2.072971e-29 -2.587976e-28 -2.973946e+00
       1 -1.574788e-03 -6.131590e-03 2.397362e-13 -3.447962e-16 1.198183e-14 -3.510706e-21 -1.574788e-03 -6.131590e-03 2.397362e-13 -3.447962e-16 1.198183e-14 -3.510706e-21
       2 -6.083744e-03 1.750548e-03 -2.397362e-13 1.198679e-14 -7.564253e-20 0.000000e+00 1.574788e-03 6.131590e-03 -2.397362e-13 3.447962e-16 -1.198183e-14 2.650953e-45 2.877100e-02 9.995860e-01 3.071281e-34 -9.995860e-01 2.877100e-02 2.212567e-31 2.211563e-31 -6.652374e-33 1.000000e+00 -4.925646e-29 -3.244104e-27 2.909302e+00
       1 -1.371033e-02 -9.766240e-03 2.405781e-13 -3.118184e-15 1.161752e-14 -5.902682e-21 -1.371033e-02 -9.766240e-03 2.405781e-13 -3.118184e-15 1.161752e-14 -5.902682e-21
       2 -5.878187e-03 1.577338e-02 -2.405781e-13 1.202871e-14 -7.298607e-20 0.000000e+00 1.371033e-02 9.766240e-03 -2.405781e-13 3.118184e-15 -1.161752e-14 -2.683905e-47 2.592344e-01 9.658144e-01 2.932187e-33 -9.658144e-01 2.592344e-01 -1.523244e-33 -2.231264e-33 -2.416669e-33 1.000000e+00 -3.336278e-29 -6.488216e-29 8.732896e+00
       1 -2.714246e-02 -2.986761e-02 8.344642e-14 -2.749199e-15 3.137835e-15 -1.764146e-20 -2.714246e-02 -2.986761e-02 8.344642e-14 -2.749199e-15 3.137835e-15 -1.764146e-20
       2 -4.577697e-03 4.009778e-02 -8.344642e-14 4.171822e-15 -5.675243e-20 0.000000e+00 2.714246e-02 2.986761e-02 -8.344642e-14 2.749199e-15 -3.137835e-15 -3.354174e-48 6.590026e-01 7.521407e-01 3.084633e-33 -7.521407e-01 6.590026e-01 1.633601e-33 -8.040528e-34 -3.376223e-33 1.000000e+00 -6.415412e-29 1.660153e-29 1.392371e+01
       1 -1.184145e-02 -5.815315e-02 3.253210e-14 -1.585380e-15 3.605753e-16 -3.321031e-20 -1.184145e-02 -5.815315e-02 3.253210e-14 -1.585380e-15 3.605753e-16 -3.321031e-20
       2 -1.349704e-03 5.933116e-02 -3.253210e-14 1.625867e-15 -1.613723e-20 0.000000e+00 1.184145e-02 5.815315e-02 -3.253210e-14 1.585380e-15 -3.605753e-16 1.321731e-48 9.751003e-01 2.217644e-01 1.227277e-34 -2.217644e-01 9.751003e-01 4.205091e-33 8.128981e-34 -4.107200e-33 1.000000e+00 -1.204049e-28 -3.241994e-29 1.693697e+01
       1 2.156431e-02 -5.033763e-02 1.472865e-13 -6.619477e-15 -3.225798e-15 -2.786397e-20 2.156431e-02 -5.033763e-02 1.472865e-13 -6.619477e-15 -3.225798e-15 -2.786397e-20
       2 2.666167e-03 5.469724e-02 -1.472865e-13 7.363644e-15 3.372794e-20 0.000000e+00 -2.156431e-02 5.033763e-02 -1.472865e-13 6.619477e-15 3.225798e-15 1.423183e-47 8.989424e-01 -4.380668e-01 -2.720463e-33 4.380668e-01 8.989424e-01 1.170699e-33 1.932726e-33 -2.223733e-33 1.000000e+00 -1.562569e-29 -3.429219e-29 1.626212e+01
       1 2.410246e-02 -2.047644e-02 -7.547705e-15 1.937125e-16 3.243266e-16 -1.090906e-20 2.410246e-02 -2.047644e-02 -7.547705e-15 1.937125e-16 3.243266e-16 -1.090906e-20
       2 5.225707e-03 3.119143e-02 7.547705e-15 -3.777728e-16 6.478422e-20 0.000000e+00 -2.410246e-02 2.047644e-02 7.547705e-15 -1.937125e-16 -3.243266e-16 1.329286e-48 5.126279e-01 -8.586109e-01 4.235047e-33 8.586109e-01 5.126279e-01 1.569142e-33 -3.518256e-33 2.852274e-33 1.000000e+00 2.041183e-30 7.473436e-29 1.228041e+01
       1 8.366386e-03 -7.395823e-03 1.035687e-13 -8.007237e-16 -5.116037e-15 -3.949621e-21 8.366386e-03 -7.395823e-03 1.035687e-13 -8.007237e-16 -5.116037e-15 -3.949621e-21
       2 6.013039e-03 9.409462e-03 -1.035687e-13 5.178320e-15 7.476988e-20 0.000000e+00 -8.366386e-03 7.395823e-03 -1.035687e-13 8.007237e-16 5.116037e-15 8.950063e-49 1.546443e-01 -9.879702e-01 -7.518613e-35 9.879702e-01 1.546443e-01 -1.631428e-34 1.728376e-34 -2.865001e-35 1.000000e+00 -2.097061e-29 2.310735e-29 6.744953e+00
       1 2.820103e-05 -6.086204e-03 2.008905e-11 -2.832912e-15 -1.004448e-12 -3.440552e-21 2.820103e-05 -6.086204e-03 2.008905e-11 -2.832912e-15 -1.004448e-12 -3.440552e-21
       2 6.086110e-03 4.413164e-05 -2.008905e-11 1.004452e-12 7.569242e-20 0.000000e+00 -2.820103e-05 6.086204e-03 -2.008905e-11 2.629090e-15 1.004449e-12 3.072023e-41 2.617511e-03 -9.999966e-01 -2.864567e-30 9.999966e-01 2.617511e-03 -3.057666e-29 3.058406e-29 -2.784502e-30 1.000000e+00 -4.214869e-26 -5.211375e-25 8.774914e-01
       1 4.641455e-03 -6.482542e-03 3.347339e-13 -1.423701e-15 -1.667597e-14 -3.536610e-21 4.641455e-03 -6.482542e-03 3.347339e-13 -1.423701e-15 -1.667597e-14 -3.536610e-21
       2 6.064197e-03 5.176096e-03 -3.347339e-13 1.673663e-14 7.540510e-20 0.000000e+00 -4.641455e-03 6.482542e-03 -3.347339e-13 1.423701e-15 1.667597e-14 3.108775e-47 8.506946e-02 -9.963750e-01 -4.997804e-34 9.963750e-01 8.506946e-02 -1.821525e-33 1.857469e-33 -3.226100e-34 1.000000e+00 -2.094645e-30 -6.725122e-29 -5.002634e+00
       1 1.967746e-02 -1.442784e-02 -3.697956e-13 7.216657e-15 1.702359e-14 -7.611803e-21 1.967746e-02 -1.442784e-02 -3.697956e-13 7.216657e-15 1.702359e-14 -7.611803e-21
       2 5.603539e-03 2.374796e-02 3.697956e-13 -1.849007e-14 6.957587e-20 0.000000e+00 -1.967746e-02 1.442784e-02 3.697956e-13 -7.216657e-15 -1.702359e-14 -7.564424e-48 3.902955e-01 -9.206896e-01 4.623166e-33 9.206896e-01 3.902955e-01 -2.404173e-33 4.091269e-34 5.215241e-33 1.000000e+00 1.072427e-28 -1.753359e-29 -1.071541e+01
       1 2.626628e-02 -4.119578e-02 -2.017522e-13 8.077872e-15 6.043186e-15 -2.256437e-20 2.626628e-02 -4.119578e-02 -2.017522e-13 8.077872e-15 6.043186e-15 -2.256437e-20
       2 3.645873e-03 4.872081e-02 2.017522e-13 -1.008822e-14 4.537519e-20 0.000000e+00 -2.626628e-02 4.119578e-02 2.017522e-13 -8.077872e-15 -6.043186e-15 7.221293e-49 8.007208e-01 -5.990378e-01 -2.821479e-34 5.990378e-01 8.007208e-01 4.966901e-34 -7.158392e-35 -5.463248e-34 1.000000e+00 -4.821604e-29 1.978451e-29 -1.534801e+01
       1 -1.090730e-03 -6.082449e-02 4.163345e-13 -2.081184e-14 4.147030e-16 -3.442238e-20 -1.090730e-03 -6.082449e-02 4.163345e-13 -2.081184e-14 4.147030e-16 -3.442238e-20
       2 -1.212514e-04 6.083414e-02 -4.163345e-13 2.081597e-14 -6.698762e-22 0.000000e+00 1.090730e-03 6.082449e-02 -4.163345e-13 2.081184e-14 -4.147030e-16 -7.836304e-50 9.998015e-01 1.992232e-02 6.483850e-35 -1.992232e-02 9.998015e-01 3.063421e-33 -3.764662e-36 -3.043702e-33 1.000000e+00 -8.672334e-29 -2.140007e-31 -1.715016e+01
       1 -2.674746e-02 -3.931745e-02 -1.596680e-13 6.219616e-15 -5.006040e-15 -2.297373e-20 -2.674746e-02 -3.931745e-02 -1.596680e-13 6.219616e-15 -5.006040e-15 -2.297373e-20
       2 -3.816148e-03 4.739964e-02 1.596680e-13 -7.983988e-15 -4.769957e-20 0.000000e+00 2.674746e-02 3.931745e-02 1.596680e-13 -6.219616e-15 5.006040e-15 4.594892e-48 7.790075e-01 6.270147e-01 -4.622696e-34 -6.270147e-01 7.790075e-01 -1.492252e-33 -5.755221e-34 1.472728e-33 1.000000e+00 1.197676e-28 1.138686e-29 -1.513848e+01
       1 -1.872021e-02 -1.348583e-02 1.010051e-15 -1.839699e-17 4.673391e-17 -8.144908e-21 -1.872021e-02 -1.348583e-02 1.010051e-15 -1.839699e-17 4.673391e-17 -8.144908e-21
       2 -5.660114e-03 2.236687e-02 -1.010051e-15 5.022452e-17 -7.034981e-20 0.000000e+00 1.872021e-02 1.348583e-02 -1.010051e-15 1.839699e-17 -4.673391e-17 -3.773346e-50 3.675976e-01 9.299850e-01 1.673464e-33 -9.299850e-01 3.675976e-01 -1.486473e-34 -7.533704e-34 -1.481251e-33 1.000000e+00 -1.597923e-28 3.824145e-29 -1.039916e+01
       1 -4.034451e-03 -6.385135e-03 1.175409e-13 -4.341061e-16 5.860936e-15 -3.722338e-21 -4.034451e-03 -6.385135e-03 1.175409e-13 -4.341061e-16 5.860936e-15 -3.722338e-21
       2 -6.069628e-03 4.495149e-03 -1.175409e-13 5.876990e-15 -7.549356e-20 0.000000e+00 4.034451e-03 6.385135e-03 -1.175409e-13 4.341061e-16 -5.860936e-15 -5.153256e-47 7.387819e-02 9.972673e-01 -4.963423e-33 -9.972673e-01 7.387819e-02 -9.160208e-33 -8.768456e-33 5.647002e-33 1.000000e+00 5.244769e-29 -1.045676e-28 -4.661975e+00
       1 -2.766458e-04 -6.087663e-03 4.091060e-13 -1.032879e-16 2.045504e-14 -3.449837e-21 -2.766458e-04 -6.087663e-03 4.091060e-13 -1.032879e-16 2.045504e-14 -3.449837e-21
       2 -6.086187e-03 3.074041e-04 -4.091060e-13 2.045530e-14 -7.568550e-20 0.000000e+00 2.766458e-04 6.087663e-03 -4.091060e-13 1.032879e-16 -2.045504e-14 1.252247e-43 5.053143e-03 9.999872e-01 -1.704699e-32 -9.999872e-01 5.053143e-03 6.121864e-30 6.121872e-30 -1.386748e-32 1.000000e+00 3.041322e-27 -8.411145e-26 1.219229e+00
       1 -9.199425e-03 -7.677994e-03 -7.712844e-14 6.575872e-16 -3.800074e-15 -4.596719e-21 -9.199425e-03 -7.677994e-03 -7.712844e-14 6.575872e-16 -3.800074e-15 -4.596719e-21
       2 -5.997145e-03 1.037378e-02 7.712844e-14 -3.856551e-15 -7.454646e-20 0.000000e+00 9.199425e-03 7.677994e-03 7.712844e-14 -6.575872e-16 3.800074e-15 -8.146867e-48 1.704927e-01 9.853589e-01 -2.692161e-33 -9.853589e-01 1.704927e-01 1.677970e-33 2.112429e-33 2.387065e-33 1.000000e+00 3.830959e-29 -8.967451e-29 7.082146e+00
       1 -2.481189e-02 -2.188898e-02 -2.032683e-13 5.460045e-15 -8.572698e-15 -1.306540e-20 -2.481189e-02 -2.188898e-02 -2.032683e-13 5.460045e-15 -8.572698e-15 -1.306540e-20
       2 -5.133468e-03 3.268647e-02 2.032683e-13 -1.016382e-14 -6.408106e-20 0.000000e+00 2.481189e-02 2.188898e-02 2.032683e-13 -5.460045e-15 8.572698e-15 -2.302136e-47 5.371987e-01 8.434557e-01 -5.521939e-34 -8.434557e-01 5.371987e-01 2.333690e-33 2.265035e-33 -7.675017e-34 1.000000e+00 -5.970428e-29 -6.025970e-29 1.257127e+01
       1 -2.022289e-02 -5.192425e-02 9.558874e-14 -4.372138e-15 1.928940e-15 -2.992092e-20 -2.022289e-02 -5.192425e-02 9.558874e-14 -4.372138e-15 1.928940e-15 -2.992092e-20
       2 -2.456662e-03 5.566918e-02 -9.558874e-14 4.778744e-15 -3.151886e-20 0.000000e+00 2.022289e-02 5.192425e-02 -9.558874e-14 4.372138e-15 -1.928940e-15 -1.483317e-48 9.149161e-01 4.036440e-01 -2.968959e-33 -4.036440e-01 9.149161e-01 -7.498505e-33 -3.103456e-34 8.079308e-33 1.000000e+00 4.745020e-29 -4.996280e-30 1.640597e+01
       1 1.374121e-02 -5.714835e-02 3.330611e-13 -1.608024e-14 -4.327333e-15 -3.193211e-20 1.374121e-02 -5.714835e-02 3.330611e-13 -1.608024e-14 -4.327333e-15 -3.193211e-20
       2 1.581577e-03 5.875588e-02 -3.330611e-13 1.665232e-14 1.984214e-20 0.000000e+00 -1.374121e-02 5.714835e-02 -3.330611e-13 1.608024e-14 4.327333e-15 3.543709e-48 9.656456e-01 -2.598625e-01 -1.685999e-34 2.598625e-01 9.656456e-01 -1.922760e-34 2.128055e-34 1.622603e-34 1.000000e+00 1.423117e-28 -1.127659e-29 1.685466e+01
       1 2.685623e-02 -2.813651e-02 -1.428112e-13 4.531495e-15 5.519060e-15 -1.516387e-20 2.685623e-02 -2.813651e-02 -1.428112e-13 4.531495e-15 5.519060e-15 -1.516387e-20
       2 4.703862e-03 3.861080e-02 1.428112e-13 -7.141041e-15 5.897246e-20 0.000000e+00 -2.685623e-02 2.813651e-02 1.428112e-13 -4.531495e-15 -5.519060e-15 1.215400e-47 6.345643e-01 -7.728701e-01 5.072395e-33 7.728701e-01 6.345643e-01 -1.962527e-33 -1.701950e-33 5.186055e-33 1.000000e+00 1.084989e-28 -1.366924e-29 1.366310e+01
       1 1.275622e-02 -9.239358e-03 -2.962563e-13 3.554597e-15 1.438018e-14 -4.870172e-21 1.275622e-02 -9.239358e-03 -2.962563e-13 3.554597e-15 1.438018e-14 -4.870172e-21
       2 5.908427e-03 1.460060e-02 2.962563e-13 -1.481300e-14 7.330991e-20 0.000000e+00 -1.275622e-02 9.239358e-03 2.962563e-13 -3.554597e-15 -1.438018e-14 3.051005e-46 2.399599e-01 -9.707828e-01 3.912675e-33 9.707828e-01 2.399599e-01 2.024960e-32 -2.059682e-32 -1.040333e-33 1.000000e+00 -2.923796e-29 3.529804e-28 8.401974e+00
       1 1.226849e-03 -6.113765e-03 -1.456634e-13 1.632983e-16 7.281358e-15 -3.422866e-21 1.226849e-03 -6.113765e-03 -1.456634e-13 1.632983e-16 7.281358e-15 -3.422866e-21
       2 6.084735e-03 1.363556e-03 1.456634e-13 -7.283189e-15 7.566500e-20 0.000000e+00 -1.226849e-03 6.113765e-03 1.456634e-13 -1.632983e-16 -7.281358e-15 -9.806615e-46 2.241088e-02 -9.997488e-01 -4.100594e-33 9.997488e-01 2.241088e-02 -1.345891e-31 1.346473e-31 -1.062901e-33 1.000000e+00 1.828941e-29 -6.917594e-28 2.567674e+00
       1 2.044653e-03 -6.162716e-03 1.935116e-13 -3.614582e-16 -9.668799e-15 -3.427846e-21 2.044653e-03 -6.162716e-03 1.935116e-13 -3.614582e-16 -9.668799e-15 -3.427846e-21
       2 6.082012e-03 2.273500e-03 -1.935116e-13 9.675553e-15 7.562306e-20 0.000000e+00 -2.044653e-03 6.162716e-03 -1.935116e-13 3.614582e-16 9.668799e-15 -2.835599e-46 3.736569e-02 -9.993017e-01 -1.445889e-33 9.993017e-01 3.736569e-02 2.938143e-32 -2.930683e-32 -2.522335e-33 1.000000e+00 2.750484e-29 6.801891e-28 -3.315489e+00
       1 1.486250e-02 -1.047126e-02 1.937279e-13 -2.740918e-15 -9.290288e-15 -5.508267e-21 1.486250e-02 -1.047126e-02 1.937279e-13 -2.740918e-15 -9.290288e-15 -5.508267e-21
       2 5.837479e-03 1.721816e-02 -1.937279e-13 9.686180e-15 7.257891e-20 0.000000e+00 -1.486250e-02 1.047126e-02 -1.937279e-13 2.740918e-15 9.290288e-15 -2.922197e-48 2.829792e-01 -9.591260e-01 -5.756539e-36 9.591260e-01 2.829792e-01 3.163061e-34 -3.016866e-34 -7.462672e-35 1.000000e+00 5.828374e-29 -4.954741e-29 -9.124082e+00
       1 2.734001e-02 -3.198738e-02 -3.472864e-13 1.194264e-14 1.260599e-14 -1.732785e-20 2.734001e-02 -3.198738e-02 -3.472864e-13 1.194264e-14 1.260599e-14 -1.732785e-20
