       1 1.604156e-03 -2.424335e-02 0.000000e+00 3.417834e-11 -3.868523e-10 -1.366344e-20 1.604156e-03 -2.424335e-02 0.000000e+00 3.417834e-11 -3.868523e-10 -1.366344e-20
       2 -1.583437e-03 2.424471e-02 0.000000e+00 1.016440e-20 8.470329e-22 0.000000e+00 -1.604156e-03 2.424335e-02 0.000000e+00 1.016367e-20 8.557190e-22 0.000000e+00 9.999996e-01 -8.545908e-04 0.000000e+00 8.545908e-04 9.999996e-01 0.000000e+00 0.000000e+00 0.000000e+00 1.000000e+00 0.000000e+00 0.000000e+00 0.000000e+00
       1 1.582856e-03 -2.414822e-02 0.000000e+00 -5.291371e-23 -3.732130e-22 -1.361024e-20 1.582856e-03 -2.414822e-02 0.000000e+00 -5.291371e-23 -3.732130e-22 -1.361024e-20
       2 -1.579350e-03 2.414845e-02 0.000000e+00 5.296277e-23 3.732046e-22 0.000000e+00 -1.582856e-03 2.414822e-02 0.000000e+00 5.290858e-23 3.732123e-22 0.000000e+00 1.000000e+00 -1.451954e-04 0.000000e+00 1.451954e-04 1.000000e+00 0.000000e+00 0.000000e+00 0.000000e+00 1.000000e+00 0.000000e+00 0.000000e+00 -1.418791e-01
       1 1.551330e-03 -2.421092e-02 -4.843505e-17 2.412786e-18 2.056845e-19 -1.364657e-20 1.551330e-03 -2.421092e-02 -4.843505e-17 2.412786e-18 2.056845e-19 -1.364657e-20
       2 -1.596872e-03 2.420796e-02 4.843505e-17 -2.412373e-18 -2.104676e-19 0.000000e+00 -1.551330e-03 2.421092e-02 4.843505e-17 -2.412765e-18 -2.059291e-19 -7.253018e-50 9.999982e-01 1.881168e-03 -3.006089e-32 -1.881168e-03 9.999982e-01 -1.530410e-36 3.006084e-32 5.807999e-35 1.000000e+00 8.941559e-33 -4.509125e-30 -2.684846e-01
       1 1.493182e-03 -2.423313e-02 1.614502e-17 -8.029564e-19 -6.646903e-20 -1.366074e-20 1.493182e-03 -2.423313e-02 1.614502e-17 -8.029564e-19 -6.646903e-20 -1.366074e-20
       2 -1.618300e-03 2.422510e-02 -1.614502e-17 8.025861e-19 7.080377e-20 0.000000e+00 -1.493182e-03 2.423313e-02 -1.614502e-17 8.029410e-19 6.665832e-20 -4.077025e-51 9.999867e-01 5.163943e-03 5.022711e-33 -5.163943e-03 9.999867e-01 6.613523e-34 -5.019229e-33 -6.872804e-34 1.000000e+00 -1.331929e-31 6.764942e-30 -3.911006e-01
       1 1.413447e-03 -2.425886e-02 2.465190e-32 -5.841963e-23 6.002229e-22 -1.367750e-20 1.413447e-03 -2.425886e-02 2.465190e-32 -5.841963e-23 6.002229e-22 -1.367750e-20
       2 -1.647353e-03 2.424410e-02 -2.454090e-32 -1.393923e-23 2.967786e-22 0.000000e+00 -1.413447e-03 2.425886e-02 -2.465190e-32 -1.107621e-23 2.968992e-22 -1.026078e-54 9.999535e-01 9.644823e-03 -5.343101e-32 -9.644823e-03 9.999535e-01 1.462669e-33 5.344263e-32 -9.472683e-34 1.000000e+00 -6.384359e-33 -1.052267e-29 -5.080094e-01
       1 1.313183e-03 -2.429003e-02 -6.162976e-32 4.012618e-22 -2.498796e-21 -1.369791e-20 1.313183e-03 -2.429003e-02 -6.162976e-32 4.012618e-22 -2.498796e-21 -1.369791e-20
       2 -1.683572e-03 2.426717e-02 6.162049e-32 -3.814563e-22 1.827497e-21 0.000000e+00 -1.313183e-03 2.429003e-02 6.162976e-32 -3.535336e-22 1.833103e-21 -1.490099e-53 9.998836e-01 1.525492e-02 -6.131537e-32 -1.525492e-02 9.998836e-01 -3.696492e-33 6.125184e-32 4.631423e-33 1.000000e+00 8.366284e-31 1.753166e-30 -6.175269e-01
       1 1.193683e-03 -2.432435e-02 1.310885e-31 1.383177e-22 -1.122655e-21 -1.372063e-20 1.193683e-03 -2.432435e-02 1.310885e-31 1.383177e-22 -1.122655e-21 -1.372063e-20
       2 -1.726369e-03 2.429236e-02 -1.310891e-31 -1.630981e-22 1.119205e-21 0.000000e+00 -1.193683e-03 2.432435e-02 -1.310885e-31 -1.385360e-22 1.122510e-21 2.867153e-56 9.997599e-01 2.191107e-02 4.979861e-37 -2.191107e-02 9.997599e-01 -2.548088e-35 -1.056180e-36 2.546386e-35 1.000000e+00 -1.087987e-30 9.571311e-30 -7.180649e-01
       1 1.056462e-03 -2.435941e-02 1.155577e-30 6.756951e-23 -1.042773e-21 -1.374427e-20 1.056462e-03 -2.435941e-02 1.155577e-30 6.756951e-23 -1.042773e-21 -1.374427e-20
       2 -1.774981e-03 2.431761e-02 -1.155577e-30 -9.767549e-23 1.040460e-21 0.000000e+00 -1.056462e-03 2.435941e-02 -1.155577e-30 -6.692331e-23 1.042889e-21 -1.208199e-56 9.995643e-01 2.951545e-02 1.144853e-36 -2.951545e-02 9.995643e-01 1.165858e-35 -8.002462e-37 -1.168729e-35 1.000000e+00 2.871545e-31 -3.063853e-30 -8.081624e-01
       1 9.033744e-04 -2.439337e-02 9.733601e-30 -1.630264e-23 -9.446673e-22 -1.376771e-20 9.033744e-04 -2.439337e-02 9.733601e-30 -1.630264e-23 -9.446673e-22 -1.376771e-20
       2 -1.828607e-03 2.434150e-02 -9.733600e-30 -1.959782e-23 9.445914e-22 0.000000e+00 -9.033744e-04 2.439337e-02 -9.733601e-30 1.626958e-23 9.446546e-22 -2.003217e-56 9.992794e-01 3.795638e-02 -2.262947e-36 -3.795638e-02 9.992794e-01 2.124479e-35 3.067692e-36 -2.114358e-35 1.000000e+00 6.936900e-32 9.142964e-33 -8.865081e-01
       1 7.365566e-04 -2.442422e-02 8.346000e-29 -9.527415e-23 -8.298302e-22 -1.378979e-20 7.365566e-04 -2.442422e-02 8.346000e-29 -9.527415e-23 -8.298302e-22 -1.378979e-20
       2 -1.886359e-03 2.436240e-02 -8.346000e-29 5.607648e-23 8.333976e-22 0.000000e+00 -7.365566e-04 2.442422e-02 -8.346000e-29 9.527543e-23 8.298305e-22 1.284593e-56 9.988897e-01 4.710981e-02 1.444204e-36 -4.710981e-02 9.988897e-01 -1.564600e-35 -2.179680e-36 1.556059e-35 1.000000e+00 -4.237409e-32 -5.540393e-33 -9.519611e-01
       1 5.584265e-04 -2.445017e-02 7.159325e-28 -1.720802e-22 -7.002714e-22 -1.380941e-20 5.584265e-04 -2.445017e-02 7.159325e-28 -1.720802e-22 -7.002714e-22 -1.380941e-20
       2 -1.947298e-03 2.437890e-02 -7.159325e-28 1.320114e-22 7.089194e-22 0.000000e+00 -5.584265e-04 2.445017e-02 -7.159325e-28 1.720937e-22 7.002696e-22 7.149756e-60 9.983832e-01 5.684109e-02 -3.630127e-38 -5.684109e-02 9.983832e-01 -1.288841e-39 3.616932e-38 3.350161e-39 1.000000e+00 -4.174417e-33 -5.128080e-34 -1.003568e+00
       1 3.716466e-04 -2.446971e-02 6.146209e-27 -2.402437e-22 -5.575070e-22 -1.382564e-20 3.716466e-04 -2.446971e-02 6.146209e-27 -2.402437e-22 -5.575070e-22 -1.382564e-20
       2 -2.010452e-03 2.438981e-02 -6.146209e-27 2.023642e-22 5.723498e-22 0.000000e+00 -3.716466e-04 2.446971e-02 -6.146209e-27 2.402608e-22 5.575036e-22 7.720134e-59 9.977525e-01 6.700696e-02 -2.763501e-37 -6.700696e-02 9.977525e-01 -1.938147e-38 2.744303e-37 3.785529e-38 1.000000e+00 6.774229e-34 8.712285e-34 -1.040576e+00
       1 1.790765e-04 -2.448169e-02 5.274851e-26 -2.953784e-22 -4.036650e-22 -1.383776e-20 1.790765e-04 -2.448169e-02 5.274851e-26 -2.953784e-22 -4.036650e-22 -1.383776e-20
       2 -2.074837e-03 2.439426e-02 -5.274851e-26 2.632418e-22 4.253236e-22 0.000000e+00 -1.790765e-04 2.448169e-02 -5.274851e-26 2.953955e-22 4.036556e-22 2.801537e-60 9.969956e-01 7.745782e-02 -1.931936e-38 -7.745782e-02 9.969956e-01 7.197511e-39 1.981882e-38 -5.679451e-39 1.000000e+00 7.533681e-36 1.048539e-34 -1.062447e+00
       1 -1.628734e-05 -2.448541e-02 4.527196e-25 -3.337822e-22 -2.413908e-22 -1.384529e-20 -1.628734e-05 -2.448541e-02 4.527196e-25 -3.337822e-22 -2.413908e-22 -1.384529e-20
       2 -2.139472e-03 2.439177e-02 -4.527196e-25 3.112504e-22 2.698255e-22 0.000000e+00 1.628734e-05 2.448541e-02 -4.527196e-25 3.337973e-22 2.413753e-22 -3.304841e-60 9.961169e-01 8.804002e-02 5.483235e-39 -8.804002e-02 9.961169e-01 6.108961e-39 -4.924110e-39 -6.567984e-39 1.000000e+00 1.968473e-35 -2.138262e-35 -1.068863e+00
       1 -2.113809e-04 -2.448066e-02 3.885500e-24 -3.528373e-22 -7.380293e-23 -1.384802e-20 -2.113809e-04 -2.448066e-02 3.885500e-24 -3.528373e-22 -7.380293e-23 -1.384802e-20
       2 -2.203401e-03 2.438222e-02 -3.885500e-24 3.438550e-22 1.082126e-22 0.000000e+00 2.113809e-04 2.448066e-02 -3.885500e-24 3.528491e-22 7.378183e-23 3.994027e-61 9.951273e-01 9.859828e-02 -1.256097e-39 -9.859828e-02 9.951273e-01 5.937773e-40 1.308522e-39 -4.670350e-40 1.000000e+00 2.125739e-36 -2.848338e-36 -1.059734e+00
       1 -4.031460e-04 -2.446773e-02 3.334760e-23 -3.520992e-22 9.567339e-23 -1.384602e-20 -4.031460e-04 -2.446773e-02 3.334760e-23 -3.520992e-22 9.567339e-23 -1.384602e-20
       2 -2.265703e-03 2.436593e-02 -3.334760e-23 3.604386e-22 -5.675619e-23 0.000000e+00 4.031460e-04 2.446773e-02 -3.334760e-23 3.521067e-22 -9.569810e-23 -1.251503e-59 9.940441e-01 1.089782e-01 3.447648e-38 -1.089782e-01 9.940441e-01 -3.925171e-39 -3.469890e-38 1.446095e-40 1.000000e+00 -6.404257e-37 5.334161e-36 -1.035193e+00
       1 -5.886041e-04 -2.444735e-02 2.862083e-22 -3.411061e-22 2.637916e-22 -1.383965e-20 -5.886041e-04 -2.444735e-02 2.862083e-22 -3.411061e-22 2.637916e-22 -1.383965e-20
       2 -2.325510e-03 2.434362e-02 -2.862083e-22 3.700853e-22 -2.213365e-22 0.000000e+00 5.886041e-04 2.444735e-02 -2.862083e-22 3.411090e-22 -2.638136e-22 -6.657069e-59 9.928908e-01 1.190284e-01 1.753144e-37 -1.190284e-01 9.928908e-01 -2.565971e-38 -1.771223e-37 4.609901e-39 1.000000e+00 6.453806e-37 1.954727e-35 -9.956025e-01
       1 -7.649240e-04 -2.442074e-02 2.456404e-21 -4.054408e-22 4.309089e-22 -1.382950e-20 -7.649240e-04 -2.442074e-02 2.456404e-21 -4.054408e-22 4.309089e-22 -1.382950e-20
       2 -2.382015e-03 2.431633e-02 -2.456404e-21 4.574876e-22 -3.751703e-22 0.000000e+00 7.649240e-04 2.442074e-02 -2.456404e-21 4.054406e-22 -4.308893e-22 -1.301113e-58 9.916961e-01 1.286033e-01 3.061838e-37 -1.286033e-01 9.916961e-01 -1.385957e-38 -3.054236e-37 -2.563175e-38 1.000000e+00 -4.464296e-36 1.213082e-35 -9.415423e-01
       1 -9.294810e-04 -2.438944e-02 2.108227e-20 -1.273130e-21 6.336915e-22 -1.381637e-20 -9.294810e-04 -2.438944e-02 2.108227e-20 -1.273130e-21 6.336915e-22 -1.381637e-20
       2 -2.434481e-03 2.428543e-02 -2.108227e-20 1.348162e-21 -4.521648e-22 0.000000e+00 9.294810e-04 2.438944e-02 -2.108227e-20 1.273143e-21 -6.333255e-22 -8.204755e-58 9.904928e-01 1.375646e-01 6.185801e-37 -1.375646e-01 9.904928e-01 -5.200230e-38 -6.198528e-37 -3.358684e-38 1.000000e+00 7.751530e-37 4.078897e-35 -8.738034e-01
       1 -1.079903e-03 -2.435528e-02 1.809402e-19 -9.173794e-21 1.261905e-21 -1.380123e-20 -1.079903e-03 -2.435528e-02 1.809402e-19 -9.173794e-21 1.261905e-21 -1.380123e-20
       2 -2.482246e-03 2.425251e-02 -1.809402e-19 9.259467e-21 9.212626e-23 0.000000e+00 1.079903e-03 2.435528e-02 -1.809402e-19 9.173974e-21 -1.258741e-21 1.104390e-54 9.893164e-01 1.457840e-01 -1.168564e-34 -1.457840e-01 9.893164e-01 2.570238e-35 1.193550e-34 -8.391990e-36 1.000000e+00 -1.249392e-33 -1.801211e-32 -7.933753e-01
       1 -1.214102e-03 -2.432024e-02 1.552933e-18 -7.752377e-20 6.059418e-21 -1.378514e-20 -1.214102e-03 -2.432024e-02 1.552933e-18 -7.752377e-20 6.059418e-21 -1.378514e-20
       2 -2.524728e-03 2.421929e-02 -1.552933e-18 7.753503e-20 5.909763e-21 0.000000e+00 1.214102e-03 2.432024e-02 -1.552933e-18 7.752546e-20 -6.034005e-21 1.228530e-53 9.882038e-01 1.531444e-01 -1.559715e-34 -1.531444e-01 9.882038e-01 3.207418e-35 1.590436e-34 -7.809665e-36 1.000000e+00 3.603774e-34 5.436508e-35 -7.014314e-01
       1 -1.330293e-03 -2.428635e-02 1.332817e-17 -6.645366e-19 4.993779e-20 -1.376920e-20 -1.330293e-03 -2.428635e-02 1.332817e-17 -6.645366e-19 4.993779e-20 -1.376920e-20
       2 -2.561427e-03 2.418751e-02 -1.332817e-17 6.639745e-19 5.692145e-20 0.000000e+00 1.330293e-03 2.428635e-02 -1.332817e-17 6.645512e-19 -4.973914e-20 2.994634e-52 9.871912e-01 1.595415e-01 -4.435187e-34 -1.595415e-01 9.871912e-01 9.494498e-35 4.529855e-34 -2.296920e-35 1.000000e+00 -2.493751e-33 -4.209790e-32 -5.993115e-01
       1 -1.426997e-03 -2.425557e-02 -3.091516e-17 1.540977e-18 -1.210837e-19 -1.375448e-20 -1.426997e-03 -2.425557e-02 -3.091516e-17 1.540977e-18 -1.210837e-19 -1.375448e-20
       2 -2.591924e-03 2.415887e-02 3.091516e-17 -1.539809e-18 -1.351264e-19 0.000000e+00 1.426997e-03 2.425557e-02 3.091516e-17 -1.541014e-18 1.206152e-19 4.626552e-50 9.863127e-01 1.648854e-01 2.964276e-32 -1.648854e-01 9.863127e-01 -4.855186e-33 -3.003758e-32 -9.892666e-35 1.000000e+00 -1.156943e-32 4.588294e-30 -4.885017e-01
       1 -1.503036e-03 -2.422967e-02 1.305976e-17 -6.506084e-19 5.466127e-20 -1.374195e-20 -1.503036e-03 -2.422967e-02 1.305976e-17 -6.506084e-19 5.466127e-20 -1.374195e-20
       2 -2.615879e-03 2.413490e-02 -1.305976e-17 6.504989e-19 5.595053e-20 0.000000e+00 1.503036e-03 2.422967e-02 -1.305976e-17 6.505921e-19 -5.485545e-20 8.901097e-51 9.855987e-01 1.691013e-01 -1.349465e-32 -1.691013e-01 9.855987e-01 2.216429e-33 1.367511e-32 9.745414e-35 1.000000e+00 5.449166e-32 -8.081253e-30 -3.706131e-01
       1 -1.557521e-03 -2.421014e-02 -1.662674e-18 8.347679e-20 -4.198136e-21 -1.373242e-20 -1.557521e-03 -2.421014e-02 -1.662674e-18 8.347679e-20 -4.198136e-21 -1.373242e-20
       2 -2.633033e-03 2.411688e-02 1.662674e-18 -8.302229e-20 -9.439123e-21 0.000000e+00 1.557521e-03 2.421014e-02 1.662674e-18 -8.340787e-20 4.992443e-21 -1.478599e-51 9.850741e-01 1.721306e-01 -1.739156e-32 -1.721306e-01 9.850741e-01 5.609772e-33 1.809759e-32 -2.532422e-33 1.000000e+00 -4.088038e-31 1.522136e-30 -2.473584e-01
       1 -1.589838e-03 -2.419809e-02 1.970737e-17 -9.812877e-19 8.705970e-20 -1.372650e-20 -1.589838e-03 -2.419809e-02 1.970737e-17 -9.812877e-19 8.705970e-20 -1.372650e-20
       2 -2.643202e-03 2.410578e-02 -1.970737e-17 9.814950e-19 8.469294e-20 0.000000e+00 1.589838e-03 2.419809e-02 -1.970737e-17 9.812655e-19 -8.731072e-20 -1.088520e-50 9.847578e-01 1.739314e-01 1.080285e-32 -1.739314e-01 9.847578e-01 -3.261128e-33 -1.120540e-32 1.332466e-33 1.000000e+00 6.988637e-31 4.617195e-30 -1.205266e-01
       1 -1.599634e-03 -2.419423e-02 4.040455e-18 -2.008215e-19 1.909315e-20 -1.372459e-20 -1.599634e-03 -2.419423e-02 4.040455e-18 -2.008215e-19 1.909315e-20 -1.372459e-20
       2 -2.646280e-03 2.410221e-02 -4.040455e-18 2.010671e-19 1.629761e-20 0.000000e+00 1.599634e-03 2.419423e-02 -4.040455e-18 2.008265e-19 -1.903430e-20 1.462955e-51 9.846609e-01 1.744787e-01 -7.145684e-33 -1.744787e-01 9.846609e-01 1.466456e-33 7.291941e-33 -1.971921e-34 1.000000e+00 -4.211142e-31 -4.240015e-30 8.041606e-03
       1 -1.586806e-03 -2.419876e-02 -1.444465e-17 7.197169e-19 -6.244098e-20 -1.372679e-20 -1.586806e-03 -2.419876e-02 -1.444465e-17 7.197169e-19 -6.244098e-20 -1.372679e-20
       2 -2.642235e-03 2.410636e-02 1.444465e-17 -7.196043e-19 -6.372754e-20 0.000000e+00 1.586806e-03 2.419876e-02 1.444465e-17 -7.197307e-19 6.228410e-20 2.118355e-50 9.847871e-01 1.737652e-01 2.916098e-32 -1.737652e-01 9.847871e-01 -3.138807e-33 -2.926277e-32 -1.976106e-33 1.000000e+00 -1.941967e-31 6.408887e-30 1.364812e-01
       1 -1.551498e-03 -2.421142e-02 -3.077489e-17 1.533447e-18 -1.303436e-19 -1.373297e-20 -1.551498e-03 -2.421142e-02 -3.077489e-17 1.533447e-18 -1.303436e-19 -1.373297e-20
       2 -2.631110e-03 2.411799e-02 3.077489e-17 -1.533040e-18 -1.350447e-19 0.000000e+00 1.551498e-03 2.421142e-02 3.077489e-17 -1.533447e-18 1.303407e-19 -3.743680e-51 9.851317e-01 1.718008e-01 -2.459193e-33 -1.718008e-01 9.851317e-01 -2.099268e-34 2.386563e-33 6.292968e-34 1.000000e+00 4.800719e-31 -6.577179e-30 2.629287e-01
       1 -1.494109e-03 -2.423149e-02 2.062293e-17 -1.027241e-18 8.575169e-20 -1.374273e-20 -1.494109e-03 -2.423149e-02 2.062293e-17 -1.027241e-18 8.575169e-20 -1.374273e-20
       2 -2.613024e-03 2.413648e-02 -2.062293e-17 1.027005e-18 8.853368e-20 0.000000e+00 1.494109e-03 2.423149e-02 -2.062293e-17 1.027229e-18 -8.590019e-20 -1.207571e-50 9.856824e-01 1.686128e-01 1.136855e-32 -1.686128e-01 9.856824e-01 -4.628756e-33 -1.198624e-32 2.645600e-33 1.000000e+00 1.569811e-31 3.738890e-30 3.855493e-01
       1 -1.415295e-03 -2.425782e-02 -5.036016e-18 2.514269e-19 -1.854506e-20 -1.375543e-20 -1.415295e-03 -2.425782e-02 -5.036016e-18 2.514269e-19 -1.854506e-20 -1.375543e-20
       2 -2.588171e-03 2.416084e-02 5.036016e-18 -2.510346e-19 -2.327389e-20 0.000000e+00 1.415295e-03 2.425782e-02 5.036016e-18 -2.514480e-19 1.827356e-20 8.148150e-51 9.864194e-01 1.642458e-01 3.206577e-32 -1.642458e-01 9.864194e-01 -4.666550e-33 -3.239676e-32 -6.634924e-34 1.000000e+00 -5.731541e-31 2.346869e-30 5.025629e-01
       1 -1.315988e-03 -2.428889e-02 3.053651e-17 -1.522287e-18 1.122608e-19 -1.377024e-20 -1.315988e-03 -2.428889e-02 3.053651e-17 -1.522287e-18 1.122608e-19 -1.377024e-20
       2 -2.556823e-03 2.418976e-02 -3.053651e-17 1.520772e-18 1.311847e-19 0.000000e+00 1.315988e-03 2.428889e-02 -3.053651e-17 1.522312e-18 -1.119180e-19 -5.531995e-51 9.873171e-01 1.587607e-01 3.569510e-33 -1.587607e-01 9.873171e-01 -8.764365e-34 -3.663382e-33 2.986229e-34 1.000000e+00 2.559098e-31 -5.331433e-30 6.122698e-01
       1 -1.197409e-03 -2.432290e-02 -2.306327e-17 1.150948e-18 -7.443383e-20 -1.378618e-20 -1.197409e-03 -2.432290e-02 -2.306327e-17 1.150948e-18 -7.443383e-20 -1.378618e-20
       2 -2.519332e-03 2.422169e-02 2.306327e-17 -1.148867e-18 -1.016179e-19 0.000000e+00 1.197409e-03 2.432290e-02 2.306327e-17 -1.150946e-18 7.446359e-20 -1.469557e-51 9.883444e-01 1.522345e-01 -1.254516e-33 -1.522345e-01 9.883444e-01 3.448303e-34 1.292389e-33 -1.498305e-34 1.000000e+00 -1.142584e-31 6.896598e-31 7.130753e-01
       1 -1.061077e-03 -2.435790e-02 4.663802e-19 -2.283168e-20 3.924713e-21 -1.380218e-20 -1.061077e-03 -2.435790e-02 4.663802e-19 -2.283168e-20 3.924713e-21 -1.380218e-20
       2 -2.476132e-03 2.425494e-02 -4.663802e-19 2.308653e-20 2.540087e-22 0.000000e+00 1.061077e-03 2.435790e-02 -4.663802e-19 2.288012e-20 -3.090657e-21 -3.885027e-52 9.894669e-01 1.447593e-01 1.659177e-32 -1.447593e-01 9.894669e-01 -2.873459e-33 -1.683297e-32 4.413782e-34 1.000000e+00 1.556086e-31 2.968465e-30 8.035132e-01
       1 -9.088183e-04 -2.439185e-02 1.429791e-18 -7.166062e-20 2.306549e-21 -1.381716e-20 -9.088183e-04 -2.439185e-02 1.429791e-18 -7.166062e-20 2.306549e-21 -1.381716e-20
       2 -2.427736e-03 2.428774e-02 -1.429791e-18 7.140163e-20 6.394875e-21 0.000000e+00 9.088183e-04 2.439185e-02 -1.429791e-18 7.160642e-20 -3.407060e-21 1.299150e-52 9.906482e-01 1.364413e-01 -1.777906e-33 -1.364413e-01 9.906482e-01 7.647405e-34 1.865622e-33 -5.150090e-34 1.000000e+00 -2.142849e-31 -3.710192e-30 8.822671e-01
       1 -7.427555e-04 -2.442278e-02 -1.851980e-17 9.253495e-19 -3.568199e-20 -1.383004e-20 -7.427555e-04 -2.442278e-02 -1.851980e-17 9.253495e-19 -3.568199e-20 -1.383004e-20
       2 -2.374739e-03 2.431840e-02 1.851980e-17 -9.223964e-19 -8.202348e-20 0.000000e+00 7.427555e-04 2.442278e-02 1.851980e-17 -9.253300e-19 3.615742e-20 3.900529e-50 9.918515e-01 1.273992e-01 4.193120e-32 -1.273992e-01 9.918515e-01 -5.672198e-33 -4.231215e-32 2.839787e-34 1.000000e+00 1.577279e-31 7.561672e-30 9.481899e-01
       1 -5.652915e-04 -2.444890e-02 4.295665e-18 -2.148086e-19 7.553597e-21 -1.383988e-20 -5.652915e-04 -2.444890e-02 4.295665e-18 -2.148086e-19 7.553597e-21 -1.383988e-20
       2 -2.317815e-03 2.434535e-02 -4.295665e-18 2.141986e-19 1.783746e-20 0.000000e+00 5.652915e-04 2.444890e-02 -4.295665e-18 2.148087e-19 -7.511301e-21 -1.902329e-52 9.930417e-01 1.177629e-01 8.823778e-34 -1.177629e-01 9.930417e-01 -9.192957e-35 -8.870638e-34 -1.262146e-35 1.000000e+00 -1.194476e-31 -8.423980e-30 1.000321e+00
       1 -3.790757e-04 -2.446868e-02 3.863639e-17 -1.931974e-18 3.767390e-20 -1.384589e-20 -3.790757e-04 -2.446868e-02 3.863639e-17 -1.931974e-18 3.767390e-20 -1.384589e-20
       2 -2.257712e-03 2.436724e-02 -3.863639e-17 1.924930e-18 1.690900e-19 0.000000e+00 3.790757e-04 2.446868e-02 -3.863639e-17 1.931945e-18 -3.915346e-20 1.181755e-49 9.941865e-01 1.076717e-01 -6.107287e-32 -1.076717e-01 9.941865e-01 4.752237e-33 6.122950e-32 1.851208e-33 1.000000e+00 2.503056e-31 -7.244154e-30 1.037902e+00
       1 -1.869560e-04 -2.448096e-02 -8.475863e-18 4.235899e-19 -2.543640e-21 -1.384750e-20 -1.869560e-04 -2.448096e-02 -8.475863e-18 4.235899e-19 -2.543640e-21 -1.384750e-20
       2 -2.195244e-03 2.438305e-02 8.475863e-18 -4.218870e-19 -3.800804e-20 0.000000e+00 1.869560e-04 2.448096e-02 8.475863e-18 -4.235835e-19 3.210017e-21 9.033524e-51 9.952578e-01 9.727206e-02 2.129452e-32 -9.727206e-02 9.952578e-01 -4.210907e-33 -2.160314e-32 2.119576e-33 1.000000e+00 1.482160e-31 1.552910e-29 1.060384e+00
       1 8.080073e-06 -2.448503e-02 -1.993008e-17 9.964868e-19 5.049385e-21 -1.384439e-20 8.080073e-06 -2.448503e-02 -1.993008e-17 9.964868e-19 5.049385e-21 -1.384439e-20
       2 -2.131287e-03 2.439209e-02 1.993008e-17 -9.924913e-19 -8.923377e-20 0.000000e+00 -8.080073e-06 2.448503e-02 1.993008e-17 -9.964906e-19 -2.833016e-21 -1.480320e-49 9.962331e-01 8.671575e-02 -1.485821e-31 -8.671575e-02 9.962331e-01 1.013153e-32 1.489010e-31 2.791046e-33 1.000000e+00 4.063846e-32 -2.970920e-29 1.067441e+00
       1 2.029747e-04 -2.448064e-02 2.421030e-17 -1.210813e-18 -1.646002e-20 -1.383650e-20 2.029747e-04 -2.448064e-02 2.421030e-17 -1.210813e-18 -1.646002e-20 -1.383650e-20
       2 -2.066764e-03 2.439409e-02 -2.421030e-17 1.206183e-18 1.070519e-19 0.000000e+00 -2.029747e-04 2.448064e-02 -2.421030e-17 1.210833e-18 1.488142e-20 3.637204e-50 9.970958e-01 7.615725e-02 -3.013473e-32 -7.615725e-02 9.970958e-01 7.800478e-33 3.064127e-32 -5.482846e-33 1.000000e+00 -1.148426e-30 2.626767e-29 1.058973e+00
       1 3.946730e-04 -2.446807e-02 -2.838040e-18 1.415807e-19 1.017635e-21 -1.382407e-20 3.946730e-04 -2.446807e-02 -2.838040e-18 1.415807e-19 1.017635e-21 -1.382407e-20
       2 -2.002631e-03 2.438917e-02 2.838040e-18 -1.411202e-19 -1.129084e-20 0.000000e+00 -3.946730e-04 2.446807e-02 2.838040e-18 -1.415572e-19 -1.987540e-21 -1.603757e-51 9.978360e-01 6.575151e-02 -1.135012e-32 -6.575151e-02 9.978360e-01 1.476323e-33 1.142263e-32 -7.268409e-34 1.000000e+00 1.352704e-30 -3.045940e-30 1.035104e+00
       1 5.801961e-04 -2.444804e-02 -3.081293e-17 1.539506e-18 5.271279e-20 -1.380760e-20 5.801961e-04 -2.444804e-02 -3.081293e-17 1.539506e-18 5.271279e-20 -1.380760e-20
       2 -1.939867e-03 2.437787e-02 3.081293e-17 -1.534375e-18 -1.362045e-19 0.000000e+00 -5.801961e-04 2.444804e-02 3.081293e-17 -1.539577e-18 -5.060322e-20 -7.569452e-50 9.984503e-01 5.565147e-02 -4.916744e-32 -5.565147e-02 9.984503e-01 4.982460e-35 4.909401e-32 2.686493e-33 1.000000e+00 -7.717748e-33 -6.610096e-30 9.961872e-01
       1 7.567099e-04 -2.442174e-02 2.991666e-17 -1.494773e-18 -6.417039e-20 -1.378783e-20 7.567099e-04 -2.442174e-02 2.991666e-17 -1.494773e-18 -6.417039e-20 -1.378783e-20
       2 -1.879448e-03 2.436107e-02 -2.991666e-17 1.490329e-18 1.318276e-19 0.000000e+00 -7.567099e-04 2.442174e-02 -2.991666e-17 1.494816e-18 6.312442e-20 -3.860198e-50 9.989412e-01 4.600569e-02 2.587590e-32 -4.600569e-02 9.989412e-01 -1.231268e-33 -2.590514e-32 3.952556e-35 1.000000e+00 -4.221506e-31 1.314515e-29 9.427917e-01
       1 9.215837e-04 -2.439069e-02 -4.389148e-17 2.191622e-18 1.086501e-19 -1.376569e-20 9.215837e-04 -2.439069e-02 -4.389148e-17 2.191622e-18 1.086501e-19 -1.376569e-20
       2 -1.822336e-03 2.433997e-02 4.389148e-17 -2.186055e-18 -1.901590e-19 0.000000e+00 -9.215837e-04 2.439069e-02 4.389148e-17 -2.191589e-18 -1.092412e-19 4.865570e-50 9.993169e-01 3.695599e-02 2.219667e-32 -3.695599e-02 9.993169e-01 8.889089e-35 -2.217822e-32 -9.091302e-34 1.000000e+00 -2.722986e-32 -4.312382e-30 8.756990e-01
       1 1.072437e-03 -2.435670e-02 5.677176e-17 -2.834179e-18 -1.657134e-19 -1.374229e-20 1.072437e-03 -2.435670e-02 5.677176e-17 -2.834179e-18 -1.657134e-19 -1.374229e-20
       2 -1.769459e-03 2.431600e-02 -5.677176e-17 2.828206e-18 2.475193e-19 0.000000e+00 -1.072437e-03 2.435670e-02 -5.677176e-17 2.834134e-18 1.664312e-19 3.431681e-50 9.995899e-01 2.863532e-02 -1.202045e-32 -2.863532e-02 9.995899e-01 -1.497499e-33 1.197264e-32 1.841094e-33 1.000000e+00 3.487871e-31 -4.939266e-30 7.958893e-01
       1 1.207173e-03 -2.432175e-02 -3.974860e-17 1.983271e-18 1.277483e-19 -1.371879e-20 1.207173e-03 -2.432175e-02 -3.974860e-17 1.983271e-18 1.277483e-19 -1.371879e-20
       2 -1.721690e-03 2.429075e-02 3.974860e-17 -1.980003e-18 -1.710559e-19 0.000000e+00 -1.207173e-03 2.432175e-02 3.974860e-17 -1.983180e-18 -1.291095e-19 4.664275e-50 9.997760e-01 2.116570e-02 2.338967e-32 -2.116570e-02 9.997760e-01 1.989252e-33 -2.334233e-32 -2.483865e-33 1.000000e+00 -7.119378e-31 7.006117e-30 7.045271e-01
       1 1.323995e-03 -2.428786e-02 3.045003e-17 -1.519223e-18 -1.071975e-19 -1.369639e-20 1.323995e-03 -2.428786e-02 3.045003e-17 -1.519223e-18 -1.071975e-19 -1.369639e-20
       2 -1.679827e-03 2.426585e-02 -3.045003e-17 1.517306e-18 1.315330e-19 0.000000e+00 -1.323995e-03 2.428786e-02 -3.045003e-17 1.519071e-18 1.092806e-19 5.883862e-50 9.998926e-01 1.465644e-02 -3.852061e-32 -1.465644e-02 9.998926e-01 -2.956454e-33 3.847315e-32 3.520711e-33 1.000000e+00 1.107433e-30 -1.103933e-29 6.029437e-01
       1 1.421412e-03 -2.425700e-02 -3.577857e-18 1.789147e-19 9.499611e-21 -1.367623e-20 1.421412e-03 -2.425700e-02 -3.577857e-18 1.789147e-19 9.499611e-21 -1.367623e-20
       2 -1.644580e-03 2.424289e-02 3.577857e-18 -1.786658e-19 -1.290505e-20 0.000000e+00 -1.421412e-03 2.425700e-02 3.577857e-18 -1.787770e-19 -1.126031e-20 3.602999e-51 9.999577e-01 9.202593e-03 2.023998e-32 -9.202593e-03 9.999577e-01 -1.371486e-33 -2.025174e-32 1.185168e-33 1.000000e+00 -6.407375e-31 1.190065e-29 4.926174e-01
       1 1.498236e-03 -2.423093e-02 -5.532855e-18 2.752871e-19 2.426244e-20 -1.365936e-20 1.498236e-03 -2.423093e-02 -5.532855e-18 2.752871e-19 2.426244e-20 -1.365936e-20
       2 -1.616552e-03 2.422333e-02 5.532855e-18 -2.752661e-19 -2.444463e-20 0.000000e+00 -1.498236e-03 2.423093e-02 5.532855e-18 -2.753822e-19 -2.310005e-20 4.649850e-51 9.999881e-01 4.883595e-03 1.679827e-32 -4.883595e-03 9.999881e-01 1.034848e-33 -1.679302e-32 -1.116872e-33 1.000000e+00 -2.164220e-31 -3.451592e-30 3.751525e-01
       1 1.553566e-03 -2.421116e-02 -1.371707e-17 6.834577e-19 5.743905e-20 -1.364665e-20 1.553566e-03 -2.421116e-02 -1.371707e-17 6.834577e-19 5.743905e-20 -1.364665e-20
       2 -1.596229e-03 2.420839e-02 1.371707e-17 -6.833444e-19 -5.878196e-20 0.000000e+00 -1.553566e-03 2.421116e-02 1.371707e-17 -6.834469e-19 -5.757768e-20 5.462083e-51 9.999984e-01 1.762204e-03 7.994498e-33 -1.762204e-03 9.999984e-01 -3.008730e-35 -7.994539e-33 1.599932e-35 1.000000e+00 2.511648e-31 -1.149307e-30 2.522554e-01
       1 1.586778e-03 -2.419882e-02 7.904303e-18 -3.934781e-19 -3.595849e-20 -1.363875e-20 1.586778e-03 -2.419882e-02 7.904303e-18 -3.934781e-19 -3.595849e-20 -1.363875e-20
       2 -1.583962e-03 2.419901e-02 -7.904303e-18 3.934987e-19 3.573291e-20 0.000000e+00 -1.586778e-03 2.419882e-02 -7.904303e-18 3.934945e-19 3.577869e-20 -7.582867e-51 1.000000e+00 -1.163351e-04 1.935334e-32 1.163351e-04 1.000000e+00 -9.102040e-34 -1.935323e-32 9.124554e-34 1.000000e+00 8.492254e-32 2.143720e-30 1.257103e-01
       1 1.597506e-03 -2.419462e-02 -5.350936e-18 2.667810e-19 2.206813e-20 -1.363607e-20 1.597506e-03 -2.419462e-02 -5.350936e-18 2.667810e-19 2.206813e-20 -1.363607e-20
       2 -1.579968e-03 2.419577e-02 5.350936e-18 -2.667868e-19 -2.199136e-20 0.000000e+00 -1.597506e-03 2.419462e-02 5.350936e-18 -2.667708e-19 -2.218474e-20 -1.809146e-51 9.999997e-01 -7.248707e-04 -6.743580e-33 7.248707e-04 9.999997e-01 -4.578013e-34 6.743910e-33 4.529130e-34 1.000000e+00 -1.146533e-31 -4.482455e-30 -2.646658e-03
       1 1.585638e-03 -2.419879e-02 -1.943099e-17 9.680350e-19 8.377689e-20 -1.363876e-20 1.585638e-03 -2.419879e-02 -1.943099e-17 9.680350e-19 8.377689e-20 -1.363876e-20
       2 -1.584315e-03 2.419887e-02 1.943099e-17 -9.680517e-19 -8.358609e-20 0.000000e+00 -1.585638e-03 2.419879e-02 1.943099e-17 -9.680471e-19 -8.363904e-20 -3.335542e-50 1.000000e+00 -5.469465e-05 -3.438824e-32 5.469465e-05 1.000000e+00 -7.889363e-34 3.438829e-32 7.870554e-34 1.000000e+00 7.422431e-32 -2.841883e-30 -1.309532e-01
       1 1.551310e-03 -2.421109e-02 1.153761e-17 -5.744060e-19 -5.074141e-20 -1.364667e-20 1.551310e-03 -2.421109e-02 1.153761e-17 -5.744060e-19 -5.074141e-20 -1.364667e-20
       2 -1.596929e-03 2.420812e-02 -1.153761e-17 5.743099e-19 5.181752e-20 0.000000e+00 -1.551310e-03 2.421109e-02 -1.153761e-17 5.744066e-19 5.073523e-20 -1.551758e-50 9.999982e-01 1.884350e-03 2.687692e-32 -1.884350e-03 9.999982e-01 1.562926e-33 -2.687393e-32 -1.613568e-33 1.000000e+00 -3.988859e-31 1.057161e-29 -2.573479e-01
       1 1.494906e-03 -2.423082e-02 2.743596e-17 -1.366817e-18 -1.140047e-19 -1.365939e-20 1.494906e-03 -2.423082e-02 2.743596e-17 -1.366817e-18 -1.140047e-19 -1.365939e-20
       2 -1.617592e-03 2.422294e-02 -2.743596e-17 1.366209e-18 1.210779e-19 0.000000e+00 -1.494906e-03 2.423082e-02 -2.743596e-17 1.366804e-18 1.141579e-19 4.644552e-50 9.999872e-01 5.063993e-03 -3.384583e-32 -5.063993e-03 9.999872e-01 -1.619652e-33 3.383719e-32 1.791026e-33 1.000000e+00 6.489308e-31 -1.216879e-29 -3.799966e-01
       1 1.417074e-03 -2.425684e-02 -4.572460e-17 2.279709e-18 1.757436e-19 -1.367626e-20 1.417074e-03 -2.425684e-02 -4.572460e-17 2.279709e-18 1.757436e-19 -1.367626e-20
       2 -1.645944e-03 2.424239e-02 4.572460e-17 -2.277911e-18 -1.976753e-19 0.000000e+00 -1.417074e-03 2.425684e-02 4.572460e-17 -2.279676e-18 -1.761678e-19 3.392449e-50 9.999555e-01 9.437899e-03 1.467421e-32 -9.437899e-03 9.999555e-01 2.679500e-33 -1.464827e-32 -2.817874e-33 1.000000e+00 -8.483705e-31 1.030811e-29 -4.971190e-01
       1 1.318731e-03 -2.428766e-02 1.355825e-17 -6.757647e-19 -5.097644e-20 -1.369642e-20 1.318731e-03 -2.428766e-02 1.355825e-17 -6.757647e-19 -5.097644e-20 -1.369642e-20
       2 -1.681496e-03 2.426524e-02 -1.355825e-17 6.749559e-19 6.074334e-20 0.000000e+00 -1.318731e-03 2.428766e-02 -1.355825e-17 6.757882e-19 5.065119e-20 2.198283e-50 9.998884e-01 1.494227e-02 -3.243986e-32 -1.494227e-02 9.998884e-01 -1.191572e-33 3.241843e-32 1.676164e-33 1.000000e+00 8.570205e-31 -9.485317e-30 -6.070136e-01
       1 1.201086e-03 -2.432150e-02 2.514812e-17 -1.254995e-18 -8.129759e-20 -1.371881e-20 1.201086e-03 -2.432150e-02 2.514812e-17 -1.254995e-18 -8.129759e-20 -1.371881e-20
       2 -1.723640e-03 2.429006e-02 -2.514812e-17 1.252830e-18 1.097156e-19 0.000000e+00 -1.201086e-03 2.432150e-02 -2.514812e-17 1.254899e-18 8.275851e-20 -2.086642e-49 9.997689e-01 2.149669e-02 1.662788e-31 -2.149669e-02 9.997689e-01 1.271047e-35 -1.662401e-31 -3.587152e-33 1.000000e+00 -9.840720e-31 3.215572e-29 -7.080833e-01
       1 1.065644e-03 -2.435640e-02 1.065590e-17 -5.315895e-19 -3.340634e-20 -1.374231e-20 1.065644e-03 -2.435640e-02 1.065590e-17 -5.315895e-19 -3.340634e-20 -1.374231e-20
       2 -1.771658e-03 2.431524e-02 -1.065590e-17 5.304495e-19 4.820796e-20 0.000000e+00 -1.065644e-03 2.435640e-02 -1.065590e-17 5.316246e-19 3.280187e-20 -2.209959e-50 9.995793e-01 2.900522e-02 4.175900e-32 -2.900522e-02 9.995793e-01 -3.064683e-33 -4.183032e-32 1.852165e-33 1.000000e+00 1.235380e-30 -2.859520e-29 -7.988580e-01
       1 9.142155e-04 -2.439034e-02 -1.504242e-17 7.514626e-19 3.488708e-20 -1.376570e-20 9.142155e-04 -2.439034e-02 -1.504242e-17 7.514626e-19 3.488708e-20 -1.376570e-20
       2 -1.824746e-03 2.433916e-02 1.504242e-17 -7.495515e-19 -6.390003e-20 0.000000e+00 -9.142155e-04 2.439034e-02 1.504242e-17 -7.514155e-19 -3.585386e-20 7.651231e-53 9.993020e-01 3.735776e-02 8.137031e-35 -3.735776e-02 9.993020e-01 4.286680e-34 -6.529943e-35 -4.314086e-34 1.000000e+00 -4.074512e-31 -3.940483e-32 -8.780163e-01
       1 7.489096e-04 -2.442135e-02 -1.862480e-17 9.304746e-19 3.681800e-20 -1.378783e-20 7.489096e-04 -2.442135e-02 -1.862480e-17 9.304746e-19 3.681800e-20 -1.378783e-20
       2 -1.882024e-03 2.436024e-02 1.862480e-17 -9.277336e-19 -8.029333e-20 0.000000e+00 -7.489096e-04 2.442135e-02 1.862480e-17 -9.304611e-19 -3.713058e-20 -2.525951e-51 9.989215e-01 4.643160e-02 -2.761702e-33 -4.643160e-02 9.989215e-01 1.177075e-33 2.813377e-33 -1.047575e-33 1.000000e+00 -2.964245e-31 1.639400e-30 -9.444054e-01
       1 5.721144e-04 -2.444763e-02 3.410976e-17 -1.705162e-18 -5.093974e-20 -1.380759e-20 5.721144e-04 -2.444763e-02 3.410976e-17 -1.705162e-18 -5.093974e-20 -1.380759e-20
       2 -1.942562e-03 2.437705e-02 -3.410976e-17 1.699496e-18 1.479416e-19 0.000000e+00 -5.721144e-04 2.444763e-02 -3.410976e-17 1.705118e-18 5.237841e-20 -7.868333e-50 9.984255e-01 5.609329e-02 4.613041e-32 -5.609329e-02 9.984255e-01 4.874708e-34 -4.603043e-32 -3.074310e-33 1.000000e+00 -2.247220e-31 7.484026e-30 -9.970582e-01
       1 3.864660e-04 -2.446764e-02 -4.627612e-17 2.313143e-18 4.780176e-20 -1.382406e-20 3.864660e-04 -2.446764e-02 -4.627612e-17 2.313143e-18 4.780176e-20 -1.382406e-20
       2 -2.005392e-03 2.438838e-02 4.627612e-17 -2.304888e-18 -2.010165e-19 0.000000e+00 -3.864660e-04 2.446764e-02 4.627612e-17 -2.313139e-18 -4.799049e-20 -5.997320e-51 9.978063e-01 6.620063e-02 -2.605191e-33 -6.620063e-02 9.978063e-01 6.011470e-34 2.639272e-33 -4.273630e-34 1.000000e+00 6.129107e-31 -9.734159e-30 -1.035207e+00
       1 1.948009e-04 -2.448022e-02 4.251507e-17 -2.125797e-18 -2.509539e-20 -1.383649e-20 1.948009e-04 -2.448022e-02 4.251507e-17 -2.125797e-18 -2.509539e-20 -1.383649e-20
       2 -2.069532e-03 2.439336e-02 -4.251507e-17 2.117719e-18 1.868030e-19 0.000000e+00 -1.948009e-04 2.448022e-02 -4.251507e-17 2.125806e-18 2.402656e-20 -2.072045e-50 9.970615e-01 7.660486e-02 9.762242e-33 -7.660486e-02 9.970615e-01 -1.339509e-33 -9.836169e-33 5.877377e-34 1.000000e+00 4.591797e-32 4.303121e-30 -1.058297e+00
       1 9.733877e-08 -2.448463e-02 -4.275147e-18 2.132053e-19 4.819849e-21 -1.384439e-20 9.733877e-08 -2.448463e-02 -4.275147e-18 2.132053e-19 4.819849e-21 -1.384439e-20
       2 -2.134006e-03 2.439145e-02 4.275147e-18 -2.121915e-19 -2.086736e-20 0.000000e+00 -9.733877e-08 2.448463e-02 4.275147e-18 -2.132027e-19 -2.294838e-21 1.274627e-50 9.961949e-01 8.715300e-02 5.988119e-32 -8.715300e-02 9.961949e-01 -8.960242e-33 -6.043425e-32 3.707323e-33 1.000000e+00 3.313007e-31 6.956076e-30 -1.065993e+00
       1 -1.945932e-04 -2.448061e-02 7.790116e-19 -3.909242e-20 -4.988633e-21 -1.384752e-20 -1.945932e-04 -2.448061e-02 7.790116e-19 -3.909242e-20 -4.988633e-21 -1.384752e-20
       2 -2.197855e-03 2.438252e-02 -7.790116e-19 3.864941e-20 6.128816e-21 0.000000e+00 1.945932e-04 2.448061e-02 -7.790116e-19 3.906327e-20 2.323830e-21 -2.546986e-51 9.952169e-01 9.769028e-02 6.598896e-32 -9.769028e-02 9.952169e-01 -1.323600e-32 -6.696635e-32 6.726207e-33 1.000000e+00 4.549255e-31 -1.551187e-30 -1.058184e+00
       1 -3.862190e-04 -2.446840e-02 1.001375e-18 -5.025258e-20 2.689555e-21 -1.384593e-20 -3.862190e-04 -2.446840e-02 1.001375e-18 -5.025258e-20 2.689555e-21 -1.384593e-20
       2 -2.260159e-03 2.436685e-02 -1.001375e-18 5.017966e-20 3.523944e-21 0.000000e+00 3.862190e-04 2.446840e-02 -1.001375e-18 5.026662e-20 -1.919231e-21 -6.820057e-52 9.941441e-01 1.080625e-01 1.351590e-32 -1.080625e-01 9.941441e-01 -1.358505e-33 -1.358355e-32 -1.100119e-34 1.000000e+00 -1.050410e-30 -8.345478e-30 -1.034986e+00
       1 -5.718013e-04 -2.444872e-02 -2.038397e-17 1.018520e-18 -3.222610e-20 -1.383996e-20 -5.718013e-04 -2.444872e-02 -2.038397e-17 1.018520e-18 -3.222610e-20 -1.383996e-20
       2 -2.320046e-03 2.434511e-02 2.038397e-17 -1.015163e-18 -8.865096e-20 0.000000e+00 5.718013e-04 2.444872e-02 2.038397e-17 -1.018528e-18 3.187915e-20 1.572742e-51 9.929995e-01 1.181185e-01 1.520245e-33 -1.181185e-01 9.929995e-01 -7.631973e-34 -1.599751e-33 5.782855e-34 1.000000e+00 3.875768e-31 8.714017e-31 -9.967413e-01
       1 -7.485029e-04 -2.442272e-02 3.385255e-18 -1.693226e-19 7.393649e-21 -1.383016e-20 -7.485029e-04 -2.442272e-02 3.385255e-18 -1.693226e-19 7.393649e-21 -1.383016e-20
       2 -2.376707e-03 2.431832e-02 -3.385255e-18 1.688729e-19 1.435967e-20 0.000000e+00 7.485029e-04 2.442272e-02 -3.385255e-18 1.693240e-19 -7.325058e-21 2.240905e-52 9.918113e-01 1.277123e-01 -1.316939e-33 -1.277123e-01 9.918113e-01 1.503172e-34 1.325353e-33 1.910301e-35 1.000000e+00 -1.888184e-31 1.684838e-31 -9.440096e-01
       1 -9.136875e-04 -2.439191e-02 2.203227e-17 -1.100237e-18 5.822572e-20 -1.381733e-20 -9.136875e-04 -2.439191e-02 2.203227e-17 -1.100237e-18 5.822572e-20 -1.381733e-20
       2 -2.429399e-03 2.428782e-02 -2.203227e-17 1.097750e-18 9.409390e-20 0.000000e+00 9.136875e-04 2.439191e-02 -2.203227e-17 1.100307e-18 -5.685789e-20 6.932338e-50 9.906117e-01 1.367055e-01 -6.274514e-32 -1.367055e-01 9.906117e-01 5.003207e-33 6.284004e-32 3.621369e-33 1.000000e+00 5.940772e-31 -9.083657e-30 -8.775628e-01
       1 -1.064967e-03 -2.435810e-02 -4.899077e-17 2.445014e-18 -1.446840e-19 -1.380241e-20 -1.064967e-03 -2.435810e-02 -4.899077e-17 2.445014e-18 -1.446840e-19 -1.380241e-20
       2 -2.477456e-03 2.425517e-02 4.899077e-17 -2.440042e-18 -2.126484e-19 0.000000e+00 1.064967e-03 2.435810e-02 4.899077e-17 -2.445094e-18 1.433288e-19 -1.729101e-49 9.894362e-01 1.449691e-01 -6.972950e-32 -1.449691e-01 9.894362e-01 1.684859e-32 7.143542e-32 -6.561982e-33 1.000000e+00 -1.787751e-30 1.781713e-30 -7.983716e-01
       1 -1.200234e-03 -2.432325e-02 2.499049e-17 -1.247030e-18 8.194428e-20 -1.378646e-20 -1.200234e-03 -2.432325e-02 2.499049e-17 -1.247030e-18 8.194428e-20 -1.378646e-20
       2 -2.520290e-03 2.422208e-02 -2.499049e-17 1.244995e-18 1.085464e-19 0.000000e+00 1.200234e-03 2.432325e-02 -2.499049e-17 1.246996e-18 -8.244033e-20 -3.750823e-50 9.883212e-01 1.523854e-01 2.977812e-32 -1.523854e-01 9.883212e-01 -4.549115e-33 -3.012356e-32 -4.176215e-35 1.000000e+00 1.380411e-30 1.566953e-29 -7.075916e-01
       1 -1.317681e-03 -2.428937e-02 1.955014e-17 -9.742338e-19 7.645196e-20 -1.377056e-20 -1.317681e-03 -2.428937e-02 1.955014e-17 -9.742338e-19 7.645196e-20 -1.377056e-20
       2 -2.557396e-03 2.419028e-02 -1.955014e-17 9.738051e-19 8.163052e-20 0.000000e+00 1.317681e-03 2.428937e-02 -1.955014e-17 9.744075e-19 -7.409409e-20 -1.469249e-49 9.873029e-01 1.588492e-01 1.495897e-31 -1.588492e-01 9.873029e-01 -1.570448e-32 -1.501849e-31 -8.257114e-33 1.000000e+00 -1.471206e-30 1.293913e-29 -6.065455e-01
       1 -1.415807e-03 -2.425843e-02 -9.256732e-18 4.610751e-19 -3.783693e-20 -1.375579e-20 -1.415807e-03 -2.425843e-02 -9.256732e-18 4.610751e-19 -3.783693e-20 -1.375579e-20
       2 -2.588348e-03 2.416146e-02 9.256732e-18 -4.609018e-19 -3.985885e-20 0.000000e+00 1.415807e-03 2.425843e-02 9.256732e-18 -4.611883e-19 3.639476e-20 5.841983e-51 9.864155e-01 1.642696e-01 1.246900e-32 -1.642696e-01 9.864155e-01 -2.512046e-33 -1.271227e-32 4.296434e-34 1.000000e+00 1.900668e-30 -2.662324e-29 -4.967042e-01
       1 -1.493411e-03 -2.423220e-02 7.551812e-18 -3.762546e-19 3.123583e-20 -1.374311e-20 -1.493411e-03 -2.423220e-02 7.551812e-18 -3.762546e-19 3.123583e-20 -1.374311e-20
       2 -2.612800e-03 2.413717e-02 -7.551812e-18 3.761632e-19 3.230202e-20 0.000000e+00 1.493411e-03 2.423220e-02 -7.551812e-18 3.762253e-19 -3.157033e-20 9.692986e-51 9.856896e-01 1.685707e-01 -2.534277e-32 -1.685707e-01 9.856896e-01 5.017250e-33 2.582586e-32 -6.734030e-34 1.000000e+00 -6.166286e-31 1.094317e-30 -3.796648e-01
       1 -1.549582e-03 -2.421220e-02 -2.014177e-18 1.007306e-19 -6.887140e-21 -1.373336e-20 -1.549582e-03 -2.421220e-02 -2.014177e-18 1.007306e-19 -6.887140e-21 -1.373336e-20
       2 -2.630486e-03 2.411871e-02 2.014177e-18 -1.004504e-19 -1.011784e-20 0.000000e+00 1.549582e-03 2.421220e-02 2.014177e-18 -1.006959e-19 7.279001e-21 1.329763e-51 9.851506e-01 1.716927e-01 1.317161e-32 -1.716927e-01 9.851506e-01 -4.720047e-34 -1.305706e-32 -1.796473e-33 1.000000e+00 -1.965503e-31 7.754462e-30 -2.571276e-01
       1 -1.583683e-03 -2.419956e-02 -1.064439e-17 5.303646e-19 -4.592534e-20 -1.372716e-20 -1.583683e-03 -2.419956e-02 -1.064439e-17 5.303646e-19 -4.592534e-20 -1.372716e-20
       2 -2.641218e-03 2.410707e-02 1.064439e-17 -5.302653e-19 -4.706198e-20 0.000000e+00 1.583683e-03 2.419956e-02 1.064439e-17 -5.303842e-19 4.570249e-20 6.835674e-52 9.848176e-01 1.735923e-01 1.289443e-33 -1.735923e-01 9.848176e-01 7.277485e-36 -1.268603e-33 -2.310043e-34 1.000000e+00 3.078564e-31 -3.710563e-30 -1.308716e-01
       1 -1.595341e-03 -2.419502e-02 1.778911e-17 -8.856217e-19 7.939518e-20 -1.372492e-20 -1.595341e-03 -2.419502e-02 1.778911e-17 -8.856217e-19 7.939518e-20 -1.372492e-20
       2 -2.644883e-03 2.410288e-02 -1.778911e-17 8.858950e-19 7.628228e-20 0.000000e+00 1.595341e-03 2.419502e-02 -1.778911e-17 8.856348e-19 -7.924585e-20 -2.714608e-50 9.847026e-01 1.742432e-01 3.015121e-32 -1.742432e-01 9.847026e-01 -5.591642e-33 -3.066428e-32 2.524605e-34 1.000000e+00 -6.568009e-33 4.998676e-30 -2.728849e-03
       1 -1.584432e-03 -2.419883e-02 -4.006921e-17 1.996127e-18 -1.737731e-19 -1.372677e-20 -1.584432e-03 -2.419883e-02 -4.006921e-17 1.996127e-18 -1.737731e-19 -1.372677e-20
