       1 4.966927e-01 -2.159090e-01 4.728093e-01 1.000000e+00 -2.121766e-18 5.421011e-20 2.121766e-18 1.000000e+00 -3.851285e-34 -5.421011e-20 3.852435e-34 1.000000e+00 0.000000e+00 0.000000e+00 0.000000e+00 0.000000e+00 0.000000e+00 0.000000e+00
       2 4.776340e-01 -2.159090e-01 4.627800e-01 1.000000e+00 0.000000e+00 0.000000e+00 0.000000e+00 1.000000e+00 0.000000e+00 0.000000e+00 0.000000e+00 1.000000e+00 0.000000e+00 0.000000e+00 0.000000e+00 0.000000e+00 0.000000e+00 0.000000e+00
       1 4.966927e-01 -2.159120e-01 4.728093e-01 1.000000e+00 1.578523e-04 5.420093e-20 -1.578523e-04 1.000000e+00 -1.314819e-23 -5.420093e-20 4.592448e-24 1.000000e+00 -4.749574e-07 -6.016920e-03 5.551188e-14 9.183447e-21 -1.836689e-20 -3.157046e-01
       2 4.776340e-01 -2.159090e-01 4.627800e-01 1.000000e+00 0.000000e+00 0.000000e+00 0.000000e+00 1.000000e+00 0.000000e+00 0.000000e+00 0.000000e+00 1.000000e+00 0.000000e+00 0.000000e+00 0.000000e+00 0.000000e+00 0.000000e+00 0.000000e+00
       1 4.966927e-01 -2.159210e-01 4.728093e-01 9.999998e-01 6.314114e-04 5.421010e-20 -6.314114e-04 9.999998e-01 -3.422905e-23 -5.421011e-20 1.719179e-28 1.000000e+00 -5.223789e-06 -1.203390e-02 1.526726e-13 -9.188990e-21 1.836400e-20 -6.314125e-01
       2 4.776340e-01 -2.159090e-01 4.627800e-01 1.000000e+00 0.000000e+00 0.000000e+00 0.000000e+00 1.000000e+00 0.000000e+00 0.000000e+00 0.000000e+00 1.000000e+00 8.326673e-14 -4.163336e-14 0.000000e+00 0.000000e+00 0.000000e+00 0.000000e+00
       1 4.966927e-01 -2.159361e-01 4.728093e-01 9.999990e-01 1.420678e-03 5.421006e-20 -1.420678e-03 9.999990e-01 -7.701474e-23 -5.421011e-20 -3.752107e-28 1.000000e+00 -2.137043e-05 -1.805089e-02 1.250243e-13 2.275723e-21 -4.601277e-21 -9.471211e-01
       2 4.776340e-01 -2.159090e-01 4.627800e-01 1.000000e+00 0.000000e+00 0.000000e+00 0.000000e+00 1.000000e+00 0.000000e+00 0.000000e+00 0.000000e+00 1.000000e+00 8.326673e-14 -4.163336e-14 0.000000e+00 0.000000e+00 0.000000e+00 0.000000e+00
       1 4.966926e-01 -2.159571e-01 4.728093e-01 9.999968e-01 2.525651e-03 5.424663e-20 -2.525651e-03 9.999968e-01 -1.398993e-22 -5.424681e-20 2.890827e-24 1.000000e+00 -5.461339e-05 -2.406783e-02 1.190397e-13 4.452948e-21 5.505858e-20 -1.262829e+00
       2 4.776340e-01 -2.159090e-01 4.627800e-01 1.000000e+00 0.000000e+00 0.000000e+00 0.000000e+00 1.000000e+00 0.000000e+00 0.000000e+00 0.000000e+00 1.000000e+00 8.326673e-14 -4.163336e-14 0.000000e+00 0.000000e+00 0.000000e+00 0.000000e+00
       1 4.966926e-01 -2.159842e-01 4.728093e-01 9.999922e-01 3.946326e-03 5.424334e-20 -3.946326e-03 9.999922e-01 -2.132670e-22 -5.424376e-20 -7.965680e-25 1.000000e+00 -1.106514e-04 -3.008466e-02 9.945447e-14 -7.041588e-21 -2.292281e-20 -1.578536e+00
       2 4.776340e-01 -2.159090e-01 4.627800e-01 1.000000e+00 0.000000e+00 0.000000e+00 0.000000e+00 1.000000e+00 0.000000e+00 0.000000e+00 0.000000e+00 1.000000e+00 8.326673e-14 -4.163336e-14 0.000000e+00 0.000000e+00 0.000000e+00 0.000000e+00
       1 4.966924e-01 -2.160173e-01 4.728093e-01 9.999839e-01 5.682694e-03 5.432748e-20 -5.682694e-03 9.999839e-01 -3.010535e-22 -5.432831e-20 -7.677814e-24 1.000000e+00 -1.951827e-04 -3.610125e-02 7.938312e-14 -7.831136e-21 1.283894e-19 -1.894240e+00
       2 4.776340e-01 -2.159090e-01 4.627800e-01 1.000000e+00 0.000000e+00 0.000000e+00 0.000000e+00 1.000000e+00 0.000000e+00 0.000000e+00 0.000000e+00 1.000000e+00 8.326673e-14 -4.163336e-14 0.000000e+00 0.000000e+00 0.000000e+00 0.000000e+00
       1 4.966921e-01 -2.160564e-01 4.728093e-01 9.999701e-01 7.734737e-03 5.428661e-20 -7.734737e-03 9.999701e-01 -4.210934e-22 -5.428824e-20 1.188124e-24 1.000000e+00 -3.139045e-04 -4.211745e-02 7.068651e-14 1.607166e-20 -1.024611e-19 -2.209939e+00
       2 4.776340e-01 -2.159090e-01 4.627800e-01 1.000000e+00 0.000000e+00 0.000000e+00 0.000000e+00 1.000000e+00 0.000000e+00 0.000000e+00 0.000000e+00 1.000000e+00 8.326673e-14 -4.163336e-14 0.000000e+00 0.000000e+00 0.000000e+00 0.000000e+00
       1 4.966917e-01 -2.161015e-01 4.728093e-01 9.999490e-01 1.010243e-02 5.388692e-20 -1.010243e-02 9.999490e-01 -5.441227e-22 -5.388966e-20 -2.937037e-25 1.000000e+00 -4.725130e-04 -4.813303e-02 6.729040e-14 -1.129178e-20 -5.777564e-19 -2.525632e+00
       2 4.776340e-01 -2.159090e-01 4.627800e-01 1.000000e+00 0.000000e+00 0.000000e+00 0.000000e+00 1.000000e+00 0.000000e+00 0.000000e+00 0.000000e+00 1.000000e+00 8.326673e-14 -4.163336e-14 0.000000e+00 0.000000e+00 0.000000e+00 0.000000e+00
       1 4.966911e-01 -2.161527e-01 4.728093e-01 9.999183e-01 1.278573e-02 5.410553e-20 -1.278573e-02 9.999183e-01 -6.967690e-22 -5.411002e-20 4.933590e-24 1.000000e+00 -6.767019e-04 -5.414768e-02 7.990516e-14 1.370403e-20 5.296513e-19 -2.841315e+00
       2 4.776340e-01 -2.159090e-01 4.627800e-01 1.000000e+00 0.000000e+00 0.000000e+00 0.000000e+00 1.000000e+00 0.000000e+00 0.000000e+00 0.000000e+00 1.000000e+00 8.326673e-14 -4.163336e-14 0.000000e+00 0.000000e+00 0.000000e+00 0.000000e+00
       1 4.966903e-01 -2.162098e-01 4.728093e-01 9.998754e-01 1.578457e-02 5.429304e-20 -1.578457e-02 9.998754e-01 -8.671168e-22 -5.429996e-20 1.001660e-23 1.000000e+00 -9.321621e-04 -6.016101e-02 8.057598e-14 6.235565e-21 1.747033e-19 -3.156984e+00
       2 4.776340e-01 -2.159090e-01 4.627800e-01 1.000000e+00 0.000000e+00 0.000000e+00 0.000000e+00 1.000000e+00 0.000000e+00 0.000000e+00 0.000000e+00 1.000000e+00 8.326673e-14 -4.163336e-14 0.000000e+00 0.000000e+00 0.000000e+00 0.000000e+00
       1 4.966892e-01 -2.162730e-01 4.728093e-01 9.998176e-01 1.909887e-02 5.396419e-20 -1.909887e-02 9.998176e-01 -1.008834e-21 -5.397362e-20 -2.200523e-23 1.000000e+00 -1.244580e-03 -6.617252e-02 6.574961e-14 -5.814178e-20 -5.836093e-19 -3.472636e+00
       2 4.776340e-01 -2.159090e-01 4.627800e-01 1.000000e+00 0.000000e+00 0.000000e+00 0.000000e+00 1.000000e+00 0.000000e+00 0.000000e+00 0.000000e+00 1.000000e+00 8.326673e-14 -4.163336e-14 0.000000e+00 0.000000e+00 0.000000e+00 0.000000e+00
       1 4.966878e-01 -2.163422e-01 4.728093e-01 9.997417e-01 2.272853e-02 5.392702e-20 -2.272853e-02 9.997417e-01 -1.207159e-21 -5.394053e-20 -1.883526e-23 1.000000e+00 -1.619635e-03 -7.218163e-02 1.170262e-13 2.283856e-20 1.131111e-19 -3.788266e+00
       2 4.776340e-01 -2.159090e-01 4.627800e-01 1.000000e+00 0.000000e+00 0.000000e+00 0.000000e+00 1.000000e+00 0.000000e+00 0.000000e+00 0.000000e+00 1.000000e+00 8.326673e-14 -4.163336e-14 0.000000e+00 0.000000e+00 0.000000e+00 0.000000e+00
       1 4.966859e-01 -2.164174e-01 4.728093e-01 9.996442e-01 2.667339e-02 5.440173e-20 -2.667339e-02 9.996442e-01 -1.470406e-21 -5.442159e-20 1.880389e-23 1.000000e+00 -2.063000e-03 -7.818762e-02 1.200401e-13 7.027986e-20 7.368219e-19 -4.103865e+00
       2 4.776340e-01 -2.159090e-01 4.627800e-01 1.000000e+00 0.000000e+00 0.000000e+00 0.000000e+00 1.000000e+00 0.000000e+00 0.000000e+00 0.000000e+00 1.000000e+00 8.326673e-14 -4.163336e-14 0.000000e+00 0.000000e+00 0.000000e+00 0.000000e+00
       1 4.966836e-01 -2.164985e-01 4.728093e-01 9.995215e-01 3.093327e-02 5.384633e-20 -3.093327e-02 9.995215e-01 -1.625721e-21 -5.387085e-20 -4.070048e-23 1.000000e+00 -2.580337e-03 -8.418964e-02 6.746729e-14 -1.362252e-19 -1.063391e-18 -4.419427e+00
       2 4.776340e-01 -2.159090e-01 4.627800e-01 1.000000e+00 0.000000e+00 0.000000e+00 0.000000e+00 1.000000e+00 0.000000e+00 0.000000e+00 0.000000e+00 1.000000e+00 8.326673e-14 -4.163336e-14 0.000000e+00 0.000000e+00 0.000000e+00 0.000000e+00
       1 4.966807e-01 -2.165857e-01 4.728093e-01 9.993694e-01 3.550793e-02 5.384962e-20 -3.550793e-02 9.993694e-01 -1.919805e-21 -5.388384e-20 6.505372e-24 1.000000e+00 -3.177294e-03 -9.018672e-02 7.828799e-14 1.120467e-19 2.912482e-19 -4.734944e+00
       2 4.776340e-01 -2.159090e-01 4.627800e-01 1.000000e+00 0.000000e+00 0.000000e+00 0.000000e+00 1.000000e+00 0.000000e+00 0.000000e+00 0.000000e+00 1.000000e+00 8.326673e-14 -4.163336e-14 0.000000e+00 0.000000e+00 0.000000e+00 0.000000e+00
       1 4.966771e-01 -2.166789e-01 4.728093e-01 9.991837e-01 4.039708e-02 5.430967e-20 -4.039708e-02 9.991837e-01 -2.242323e-21 -5.435592e-20 4.654074e-23 1.000000e+00 -3.859502e-03 -9.617771e-02 6.852293e-14 5.717392e-20 7.003824e-19 -5.050404e+00
       2 4.776340e-01 -2.159090e-01 4.627800e-01 1.000000e+00 0.000000e+00 0.000000e+00 0.000000e+00 1.000000e+00 0.000000e+00 0.000000e+00 0.000000e+00 1.000000e+00 8.326673e-14 -4.163336e-14 0.000000e+00 0.000000e+00 0.000000e+00 0.000000e+00
       1 4.966729e-01 -2.167781e-01 4.728093e-01 9.989598e-01 4.560036e-02 5.383001e-20 -4.560036e-02 9.989598e-01 -2.467138e-21 -5.388652e-20 9.902940e-24 1.000000e+00 -4.632574e-03 -1.021613e-01 1.277728e-13 -1.111236e-19 -9.368471e-19 -5.365797e+00
       2 4.776340e-01 -2.159090e-01 4.627800e-01 1.000000e+00 0.000000e+00 0.000000e+00 0.000000e+00 1.000000e+00 0.000000e+00 0.000000e+00 0.000000e+00 1.000000e+00 8.326673e-14 -4.163336e-14 0.000000e+00 0.000000e+00 0.000000e+00 0.000000e+00
       1 4.966678e-01 -2.168832e-01 4.728093e-01 9.986927e-01 5.111735e-02 5.414813e-20 -5.111735e-02 9.986927e-01 -2.761295e-21 -5.421849e-20 -1.022434e-23 1.000000e+00 -5.502097e-03 -1.081361e-01 1.366129e-13 2.506625e-20 7.323081e-19 -5.681109e+00
       2 4.776340e-01 -2.159090e-01 4.627800e-01 1.000000e+00 0.000000e+00 0.000000e+00 0.000000e+00 1.000000e+00 0.000000e+00 0.000000e+00 0.000000e+00 1.000000e+00 8.326673e-14 -4.163336e-14 0.000000e+00 0.000000e+00 0.000000e+00 0.000000e+00
       1 4.966618e-01 -2.169943e-01 4.728093e-01 9.983772e-01 5.694754e-02 5.432508e-20 -5.694754e-02 9.983772e-01 -3.148845e-21 -5.441624e-20 5.005509e-23 1.000000e+00 -6.473628e-03 -1.141004e-01 8.724949e-14 1.022505e-19 1.258223e-19 -5.996325e+00
       2 4.776340e-01 -2.159090e-01 4.627800e-01 1.000000e+00 0.000000e+00 0.000000e+00 0.000000e+00 1.000000e+00 0.000000e+00 0.000000e+00 0.000000e+00 1.000000e+00 8.326673e-14 -4.163336e-14 0.000000e+00 0.000000e+00 0.000000e+00 0.000000e+00
       1 4.966547e-01 -2.171114e-01 4.728093e-01 9.980078e-01 6.309033e-02 5.377294e-20 -6.309033e-02 9.980078e-01 -3.382967e-21 -5.387925e-20 -1.632454e-23 1.000000e+00 -7.552690e-03 -1.200523e-01 6.960964e-14 -1.774487e-19 -8.955466e-19 -6.311430e+00
       2 4.776340e-01 -2.159090e-01 4.627800e-01 1.000000e+00 0.000000e+00 0.000000e+00 0.000000e+00 1.000000e+00 0.000000e+00 0.000000e+00 0.000000e+00 1.000000e+00 8.326673e-14 -4.163336e-14 0.000000e+00 0.000000e+00 0.000000e+00 0.000000e+00
       1 4.966466e-01 -2.172344e-01 4.728093e-01 9.975788e-01 6.954500e-02 5.386137e-20 -6.954500e-02 9.975788e-01 -3.788023e-21 -5.399440e-20 3.306248e-23 1.000000e+00 -8.744765e-03 -1.259899e-01 9.800725e-14 1.343497e-19 4.328882e-19 -6.626405e+00
       2 4.776340e-01 -2.159090e-01 4.627800e-01 1.000000e+00 0.000000e+00 0.000000e+00 0.000000e+00 1.000000e+00 0.000000e+00 0.000000e+00 0.000000e+00 1.000000e+00 8.326673e-14 -4.163336e-14 0.000000e+00 0.000000e+00 0.000000e+00 0.000000e+00
       1 4.966371e-01 -2.173634e-01 4.728093e-01 9.970841e-01 7.631076e-02 5.446090e-20 -7.631076e-02 9.970841e-01 -4.217819e-21 -5.462396e-20 4.956813e-23 1.000000e+00 -1.005529e-02 -1.319109e-01 7.045538e-14 5.845304e-20 8.855808e-19 -6.941231e+00
       2 4.776340e-01 -2.159090e-01 4.627800e-01 1.000000e+00 0.000000e+00 0.000000e+00 0.000000e+00 1.000000e+00 0.000000e+00 0.000000e+00 0.000000e+00 1.000000e+00 8.326673e-14 -4.163336e-14 0.000000e+00 0.000000e+00 0.000000e+00 0.000000e+00
       1 4.966263e-01 -2.174982e-01 4.728093e-01 9.965173e-01 8.338665e-02 5.383013e-20 -8.338665e-02 9.965173e-01 -4.496655e-21 -5.401762e-20 -7.720030e-24 1.000000e+00 -1.148964e-02 -1.378127e-01 7.529530e-14 -1.844945e-19 -1.214235e-18 -7.255885e+00
       2 4.776340e-01 -2.159090e-01 4.627800e-01 1.000000e+00 0.000000e+00 0.000000e+00 0.000000e+00 1.000000e+00 0.000000e+00 0.000000e+00 0.000000e+00 1.000000e+00 8.326673e-14 -4.163336e-14 0.000000e+00 0.000000e+00 0.000000e+00 0.000000e+00
       1 4.966140e-01 -2.176390e-01 4.728093e-01 9.958717e-01 9.077160e-02 5.369250e-20 -9.077160e-02 9.958717e-01 -4.642969e-21 -5.389229e-20 -2.499527e-22 1.000000e+00 -1.305313e-02 -1.436928e-01 1.427887e-13 -3.202033e-19 1.434026e-19 -7.570343e+00
       2 4.776340e-01 -2.159090e-01 4.627800e-01 1.000000e+00 0.000000e+00 0.000000e+00 0.000000e+00 1.000000e+00 0.000000e+00 0.000000e+00 0.000000e+00 1.000000e+00 8.326673e-14 -4.163336e-14 0.000000e+00 0.000000e+00 0.000000e+00 0.000000e+00
       1 4.966001e-01 -2.177856e-01 4.728093e-01 9.951406e-01 9.846440e-02 5.410738e-20 -9.846440e-02 9.951406e-01 -5.429035e-21 -5.437901e-20 7.500332e-23 1.000000e+00 -1.475101e-02 -1.495481e-01 1.240684e-13 6.699023e-19 7.345185e-19 -7.884579e+00
       2 4.776340e-01 -2.159090e-01 4.627800e-01 1.000000e+00 0.000000e+00 0.000000e+00 0.000000e+00 1.000000e+00 0.000000e+00 0.000000e+00 0.000000e+00 1.000000e+00 8.326673e-14 -4.163336e-14 0.000000e+00 0.000000e+00 0.000000e+00 0.000000e+00
       1 4.965844e-01 -2.179381e-01 4.728093e-01 9.943166e-01 1.064636e-01 5.381298e-20 -1.064636e-01 9.943166e-01 -5.634010e-21 -5.410696e-20 -1.271368e-22 1.000000e+00 -1.658844e-02 -1.553756e-01 1.452394e-13 -5.247744e-19 -6.001897e-19 -8.198565e+00
       2 4.776340e-01 -2.159090e-01 4.627800e-01 1.000000e+00 0.000000e+00 0.000000e+00 0.000000e+00 1.000000e+00 0.000000e+00 0.000000e+00 0.000000e+00 1.000000e+00 8.326673e-14 -4.163336e-14 0.000000e+00 0.000000e+00 0.000000e+00 0.000000e+00
       1 4.965668e-01 -2.180963e-01 4.728093e-01 9.933923e-01 1.147678e-01 5.412672e-20 -1.147678e-01 9.933923e-01 -6.017433e-21 -5.445967e-20 -2.343317e-22 1.000000e+00 -1.857049e-02 -1.611716e-01 1.377388e-13 1.775842e-20 6.627898e-19 -8.512270e+00
       2 4.776340e-01 -2.159090e-01 4.627800e-01 1.000000e+00 0.000000e+00 0.000000e+00 0.000000e+00 1.000000e+00 0.000000e+00 0.000000e+00 0.000000e+00 1.000000e+00 8.326673e-14 -4.163336e-14 0.000000e+00 0.000000e+00 0.000000e+00 0.000000e+00
       1 4.965471e-01 -2.182604e-01 4.728093e-01 9.923601e-01 1.233751e-01 5.362333e-20 -1.233751e-01 9.923601e-01 -6.702288e-21 -5.404055e-20 3.530081e-23 1.000000e+00 -2.070213e-02 -1.669326e-01 1.003229e-13 3.553146e-19 -8.481096e-19 -8.825662e+00
       2 4.776340e-01 -2.159090e-01 4.627800e-01 1.000000e+00 0.000000e+00 0.000000e+00 0.000000e+00 1.000000e+00 0.000000e+00 0.000000e+00 0.000000e+00 1.000000e+00 8.326673e-14 -4.163336e-14 0.000000e+00 0.000000e+00 0.000000e+00 0.000000e+00
       1 4.965252e-01 -2.184302e-01 4.728093e-01 9.912119e-01 1.322836e-01 5.350959e-20 -1.322836e-01 9.912119e-01 -7.097170e-21 -5.397819e-20 -4.364117e-23 1.000000e+00 -2.298821e-02 -1.726546e-01 9.655965e-14 -2.320425e-19 1.453508e-19 -9.138704e+00
       2 4.776340e-01 -2.159090e-01 4.627800e-01 1.000000e+00 0.000000e+00 0.000000e+00 0.000000e+00 1.000000e+00 0.000000e+00 0.000000e+00 0.000000e+00 1.000000e+00 8.326673e-14 -4.163336e-14 0.000000e+00 0.000000e+00 0.000000e+00 0.000000e+00
       1 4.965010e-01 -2.186056e-01 4.728093e-01 9.899395e-01 1.414911e-01 5.373610e-20 -1.414911e-01 9.899395e-01 -7.790928e-21 -5.429784e-20 1.093671e-22 1.000000e+00 -2.543346e-02 -1.783333e-01 1.291741e-13 3.276335e-19 4.669710e-19 -9.451358e+00
       2 4.776340e-01 -2.159090e-01 4.627800e-01 1.000000e+00 0.000000e+00 0.000000e+00 0.000000e+00 1.000000e+00 0.000000e+00 0.000000e+00 0.000000e+00 1.000000e+00 8.326673e-14 -4.163336e-14 0.000000e+00 0.000000e+00 0.000000e+00 0.000000e+00
       1 4.964742e-01 -2.187868e-01 4.728093e-01 9.885345e-01 1.509953e-01 5.398402e-20 -1.509953e-01 9.885345e-01 -8.176264e-21 -5.459965e-20 -6.881475e-23 1.000000e+00 -2.804245e-02 -1.839641e-01 1.214732e-13 -2.938848e-19 3.417610e-19 -9.763585e+00
       2 4.776340e-01 -2.159090e-01 4.627800e-01 1.000000e+00 0.000000e+00 0.000000e+00 0.000000e+00 1.000000e+00 0.000000e+00 0.000000e+00 0.000000e+00 1.000000e+00 8.326673e-14 -4.163336e-14 0.000000e+00 0.000000e+00 0.000000e+00 0.000000e+00
       1 4.964447e-01 -2.189735e-01 4.728093e-01 9.869881e-01 1.607935e-01 5.321345e-20 -1.607935e-01 9.869881e-01 -8.668047e-21 -5.391480e-20 -1.115661e-24 1.000000e+00 -3.081963e-02 -1.895423e-01 1.396715e-13 1.165028e-20 -1.196062e-18 -1.007534e+01
       2 4.776340e-01 -2.159090e-01 4.627800e-01 1.000000e+00 0.000000e+00 0.000000e+00 0.000000e+00 1.000000e+00 0.000000e+00 0.000000e+00 0.000000e+00 1.000000e+00 8.326673e-14 -4.163336e-14 0.000000e+00 0.000000e+00 0.000000e+00 0.000000e+00
       1 4.964124e-01 -2.191658e-01 4.728093e-01 9.852914e-01 1.708828e-01 5.374436e-20 -1.708828e-01 9.852914e-01 -9.401038e-21 -5.456033e-20 7.877636e-23 1.000000e+00 -3.376924e-02 -1.950628e-01 8.022007e-14 2.989743e-19 1.282025e-18 -1.038658e+01
       2 4.776340e-01 -2.159090e-01 4.627800e-01 1.000000e+00 0.000000e+00 0.000000e+00 0.000000e+00 1.000000e+00 0.000000e+00 0.000000e+00 0.000000e+00 1.000000e+00 8.326673e-14 -4.163336e-14 0.000000e+00 0.000000e+00 0.000000e+00 0.000000e+00
       1 4.963770e-01 -2.193636e-01 4.728093e-01 9.834352e-01 1.812600e-01 5.328327e-20 -1.812600e-01 9.834352e-01 -9.938733e-21 -5.420214e-20 1.159752e-22 1.000000e+00 -3.689535e-02 -2.005201e-01 1.119338e-13 -1.435433e-19 -8.508193e-19 -1.069725e+01
       2 4.776340e-01 -2.159090e-01 4.627800e-01 1.000000e+00 0.000000e+00 0.000000e+00 0.000000e+00 1.000000e+00 0.000000e+00 0.000000e+00 0.000000e+00 1.000000e+00 8.326673e-14 -4.163336e-14 0.000000e+00 0.000000e+00 0.000000e+00 0.000000e+00
       1 4.963384e-01 -2.195668e-01 4.728093e-01 9.814102e-01 1.919217e-01 5.310626e-20 -1.919217e-01 9.814102e-01 -1.079648e-20 -5.419111e-20 4.035305e-22 1.000000e+00 -4.020184e-02 -2.059085e-01 6.838638e-14 4.487042e-19 8.086412e-20 -1.100730e+01
       2 4.776340e-01 -2.159090e-01 4.627800e-01 1.000000e+00 0.000000e+00 0.000000e+00 0.000000e+00 1.000000e+00 0.000000e+00 0.000000e+00 0.000000e+00 1.000000e+00 8.326673e-14 -4.163336e-14 0.000000e+00 0.000000e+00 0.000000e+00 0.000000e+00
       1 4.962964e-01 -2.197753e-01 4.728093e-01 9.792069e-01 2.028640e-01 5.304030e-20 -2.028640e-01 9.792069e-01 -1.073641e-20 -5.411546e-20 -2.468060e-22 1.000000e+00 -4.369235e-02 -2.112220e-01 1.283758e-13 -1.129687e-18 1.139598e-19 -1.131668e+01
       2 4.776340e-01 -2.159090e-01 4.627800e-01 1.000000e+00 0.000000e+00 0.000000e+00 0.000000e+00 1.000000e+00 0.000000e+00 0.000000e+00 0.000000e+00 1.000000e+00 8.326673e-14 -4.163336e-14 0.000000e+00 0.000000e+00 0.000000e+00 0.000000e+00
       1 4.962508e-01 -2.199891e-01 4.728093e-01 9.768155e-01 2.140830e-01 5.276458e-20 -2.140830e-01 9.768155e-01 -1.201605e-20 -5.411369e-20 4.414622e-22 1.000000e+00 -4.737027e-02 -2.164544e-01 1.407538e-13 1.338241e-18 -2.475615e-19 -1.162532e+01
       2 4.776340e-01 -2.159090e-01 4.627800e-01 1.000000e+00 0.000000e+00 0.000000e+00 0.000000e+00 1.000000e+00 0.000000e+00 0.000000e+00 0.000000e+00 1.000000e+00 8.326673e-14 -4.163336e-14 0.000000e+00 0.000000e+00 0.000000e+00 0.000000e+00
       1 4.962015e-01 -2.202081e-01 4.728093e-01 9.742260e-01 2.255741e-01 5.273909e-20 -2.255741e-01 9.742260e-01 -1.261985e-20 -5.422651e-20 3.980142e-22 1.000000e+00 -5.123877e-02 -2.215989e-01 1.233914e-13 -3.613401e-19 2.645699e-19 -1.193318e+01
       2 4.776340e-01 -2.159090e-01 4.627800e-01 1.000000e+00 0.000000e+00 0.000000e+00 0.000000e+00 1.000000e+00 0.000000e+00 0.000000e+00 0.000000e+00 1.000000e+00 8.326673e-14 -4.163336e-14 0.000000e+00 0.000000e+00 0.000000e+00 0.000000e+00
       1 4.961482e-01 -2.204322e-01 4.728093e-01 9.714285e-01 2.373325e-01 5.279659e-20 -2.373325e-01 9.714285e-01 -1.278077e-20 -5.432140e-20 -1.147462e-22 1.000000e+00 -5.530069e-02 -2.266488e-01 1.296494e-13 -7.099572e-19 2.388771e-19 -1.224017e+01
       2 4.776340e-01 -2.159090e-01 4.627800e-01 1.000000e+00 0.000000e+00 0.000000e+00 0.000000e+00 1.000000e+00 0.000000e+00 0.000000e+00 0.000000e+00 1.000000e+00 8.326673e-14 -4.163336e-14 0.000000e+00 0.000000e+00 0.000000e+00 0.000000e+00
       1 4.960907e-01 -2.206613e-01 4.728093e-01 9.684126e-01 2.493532e-01 5.268865e-20 -2.493532e-01 9.684126e-01 -1.347512e-20 -5.438441e-20 -8.860445e-23 1.000000e+00 -5.955863e-02 -2.315967e-01 9.290159e-14 3.021029e-19 -1.637904e-20 -1.254624e+01
       2 4.776340e-01 -2.159090e-01 4.627800e-01 1.000000e+00 0.000000e+00 0.000000e+00 0.000000e+00 1.000000e+00 0.000000e+00 0.000000e+00 0.000000e+00 1.000000e+00 8.326673e-14 -4.163336e-14 0.000000e+00 0.000000e+00 0.000000e+00 0.000000e+00
       1 4.960288e-01 -2.208953e-01 4.728093e-01 9.651681e-01 2.616305e-01 5.233483e-20 -2.616305e-01 9.651681e-01 -1.425711e-20 -5.424200e-20 6.812291e-23 1.000000e+00 -6.401482e-02 -2.364353e-01 8.000899e-14 1.548321e-19 -2.866602e-19 -1.285132e+01
       2 4.776340e-01 -2.159090e-01 4.627800e-01 1.000000e+00 0.000000e+00 0.000000e+00 0.000000e+00 1.000000e+00 0.000000e+00 0.000000e+00 0.000000e+00 1.000000e+00 8.326673e-14 -4.163336e-14 0.000000e+00 0.000000e+00 0.000000e+00 0.000000e+00
       1 4.959625e-01 -2.211341e-01 4.728093e-01 9.616845e-01 2.741585e-01 5.220785e-20 -2.741585e-01 9.616845e-01 -1.432102e-20 -5.413371e-20 -5.409241e-22 1.000000e+00 -6.867117e-02 -2.411567e-01 1.261958e-13 -9.824775e-19 1.691409e-19 -1.315533e+01
       2 4.776340e-01 -2.159090e-01 4.627800e-01 1.000000e+00 0.000000e+00 0.000000e+00 0.000000e+00 1.000000e+00 0.000000e+00 0.000000e+00 0.000000e+00 1.000000e+00 8.326673e-14 -4.163336e-14 0.000000e+00 0.000000e+00 0.000000e+00 0.000000e+00
       1 4.958913e-01 -2.213775e-01 4.728093e-01 9.579513e-01 2.869309e-01 5.207946e-20 -2.869309e-01 9.579513e-01 -1.539268e-20 -5.430622e-20 -1.977657e-22 1.000000e+00 -7.352923e-02 -2.457528e-01 9.816052e-14 8.706310e-19 7.392765e-20 -1.345819e+01
       2 4.776340e-01 -2.159090e-01 4.627800e-01 1.000000e+00 0.000000e+00 0.000000e+00 0.000000e+00 1.000000e+00 0.000000e+00 0.000000e+00 0.000000e+00 1.000000e+00 8.326673e-14 -4.163336e-14 0.000000e+00 0.000000e+00 0.000000e+00 0.000000e+00
       1 4.958152e-01 -2.216255e-01 4.728093e-01 9.539578e-01 2.999408e-01 5.179357e-20 -2.999408e-01 9.539578e-01 -1.653670e-20 -5.436891e-20 2.403116e-22 1.000000e+00 -7.859015e-02 -2.502154e-01 1.048123e-13 4.702185e-19 -1.242952e-19 -1.375982e+01
       2 4.776340e-01 -2.159090e-01 4.627800e-01 1.000000e+00 0.000000e+00 0.000000e+00 0.000000e+00 1.000000e+00 0.000000e+00 0.000000e+00 0.000000e+00 1.000000e+00 8.326673e-14 -4.163336e-14 0.000000e+00 0.000000e+00 0.000000e+00 0.000000e+00
       1 4.957339e-01 -2.218778e-01 4.728093e-01 9.496935e-01 3.131810e-01 -9.083657e-20 -3.131810e-01 9.496935e-01 -4.241248e-19 -4.656093e-20 4.312368e-19 1.000000e+00 -8.385469e-02 -2.545358e-01 1.011174e-13 6.120881e-16 -2.078507e-16 -1.406015e+01
       2 4.776340e-01 -2.159090e-01 4.627800e-01 1.000000e+00 0.000000e+00 0.000000e+00 0.000000e+00 1.000000e+00 0.000000e+00 0.000000e+00 0.000000e+00 1.000000e+00 8.326673e-14 -4.163336e-14 0.000000e+00 0.000000e+00 0.000000e+00 0.000000e+00
       1 4.956473e-01 -2.221344e-01 4.728093e-01 9.451475e-01 3.266438e-01 -7.872494e-20 -3.266438e-01 9.451475e-01 -4.436919e-19 -7.052254e-20 4.450693e-19 1.000000e+00 -8.932317e-02 -2.587053e-01 1.048175e-13 -1.725603e-16 9.770243e-17 -1.435908e+01
       2 4.776340e-01 -2.159090e-01 4.627800e-01 1.000000e+00 0.000000e+00 0.000000e+00 0.000000e+00 1.000000e+00 0.000000e+00 0.000000e+00 0.000000e+00 1.000000e+00 8.326673e-14 -4.163336e-14 0.000000e+00 0.000000e+00 0.000000e+00 0.000000e+00
       1 4.955551e-01 -2.223951e-01 4.728093e-01 9.403093e-01 3.403211e-01 6.829480e-19 -3.403211e-01 9.403093e-01 1.692492e-18 -6.619155e-20 -1.823888e-18 1.000000e+00 -9.499547e-02 -2.627147e-01 1.159445e-13 -3.226692e-15 1.104832e-15 -1.465651e+01
       2 4.776340e-01 -2.159090e-01 4.627800e-01 1.000000e+00 0.000000e+00 0.000000e+00 0.000000e+00 1.000000e+00 0.000000e+00 0.000000e+00 0.000000e+00 1.000000e+00 8.326673e-14 -4.163336e-14 0.000000e+00 0.000000e+00 0.000000e+00 0.000000e+00
       1 4.954571e-01 -2.226597e-01 4.728093e-01 9.351681e-01 3.542042e-01 5.549317e-19 -3.542042e-01 9.351681e-01 1.236353e-18 -8.103295e-20 -1.352757e-18 1.000000e+00 -1.008710e-01 -2.665548e-01 1.401889e-13 1.741645e-15 -5.966976e-16 -1.495237e+01
       2 4.776340e-01 -2.159090e-01 4.627800e-01 1.000000e+00 0.000000e+00 0.000000e+00 0.000000e+00 1.000000e+00 0.000000e+00 0.000000e+00 0.000000e+00 1.000000e+00 8.326673e-14 -4.163336e-14 0.000000e+00 0.000000e+00 0.000000e+00 0.000000e+00
       1 4.953531e-01 -2.229280e-01 4.728093e-01 9.297134e-01 3.682839e-01 -4.378803e-19 -3.682839e-01 9.297134e-01 -1.265901e-18 -5.910789e-20 1.338190e-18 1.000000e+00 -1.069485e-01 -2.702160e-01 1.399808e-13 3.546924e-15 -1.365707e-15 -1.524655e+01
       2 4.776340e-01 -2.159090e-01 4.627800e-01 1.000000e+00 0.000000e+00 0.000000e+00 0.000000e+00 1.000000e+00 0.000000e+00 0.000000e+00 0.000000e+00 1.000000e+00 8.326673e-14 -4.163336e-14 0.000000e+00 0.000000e+00 0.000000e+00 0.000000e+00
       1 4.952430e-01 -2.231999e-01 4.728093e-01 9.239345e-01 3.825507e-01 6.315075e-20 -3.825507e-01 9.239345e-01 6.248948e-20 -3.444176e-20 -8.189455e-20 1.000000e+00 -1.132266e-01 -2.736888e-01 9.302256e-14 -3.250571e-15 1.223091e-15 -1.553894e+01
       2 4.776340e-01 -2.159090e-01 4.627800e-01 1.000000e+00 0.000000e+00 0.000000e+00 0.000000e+00 1.000000e+00 0.000000e+00 0.000000e+00 0.000000e+00 1.000000e+00 8.326673e-14 -4.163336e-14 0.000000e+00 0.000000e+00 0.000000e+00 0.000000e+00
       1 4.951265e-01 -2.234752e-01 4.728093e-01 9.178210e-01 3.969944e-01 8.835258e-19 -3.969944e-01 9.178210e-01 1.889557e-18 -6.077513e-20 -2.085030e-18 1.000000e+00 -1.197030e-01 -2.769634e-01 1.326298e-13 -2.111278e-15 9.036868e-16 -1.582945e+01
       2 4.776340e-01 -2.159090e-01 4.627800e-01 1.000000e+00 0.000000e+00 0.000000e+00 0.000000e+00 1.000000e+00 0.000000e+00 0.000000e+00 0.000000e+00 1.000000e+00 8.326673e-14 -4.163336e-14 0.000000e+00 0.000000e+00 0.000000e+00 0.000000e+00
       1 4.950034e-01 -2.237536e-01 4.728093e-01 9.113627e-01 4.116043e-01 1.710161e-20 -4.116043e-01 9.113627e-01 -1.431319e-19 -7.449946e-20 1.234060e-19 1.000000e+00 -1.263749e-01 -2.800297e-01 1.314140e-13 3.979213e-15 -1.657772e-15 -1.611797e+01
       2 4.776340e-01 -2.159090e-01 4.627800e-01 1.000000e+00 0.000000e+00 0.000000e+00 0.000000e+00 1.000000e+00 0.000000e+00 0.000000e+00 0.000000e+00 1.000000e+00 8.326673e-14 -4.163336e-14 0.000000e+00 0.000000e+00 0.000000e+00 0.000000e+00
       1 4.948735e-01 -2.240350e-01 4.728093e-01 9.045492e-01 4.263692e-01 -6.989857e-20 -4.263692e-01 9.045492e-01 -2.270712e-19 -3.358949e-20 2.351997e-19 1.000000e+00 -1.332391e-01 -2.828778e-01 6.995490e-14 -8.735739e-16 3.332514e-16 -1.640439e+01
       2 4.776340e-01 -2.159090e-01 4.627800e-01 1.000000e+00 0.000000e+00 0.000000e+00 0.000000e+00 1.000000e+00 0.000000e+00 0.000000e+00 0.000000e+00 1.000000e+00 8.326673e-14 -4.163336e-14 0.000000e+00 0.000000e+00 0.000000e+00 0.000000e+00
       1 4.947367e-01 -2.243192e-01 4.728093e-01 8.973707e-01 4.412775e-01 1.345918e-20 -4.412775e-01 8.973707e-01 -1.307082e-19 -6.975644e-20 1.113544e-19 1.000000e+00 -1.402917e-01 -2.854974e-01 7.180774e-14 -2.139272e-16 1.058137e-16 -1.668859e+01
       2 4.776340e-01 -2.159090e-01 4.627800e-01 1.000000e+00 0.000000e+00 0.000000e+00 0.000000e+00 1.000000e+00 0.000000e+00 0.000000e+00 0.000000e+00 1.000000e+00 8.326673e-14 -4.163336e-14 0.000000e+00 0.000000e+00 0.000000e+00 0.000000e+00
       1 4.945928e-01 -2.246058e-01 4.728093e-01 8.898174e-01 4.563168e-01 1.849625e-20 -4.563168e-01 8.898174e-01 -6.101790e-20 -4.430177e-20 4.585464e-20 1.000000e+00 -1.475281e-01 -2.878786e-01 1.123707e-13 -4.813583e-17 -5.946017e-18 -1.697047e+01
       2 4.776340e-01 -2.159090e-01 4.627800e-01 1.000000e+00 0.000000e+00 0.000000e+00 0.000000e+00 1.000000e+00 0.000000e+00 0.000000e+00 0.000000e+00 1.000000e+00 8.326673e-14 -4.163336e-14 0.000000e+00 0.000000e+00 0.000000e+00 0.000000e+00
       1 4.944415e-01 -2.248947e-01 4.728093e-01 8.818798e-01 4.714744e-01 -5.062382e-19 -4.714744e-01 8.818798e-01 -1.147800e-18 -9.471714e-20 1.250900e-18 1.000000e+00 -1.549431e-01 -2.900110e-01 1.130877e-13 1.676121e-15 -7.667406e-16 -1.724988e+01
       2 4.776340e-01 -2.159090e-01 4.627800e-01 1.000000e+00 0.000000e+00 0.000000e+00 0.000000e+00 1.000000e+00 0.000000e+00 0.000000e+00 0.000000e+00 1.000000e+00 8.326673e-14 -4.163336e-14 0.000000e+00 0.000000e+00 0.000000e+00 0.000000e+00
       1 4.942827e-01 -2.251856e-01 4.728093e-01 8.735486e-01 4.867369e-01 1.731096e-18 -4.867369e-01 8.735486e-01 3.013202e-18 -4.556026e-20 -3.474767e-18 1.000000e+00 -1.625310e-01 -2.918845e-01 7.184180e-14 -6.812035e-15 3.571228e-15 -1.752673e+01
       2 4.776340e-01 -2.159090e-01 4.627800e-01 1.000000e+00 0.000000e+00 0.000000e+00 0.000000e+00 1.000000e+00 0.000000e+00 0.000000e+00 0.000000e+00 1.000000e+00 8.326673e-14 -4.163336e-14 0.000000e+00 0.000000e+00 0.000000e+00 0.000000e+00
       1 4.941163e-01 -2.254782e-01 4.728093e-01 8.648150e-01 5.020906e-01 7.462106e-19 -5.020906e-01 8.648150e-01 1.181981e-18 -5.187262e-20 -1.396860e-18 1.000000e+00 -1.702853e-01 -2.934891e-01 7.852040e-14 4.788129e-15 -2.663744e-15 -1.780087e+01
       2 4.776340e-01 -2.159090e-01 4.627800e-01 1.000000e+00 0.000000e+00 0.000000e+00 0.000000e+00 1.000000e+00 0.000000e+00 0.000000e+00 0.000000e+00 1.000000e+00 8.326673e-14 -4.163336e-14 0.000000e+00 0.000000e+00 0.000000e+00 0.000000e+00
       1 4.939420e-01 -2.257723e-01 4.728093e-01 8.556705e-01 5.175210e-01 -4.241397e-19 -5.175210e-01 8.556705e-01 -8.334460e-19 -6.840190e-20 9.326563e-19 1.000000e+00 -1.781987e-01 -2.948147e-01 9.223779e-14 2.178333e-15 -1.134330e-15 -1.807219e+01
       2 4.776340e-01 -2.159090e-01 4.627800e-01 1.000000e+00 0.000000e+00 0.000000e+00 0.000000e+00 1.000000e+00 0.000000e+00 0.000000e+00 0.000000e+00 1.000000e+00 8.326673e-14 -4.163336e-14 0.000000e+00 0.000000e+00 0.000000e+00 0.000000e+00
       1 4.937597e-01 -2.260675e-01 4.728093e-01 8.461069e-01 5.330132e-01 5.977004e-20 -5.330132e-01 8.461069e-01 8.071607e-21 -4.626957e-20 -3.868766e-20 1.000000e+00 -1.862636e-01 -2.958514e-01 6.888983e-14 -2.317664e-15 1.219101e-15 -1.834055e+01
       2 4.776340e-01 -2.159090e-01 4.627800e-01 1.000000e+00 0.000000e+00 0.000000e+00 0.000000e+00 1.000000e+00 0.000000e+00 0.000000e+00 0.000000e+00 1.000000e+00 8.326673e-14 -4.163336e-14 0.000000e+00 0.000000e+00 0.000000e+00 0.000000e+00
       1 4.935693e-01 -2.263637e-01 4.728093e-01 8.361165e-01 5.485519e-01 1.659923e-18 -5.485519e-01 8.361165e-01 2.425530e-18 -5.736005e-20 -2.938579e-18 1.000000e+00 -1.944713e-01 -2.965896e-01 1.171829e-13 -3.251625e-15 2.093778e-15 -1.860582e+01
       2 4.776340e-01 -2.159090e-01 4.627800e-01 1.000000e+00 0.000000e+00 0.000000e+00 0.000000e+00 1.000000e+00 0.000000e+00 0.000000e+00 0.000000e+00 1.000000e+00 8.326673e-14 -4.163336e-14 0.000000e+00 0.000000e+00 0.000000e+00 0.000000e+00
       1 4.933706e-01 -2.266604e-01 4.728093e-01 8.256921e-01 5.641211e-01 5.403791e-19 -5.641211e-01 8.256921e-01 6.461759e-19 -8.166530e-20 -8.383816e-19 1.000000e+00 -2.028126e-01 -2.970198e-01 1.369669e-13 3.883573e-15 -2.454201e-15 -1.886786e+01
       2 4.776340e-01 -2.159090e-01 4.627800e-01 1.000000e+00 0.000000e+00 0.000000e+00 0.000000e+00 1.000000e+00 0.000000e+00 0.000000e+00 0.000000e+00 1.000000e+00 8.326673e-14 -4.163336e-14 0.000000e+00 0.000000e+00 0.000000e+00 0.000000e+00
       1 4.931635e-01 -2.269574e-01 4.728093e-01 8.148268e-01 5.797044e-01 -1.109381e-18 -5.797044e-01 8.148268e-01 -1.645037e-18 -4.968223e-20 1.983534e-18 1.000000e+00 -2.112776e-01 -2.971328e-01 1.204091e-13 2.607082e-15 -1.833791e-15 -1.912653e+01
       2 4.776340e-01 -2.159090e-01 4.627800e-01 1.000000e+00 0.000000e+00 0.000000e+00 0.000000e+00 1.000000e+00 0.000000e+00 0.000000e+00 0.000000e+00 1.000000e+00 8.326673e-14 -4.163336e-14 0.000000e+00 0.000000e+00 0.000000e+00 0.000000e+00
       1 4.929479e-01 -2.272544e-01 4.728093e-01 8.035146e-01 5.952850e-01 -1.870747e-18 -5.952850e-01 8.035146e-01 -2.619824e-18 -5.636990e-20 3.218695e-18 1.000000e+00 -2.198557e-01 -2.969197e-01 8.688473e-14 3.141195e-16 -3.327099e-16 -1.938170e+01
       2 4.776340e-01 -2.159090e-01 4.627800e-01 1.000000e+00 0.000000e+00 0.000000e+00 0.000000e+00 1.000000e+00 0.000000e+00 0.000000e+00 0.000000e+00 1.000000e+00 8.326673e-14 -4.163336e-14 0.000000e+00 0.000000e+00 0.000000e+00 0.000000e+00
       1 4.927237e-01 -2.275509e-01 4.728093e-01 7.917498e-01 6.108456e-01 1.157744e-18 -6.108456e-01 7.917498e-01 1.387771e-18 -6.893007e-20 -1.805970e-18 1.000000e+00 -2.285356e-01 -2.963721e-01 6.893029e-14 -6.538765e-15 4.880500e-15 -1.963322e+01
       2 4.776340e-01 -2.159090e-01 4.627800e-01 1.000000e+00 0.000000e+00 0.000000e+00 0.000000e+00 1.000000e+00 0.000000e+00 0.000000e+00 0.000000e+00 1.000000e+00 8.326673e-14 -4.163336e-14 0.000000e+00 0.000000e+00 0.000000e+00 0.000000e+00
       1 4.924908e-01 -2.278468e-01 4.728093e-01 7.795273e-01 6.263683e-01 2.476703e-18 -6.263683e-01 7.795273e-01 3.016309e-18 -4.133740e-20 -3.902623e-18 1.000000e+00 -2.373054e-01 -2.954818e-01 9.072274e-14 -5.028318e-16 3.971096e-16 -1.988095e+01
       2 4.776340e-01 -2.159090e-01 4.627800e-01 1.000000e+00 0.000000e+00 0.000000e+00 0.000000e+00 1.000000e+00 0.000000e+00 0.000000e+00 0.000000e+00 1.000000e+00 8.326673e-14 -4.163336e-14 0.000000e+00 0.000000e+00 0.000000e+00 0.000000e+00
       1 4.922490e-01 -2.281415e-01 4.728093e-01 7.668428e-01 6.418349e-01 -2.069355e-18 -6.418349e-01 7.668428e-01 -2.521556e-18 -3.155289e-20 3.261822e-18 1.000000e+00 -2.461523e-01 -2.942412e-01 9.203202e-14 9.240591e-15 -7.329467e-15 -2.012475e+01
       2 4.776340e-01 -2.159090e-01 4.627800e-01 1.000000e+00 0.000000e+00 0.000000e+00 0.000000e+00 1.000000e+00 0.000000e+00 0.000000e+00 0.000000e+00 1.000000e+00 8.326673e-14 -4.163336e-14 0.000000e+00 0.000000e+00 0.000000e+00 0.000000e+00
       1 4.919984e-01 -2.284349e-01 4.728093e-01 7.536926e-01 6.572271e-01 -9.778708e-19 -6.572271e-01 7.536926e-01 -1.222238e-18 -6.627371e-20 1.563875e-18 1.000000e+00 -2.550631e-01 -2.926431e-01 1.282602e-13 -4.680560e-15 3.936955e-15 -2.036446e+01
       2 4.776340e-01 -2.159090e-01 4.627800e-01 1.000000e+00 0.000000e+00 0.000000e+00 0.000000e+00 1.000000e+00 0.000000e+00 0.000000e+00 0.000000e+00 1.000000e+00 8.326673e-14 -4.163336e-14 0.000000e+00 0.000000e+00 0.000000e+00 0.000000e+00
       1 4.917388e-01 -2.287265e-01 4.728093e-01 7.400738e-01 6.725257e-01 9.079150e-19 -6.725257e-01 7.400738e-01 9.369908e-19 -4.177367e-20 -1.304038e-18 1.000000e+00 -2.640239e-01 -2.906810e-01 9.154829e-14 -2.750788e-15 2.096024e-15 -2.059995e+01
       2 4.776340e-01 -2.159090e-01 4.627800e-01 1.000000e+00 0.000000e+00 0.000000e+00 0.000000e+00 1.000000e+00 0.000000e+00 0.000000e+00 0.000000e+00 1.000000e+00 8.326673e-14 -4.163336e-14 0.000000e+00 0.000000e+00 0.000000e+00 0.000000e+00
       1 4.914703e-01 -2.290159e-01 4.728093e-01 7.259840e-01 6.877116e-01 -1.743599e-19 -6.877116e-01 7.259840e-01 -2.646930e-19 -5.544991e-20 3.120722e-19 1.000000e+00 -2.730201e-01 -2.883489e-01 1.454450e-13 2.972450e-15 -2.442977e-15 -2.083106e+01
       2 4.776340e-01 -2.159090e-01 4.627800e-01 1.000000e+00 0.000000e+00 0.000000e+00 0.000000e+00 1.000000e+00 0.000000e+00 0.000000e+00 0.000000e+00 1.000000e+00 8.326673e-14 -4.163336e-14 0.000000e+00 0.000000e+00 0.000000e+00 0.000000e+00
       1 4.911928e-01 -2.293028e-01 4.728093e-01 7.114219e-01 7.027652e-01 9.833749e-19 -7.027652e-01 7.114219e-01 9.206524e-19 -5.259198e-20 -1.346054e-18 1.000000e+00 -2.820365e-01 -2.856415e-01 1.433206e-13 -2.361976e-15 2.295100e-15 -2.105765e+01
       2 4.776340e-01 -2.159090e-01 4.627800e-01 1.000000e+00 0.000000e+00 0.000000e+00 0.000000e+00 1.000000e+00 0.000000e+00 0.000000e+00 0.000000e+00 1.000000e+00 8.326673e-14 -4.163336e-14 0.000000e+00 0.000000e+00 0.000000e+00 0.000000e+00
       1 4.909062e-01 -2.295868e-01 4.728093e-01 6.963868e-01 7.176667e-01 3.774127e-20 -7.176667e-01 6.963868e-01 -3.891482e-20 -5.421039e-20 1.411439e-23 1.000000e+00 -2.910575e-01 -2.825543e-01 8.358609e-14 1.965862e-15 -2.075387e-15 -2.127956e+01
       2 4.776340e-01 -2.159090e-01 4.627800e-01 1.000000e+00 0.000000e+00 0.000000e+00 0.000000e+00 1.000000e+00 0.000000e+00 0.000000e+00 0.000000e+00 1.000000e+00 8.326673e-14 -4.163336e-14 0.000000e+00 0.000000e+00 0.000000e+00 0.000000e+00
       1 4.906107e-01 -2.298675e-01 4.728093e-01 6.808788e-01 7.323961e-01 3.694258e-20 -7.323961e-01 6.808788e-01 -3.967339e-20 -5.421005e-20 -4.383417e-23 1.000000e+00 -3.000669e-01 -2.790832e-01 9.464210e-14 -4.250434e-16 5.305082e-16 -2.149666e+01
       2 4.776340e-01 -2.159090e-01 4.627800e-01 1.000000e+00 0.000000e+00 0.000000e+00 0.000000e+00 1.000000e+00 0.000000e+00 0.000000e+00 0.000000e+00 1.000000e+00 8.326673e-14 -4.163336e-14 0.000000e+00 0.000000e+00 0.000000e+00 0.000000e+00
       1 4.903061e-01 -2.301446e-01 4.728093e-01 6.648991e-01 7.469332e-01 3.605682e-20 -7.469332e-01 6.648991e-01 -4.047919e-20 -5.420940e-20 -1.745956e-23 1.000000e+00 -3.090481e-01 -2.752253e-01 1.342425e-13 -4.607448e-17 -4.478703e-17 -2.170878e+01
       2 4.776340e-01 -2.159090e-01 4.627800e-01 1.000000e+00 0.000000e+00 0.000000e+00 0.000000e+00 1.000000e+00 0.000000e+00 0.000000e+00 0.000000e+00 1.000000e+00 8.326673e-14 -4.163336e-14 0.000000e+00 0.000000e+00 0.000000e+00 0.000000e+00
       1 4.899926e-01 -2.304176e-01 4.728093e-01 6.484496e-01 7.612576e-01 3.517745e-20 -7.612576e-01 6.484496e-01 -4.124692e-20 -5.421034e-20 -3.255264e-23 1.000000e+00 -3.179838e-01 -2.709784e-01 8.997671e-14 1.729583e-17 1.766456e-17 -2.191579e+01
       2 4.776340e-01 -2.159090e-01 4.627800e-01 1.000000e+00 0.000000e+00 0.000000e+00 0.000000e+00 1.000000e+00 0.000000e+00 0.000000e+00 0.000000e+00 1.000000e+00 8.326673e-14 -4.163336e-14 0.000000e+00 0.000000e+00 0.000000e+00 0.000000e+00
       1 4.896702e-01 -2.306861e-01 4.728093e-01 6.315331e-01 7.753489e-01 3.423574e-20 -7.753489e-01 6.315331e-01 -4.203138e-20 -5.420999e-20 -4.363791e-25 1.000000e+00 -3.268565e-01 -2.663412e-01 1.003893e-13 -5.410337e-19 6.651138e-19 -2.211753e+01
       2 4.776340e-01 -2.159090e-01 4.627800e-01 1.000000e+00 0.000000e+00 0.000000e+00 0.000000e+00 1.000000e+00 0.000000e+00 0.000000e+00 0.000000e+00 1.000000e+00 8.326673e-14 -4.163336e-14 0.000000e+00 0.000000e+00 0.000000e+00 0.000000e+00
       1 4.893390e-01 -2.309499e-01 4.728093e-01 6.141534e-01 7.891867e-01 3.331931e-20 -7.891867e-01 6.141534e-01 -4.276264e-20 -5.421087e-20 -3.233968e-23 1.000000e+00 -3.356485e-01 -2.613131e-01 1.289002e-13 6.387810e-19 -5.810342e-19 -2.231385e+01
       2 4.776340e-01 -2.159090e-01 4.627800e-01 1.000000e+00 0.000000e+00 0.000000e+00 0.000000e+00 1.000000e+00 0.000000e+00 0.000000e+00 0.000000e+00 1.000000e+00 8.326673e-14 -4.163336e-14 0.000000e+00 0.000000e+00 0.000000e+00 0.000000e+00
       1 4.889990e-01 -2.312084e-01 4.728093e-01 5.963152e-01 8.027504e-01 3.237802e-20 -8.027504e-01 5.963152e-01 -4.347843e-20 -5.420984e-20 -6.461923e-23 1.000000e+00 -3.443415e-01 -2.558949e-01 1.592478e-13 -3.358894e-20 4.940468e-21 -2.250462e+01
       2 4.776340e-01 -2.159090e-01 4.627800e-01 1.000000e+00 0.000000e+00 0.000000e+00 0.000000e+00 1.000000e+00 0.000000e+00 0.000000e+00 0.000000e+00 1.000000e+00 8.326673e-14 -4.163336e-14 0.000000e+00 0.000000e+00 0.000000e+00 0.000000e+00
       1 4.886504e-01 -2.314613e-01 4.728093e-01 5.780242e-01 8.160196e-01 3.125856e-20 -8.160196e-01 5.780242e-01 -4.428901e-20 -5.420891e-20 9.252226e-23 1.000000e+00 -3.529172e-01 -2.500879e-01 1.282492e-13 1.234094e-19 -2.268427e-19 -2.268970e+01
       2 4.776340e-01 -2.159090e-01 4.627800e-01 1.000000e+00 0.000000e+00 0.000000e+00 0.000000e+00 1.000000e+00 0.000000e+00 0.000000e+00 0.000000e+00 1.000000e+00 8.326673e-14 -4.163336e-14 0.000000e+00 0.000000e+00 0.000000e+00 0.000000e+00
       1 4.882933e-01 -2.317082e-01 4.728093e-01 5.592871e-01 8.289740e-01 3.028691e-20 -8.289740e-01 5.592871e-01 -4.496070e-20 -5.421033e-20 3.887536e-23 1.000000e+00 -3.613570e-01 -2.438949e-01 1.152646e-13 -9.165643e-20 1.334048e-19 -2.286893e+01
