1 0.47763400000000006 -0.21590900000000002 0.46277999999999991 1 0 0 0 1 0 0 0 1 -0 -0 -0 0 0 0 
2 0.4966926887394334 -0.21590900000000016 0.47280934436971683 1 -1.0087679743193124e-16 0 1.0087679743193124e-16 1 0 0 0 1 0 0 0 0 0 0 
1 0.47763400000000006 -0.21590900000000002 0.46277999999999991 1 0 0 0 1 -9.3086338363666718e-34 0 9.3086338363666718e-34 1 0 0 0 7.5461978427378731e-31 0 0 
2 0.49668708160766362 -0.21637127737762063 0.47280934436971683 0.99970579194166609 0.024255505731406803 1.4201159802824435e-35 -0.024255505731406803 0.99970579194166609 -1.311137456331844e-33 -4.599928379389194e-35 1.3104072528136177e-33 1 -0.0022426478607714359 -0.092432965238635548 0 1.062860799027082e-30 1.4692797634890859e-32 -4.8513490967353317 
1 0.47763400000000006 -0.21590900000000002 0.46277999999999991 1 2.7393154284722736e-62 4.4734694455484781e-30 2.7393154284722736e-62 1 -1.2246939257395172e-32 -4.4734694455484781e-30 1.2246939257395172e-32 1 0 0 0 -2.4769555013663944e-30 1.6503733970323882e-27 1.5646303749411179e-59 
2 0.49660312341199009 -0.21775466485868128 0.47280934436971683 0.99529963674045419 0.096843343107928151 2.0655662640347774e-29 -0.096843343107928151 0.99529963674045419 -1.1216646760315905e-30 -2.0667199279644483e-29 -8.8397097960197136e-31 1 -0.017890308828164132 -0.18385866299554265 -9.6336446691130766e-15 3.0385881677465456e-28 7.6260737978636549e-27 -9.692349099145618 
1 0.47763400000000006 -0.21590900000000002 0.46277999999999991 1 -8.6558254069680671e-62 1.2655045187905137e-29 -8.6558254069680671e-62 1 1.3679643617931506e-32 -1.2655045187905137e-29 -1.3679643617931506e-32 1 0 0 0 1.7350008170141203e-30 -2.5383867616309352e-27 6.3838562616102101e-60 
2 0.49624215129458138 -0.22002923969357061 0.47280934436971678 0.9763499681838439 0.21619606755768461 5.8140295536060528e-29 -0.21619606755768461 0.9763499681838439 -6.6302111364473721e-30 -5.8198701271609068e-29 -6.0962968294153325e-30 1 -0.059664875665424819 -0.26940743140222678 1.4817202057608627e-14 -1.752185711696992e-27 -1.161386608104652e-26 -14.477362759387658 
1 0.47763400000000006 -0.21590900000000002 0.46277999999999991 1 -3.1928913300916497e-62 -1.1341096702147277e-29 -3.1928913300916497e-62 1 -5.6306570941893486e-33 1.1341096702147277e-29 5.6306570941893486e-33 1 0 0 0 -3.828634148717165e-31 1.0074614396969936e-27 6.6528944538881173e-61 
2 0.49529117953848562 -0.22308429980631039 0.47280934436971689 0.92642034650369443 0.37649082536494133 -5.1419191700298637e-29 -0.37649082536494133 0.92642034650369443 1.030386265917329e-29 5.1515095148929702e-29 9.8131459078057775e-30 1 -0.1370985790224836 -0.33731194629889583 -5.8808058499518931e-15 1.4066434305498323e-27 4.4693079541601533e-27 -19.103772401178489 
1 0.47763400000000006 -0.21590900000000002 0.46277999999999991 1 -3.3142799660306462e-63 5.9998039123122542e-30 -3.3142799660306462e-63 1 1.1047960948288264e-33 -5.9998039123122542e-30 -1.1047960948288264e-33 1 0 0 0 1.7035918521369599e-32 -1.5159904886708867e-28 3.2636933286888927e-62 
2 0.49337754471299899 -0.22665348659521517 0.47280934436971683 0.82596639426774288 0.5637193588483046 2.6468410429780826e-29 -0.5637193588483046 0.82596639426774288 -8.3126075647597127e-30 -2.65479953314487e-29 -8.0548208599824813e-30 1 -0.25136071757117723 -0.36835217004820198 8.8492178290501437e-16 -5.1971629537613241e-28 -5.715566764821781e-28 -23.398184647448439 
1 0.47763400000000006 -0.21590900000000002 0.46277999999999991 1 -8.8370613399575137e-65 -1.8272204366621096e-30 -8.8370613399575137e-65 1 -9.6726822474694844e-35 1.8272204366621096e-30 9.6726822474694844e-35 1 0 0 0 3.0991991446400569e-33 -4.8058174060136881e-29 5.0720277179959839e-64 
2 0.49018480187973196 -0.23025569876364824 0.47280934436971683 0.65844294111395196 0.7526306486565697 -7.6765785576024988e-30 -0.7526306486565697 0.65844294111395196 3.5292517420034194e-30 7.7108119910164508e-30 3.4538174023352125e-30 1 -0.38881969880873513 -0.34039049766934343 2.8052765099958624e-16 1.1242739688015464e-29 -2.4974640292716665e-28 -27.112436553551298 
1 0.47763400000000006 -0.21590900000000002 0.46277999999999991 1 0 2.794509623347494e-31 0 1 0 -2.794509623347494e-31 0 1 0 0 0 0 2.0038540437103268e-29 0 
2 0.48562426668096326 -0.23321571079969669 0.47280934436971683 0.41925687589977217 0.9078676511533843 1.0850785280299158e-30 -0.9078676511533843 0.41925687589977217 -7.0164552109588779e-31 -1.0919279049473619e-30 -6.9093798539576172e-31 1 -0.51800805649710613 -0.2395733753356917 -1.1697000121657952e-16 3.4072408936348227e-29 8.8310628041237433e-29 -29.935305283643274 
1 0.47763400000000006 -0.21590900000000002 0.46277999999999991 1 0 0 0 1 0 0 0 1 0 0 0 0 0 0 
2 0.47999129443881422 -0.23482368184755636 0.47280934436971683 0.12386135860755169 0.99229953332846599 -9.5732922468117129e-61 -0.99229953332846599 0.12386135860755169 -4.8115470272595785e-60 -4.6559197713339236e-60 1.5459220946933263e-60 1 -0.5967671342458204 -0.074773690514945021 0 -1.6209637170640398e-58 -5.3759924525276361e-59 -31.530835761002372 
1 0.47763400000000006 -0.21590900000000002 0.46277999999999991 1 0 0 0 1 0 0 0 1 0 0 0 0 0 0 
2 0.47397838883637233 -0.23461305780943839 0.47280934436971683 -0.19157341411809148 0.98147828656732816 6.6167773566638188e-61 -0.98147828656732816 -0.19157341411809148 3.0181964897929617e-60 3.0890541821930571e-60 -7.1216124232712896e-62 1 -0.5919888544660481 0.11571064015793706 0 -3.2597587587981709e-58 3.4294509389773579e-59 -31.608096711158968 
1 0.47763400000000006 -0.21590900000000002 0.46277999999999991 1 0 0 0 1 0 0 0 1 0 0 0 0 0 0 
2 0.4684601057205085 -0.23260942295170667 0.47280934436971683 -0.48128662051730725 0.87656328289007723 -4.5270336786692327e-61 -0.87656328289007723 -0.48128662051730725 -1.5515218311818452e-60 -1.5778871438338572e-60 -3.499035484755098e-61 1 -0.50159761815406556 0.27647045497028228 0 2.630286604511667e-58 -5.2438546452626202e-59 -30.012409829800688 
1 0.47763400000000006 -0.21590900000000002 0.46277999999999991 1 0 0 0 1 0 0 0 1 0 0 0 0 0 0 
2 0.46413414417669585 -0.2293530484747773 0.47280934436971683 -0.70853191053310682 0.70567877377480015 1.9663017382270182e-61 -0.70567877377480015 -0.70853191053310682 4.7335611676358014e-61 4.7335611676358014e-61 1.9663017382270178e-61 1 -0.35989565886841174 0.3635650160676735 0 -1.0488672338738185e-58 3.612348384524884e-59 -26.830816021597215 
1 0.47763400000000006 -0.21590900000000002 0.46277999999999991 1 0 0 0 1 0 0 0 1 0 0 0 0 0 0 
2 0.46125488232628808 -0.22564393918482029 0.47280934436971683 -0.85967678078540377 0.51083836247725634 -3.5013599937680533e-62 -0.51083836247725634 -0.85967678078540377 -6.1534626939615032e-62 -6.1534626939615024e-62 -3.5013599937680545e-62 1 -0.21726187900762026 0.36835555823718946 0 1.6815272753286751e-59 -8.6529280701423927e-60 -22.467412921887707 
1 0.47763400000000006 -0.21590900000000002 0.46277999999999991 1 0 0 0 1 0 0 0 1 0 0 0 0 0 0 
2 0.45964060395345346 -0.2221881768006323 0.47280934436971683 -0.94420633118487363 0.32935452653698377 4.9947939675872751e-92 -0.32935452653698377 -0.94420633118487363 1.1379210314113719e-91 8.4639105125296062e-92 9.099264420125899e-92 1 -0.10967740557117894 0.31550395599031111 0 -3.5921901231401949e-89 1.4683552071578873e-89 -17.572720594038245 
1 0.47763400000000006 -0.21590900000000002 0.46277999999999991 1 0 0 0 1 0 0 0 1 0 0 0 0 0 0 
2 0.45889538817458264 -0.21939613659100024 0.47280934436971683 -0.98313599981898525 0.18287593023666146 -5.9749621118911847e-93 -0.18287593023666146 -0.98313599981898525 -1.5327837756380031e-92 -8.6772929379693156e-93 -1.3976672343340966e-92 1 -0.044979775670551725 0.23818771024579327 0 5.9120720075487632e-90 -2.1920354480269508e-90 -12.749222633561821 
1 0.47763400000000006 -0.21590900000000002 0.46277999999999991 1 0 0 0 1 0 0 0 1 0 0 0 0 0 0 
2 0.45863356663635885 -0.21741589188629709 0.47280934436971683 -0.99687071429900709 0.079049218674110591 0 -0.079049218674110591 -0.99687071429900709 0 0 0 1 -0.012996402623800245 0.15565322890128425 0 0 0 -8.2001709252825048 
1 0.47763400000000006 -0.21590900000000002 0.46277999999999991 1 0 0 0 1 0 0 0 1 0 0 0 0 0 0 
2 0.45857844393749381 -0.21628264069671183 0.47280934436971683 -0.9998075981597182 0.019615469968764527 0 -0.019615469968764527 -0.9998075981597182 0 0 0 1 -0.0015636374243191789 0.070233021258338302 0 0 0 -3.6817337346436321 
1 0.47763400000000006 -0.21590900000000002 0.46277999999999991 1 0 0 0 1 0 0 0 1 0 0 0 0 0 0 
2 0.45857598899077567 -0.21603471093136678 0.47280934436971683 -0.99997815574327176 0.0066096926013876345 0 -0.0066096926013876345 -0.99997815574327176 0 0 0 1 0.00021528713669558642 -0.020689878740045471 0 0 0 1.0896614126050801 
1 0.47763400000000006 -0.21590900000000002 0.46277999999999991 1 0 0 0 1 0 0 0 1 0 0 0 0 0 0 
2 0.45859236677950926 -0.21671475907708246 0.47280934436971683 -0.99910526842079184 0.042292583437496041 0 -0.042292583437496041 -0.99910526842079184 0 0 0 1 0.0048576553364415046 -0.11490669999593058 0 0 0 6.0379843512337477 
1 0.47763400000000006 -0.21590900000000002 0.46277999999999991 1 0 0 0 1 0 0 0 1 0 0 0 0 0 0 
2 0.45872885626970278 -0.21832656406800441 0.47280934436971683 -0.99191999143900822 0.12686500929585701 0 -0.12686500929585701 -0.99191999143900822 0 0 0 1 0.026336454122547707 -0.20651663399747391 0 0 0 10.926999019547443 
1 0.47763400000000006 -0.21590900000000002 0.46277999999999991 1 0 0 0 1 0 0 0 1 0 0 0 0 0 0 
2 0.45921646615817008 -0.22081183064906787 0.47280934436971683 -0.96634141449382105 0.25726303783109056 0 -0.25726303783109056 -0.96634141449382105 0 0 0 1 0.076708872744966891 -0.28824440362253068 0 0 0 15.652446249471657 
1 0.47763400000000006 -0.21590900000000002 0.46277999999999991 1 0 0 0 1 0 0 0 1 0 0 0 0 0 0 
2 0.46038642732233659 -0.2240188572688003 0.47280934436971683 -0.90494762556813302 0.4255229664525737 0 -0.4255229664525737 -0.90494762556813302 0 0 0 1 0.1636114081566139 -0.34800071333987637 0 0 0 20.177308771848885 
1 0.47763400000000006 -0.21590900000000002 0.46277999999999991 1 0 0 0 1 0 0 0 1 0 0 0 0 0 0 
2 0.46260676484680419 -0.22763349696413912 0.47280934436971683 -0.78841615949878718 0.61514222700216492 0 -0.61514222700216492 -0.78841615949878718 0 0 0 1 0.28540160164637363 -0.36576548523332625 -7.566342108603546e-15 0 0 24.342167044576112 
1 0.47763400000000006 -0.21590900000000002 0.46277999999999991 1 0 0 0 1 0 0 0 1 0 0 0 0 0 0 
2 0.46615105338619356 -0.23112252994906507 0.47280934436971678 -0.60245600310104563 0.79815209348063032 0 -0.79815209348063032 -0.60245600310104563 0 0 0 1 0.42366791092565165 -0.31950574347753236 1.3195286302725664e-14 0 0 27.843903950656944 
1 0.47763400000000006 -0.21590900000000002 0.46277999999999991 1 0 0 0 1 0 0 0 1 0 0 0 0 0 0 
2 0.47101512181550054 -0.23378340248550167 0.47280934436971689 -0.3473109021695559 0.93775003984759664 0 -0.93775003984759664 -0.3473109021695559 0 0 0 1 0.54175806781665481 -0.20012959758153751 -1.2031901466416495e-14 0 0 30.318041045464156 
1 0.47763400000000006 -0.21590900000000002 0.46277999999999991 1 0 0 0 1 0 0 0 1 0 0 0 0 0 0 
2 0.47678608757210145 -0.23494963746550343 0.47280934436971683 -0.04457521702669353 0.99900603102635133 0 -0.99900603102635133 -0.04457521702669353 0 0 0 1 0.5975164481634655 -0.026216127091599525 1.0655946249940001e-14 0 0 31.427574879927775 
1 0.47763400000000006 -0.21590900000000002 0.46277999999999991 1 0 0 0 1 0 0 0 1 0 0 0 0 0 0 
2 0.48269854750399077 -0.23428213178572815 0.47280934436971678 0.26567154474875476 0.96406360283479764 0 -0.96406360283479764 0.26567154474875476 0 0 0 1 0.56721026384966033 0.15591356529943959 -1.734762596284843e-14 0 0 30.951611838669642 
1 0.47763400000000006 -0.21590900000000002 0.46277999999999991 1 0 0 0 1 0 0 0 1 0 0 0 0 0 0 
2 0.48791251484118509 -0.23195825639551534 0.47280934436971683 0.53930667933227394 0.84210943803498362 0 -0.84210943803498362 0.53930667933227394 0 0 0 1 0.46304446347314182 0.29386721981893815 2.9977419549229997e-14 0 0 28.878743674945579 
1 0.47763400000000006 -0.21590900000000002 0.46277999999999991 1 0 0 0 1 0 0 0 1 0 0 0 0 0 0 
2 0.49185769557789127 -0.22859391036340243 0.47280934436971689 0.74632816629688448 0.66557814581905406 0 -0.66557814581905406 0.74632816629688448 0 0 0 1 0.32246730978805394 0.36266249713795951 -6.218866017888381e-15 0 0 25.476748159846142 
1 0.47763400000000006 -0.21590900000000002 0.46277999999999991 1 0 0 0 1 0 0 0 1 0 0 0 0 0 0 
2 0.49440987037841894 -0.22495291273415949 0.47280934436971689 0.88024730542774954 0.47451520659214519 0 -0.47451520659214519 0.88024730542774954 0 0 0 1 0.19105201987584827 0.35503002851674298 4.0570694953312273e-16 0 0 21.179031446141526 
1 0.47763400000000006 -0.21590900000000002 0.46277999999999991 1 0 0 0 1 0 0 0 1 0 0 0 0 0 0 
2 0.49581047072390472 -0.22164159078166767 0.47280934436971678 0.95370318582577984 0.30074945277715465 0 -0.30074945277715465 0.95370318582577984 0 0 0 1 0.09502846852733636 0.3005785593657615 -4.7849397753158836e-15 0 0 16.562148597977185 
1 0.47763400000000006 -0.21590900000000002 0.46277999999999991 1 0 0 0 1 0 0 0 1 0 0 0 0 0 0 
2 0.49644122002926055 -0.21900028513994577 0.47280934436971689 0.98676266578930238 0.16217102516907766 0 -0.16217102516907766 0.98676266578930238 0 0 0 1 0.037303779627345893 0.22431252575400429 1.0583282916275912e-14 0 0 11.940638270666806 
1 0.47763400000000006 -0.21590900000000002 0.46277999999999991 1 0 0 0 1 0 0 0 1 0 0 0 0 0 0 
2 0.49665117721812169 -0.21717690856973865 0.47280934436971683 0.99778485720322996 0.066523520170914299 0 -0.066523520170914299 0.99778485720322996 0 0 0 1 0.0095312278814401914 0.13901367102808831 -6.0860189879660417e-15 0 0 7.3111405543400618 
1 0.47763400000000006 -0.21590900000000002 0.46277999999999991 1 0 0 0 1 0 0 0 1 0 0 0 0 0 0 
2 0.4966900451594411 -0.21623619556945237 0.47280934436971683 0.99985245729996586 0.017177416313865376 0 -0.017177416313865376 0.99985245729996586 0 0 0 1 0.00088490348462462584 0.04882951419464087 2.0426890131346282e-15 0 0 2.5595029563047524 
1 0.47763400000000006 -0.21590900000000002 0.46277999999999991 1 0 0 0 1 0 0 0 1 0 0 0 0 0 0 
2 0.49669026844498776 -0.21621249005232313 0.47280934436971683 0.99987298885101639 0.015937570898205557 0 -0.015937570898205557 0.99987298885101639 0 0 0 1 -0.00069919525596713714 -0.043947767778372671 -2.8454379297007235e-16 0 0 -2.3094349051306193 
1 0.47763400000000006 -0.21590900000000002 0.46277999999999991 1 0 0 0 1 0 0 0 1 0 0 0 0 0 0 
2 0.49665449171547099 -0.21711735464720078 0.47280934436971683 0.99798699599971441 0.063418891629118998 0 -0.063418891629118998 0.99798699599971441 0 0 0 1 -0.008655423120114511 -0.13665319205873694 0 0 0 -7.1876234777131858 
1 0.47763400000000006 -0.21590900000000002 0.46277999999999991 1 0 0 0 1 0 0 0 1 0 0 0 0 0 0 
2 0.49645152332819775 -0.21893375834903997 0.47280934436971683 0.98731976761399076 0.15874405966415037 0 -0.15874405966415037 0.98731976761399076 0 0 0 1 -0.036155342748192515 -0.22545935725620123 -2.2697595894411162e-15 0 0 -11.990465564146774 
1 0.47763400000000006 -0.21590900000000002 0.46277999999999991 1 0 0 0 1 0 0 0 1 0 0 0 0 0 0 
2 0.4958256453295285 -0.22159311977744417 0.47280934436971683 0.95448750633726476 0.29825090150085037 0 -0.29825090150085037 0.95448750633726476 0 0 0 1 -0.094391358710402162 -0.30291163862285092 -4.9222567718805381e-15 0 0 -16.658109599644721 
1 0.47763400000000006 -0.21590900000000002 0.46277999999999991 1 0 0 0 1 0 0 0 1 0 0 0 0 0 0 
2 0.49443500291558029 -0.22491035587741079 0.47280934436971678 0.88141971605632574 0.47233386936274857 0 -0.47233386936274857 0.88141971605632574 0 0 0 1 -0.19062174659315551 -0.35501290717694034 1.3535444369038052e-14 0 0 -21.123875408279108 
1 0.47763400000000006 -0.21590900000000002 0.46277999999999991 1 0 0 0 1 0 0 0 1 0 0 0 0 0 0 
2 0.49192288915275811 -0.22853177731347035 0.47280934436971694 0.74940056715920733 0.66211690051036931 0 -0.66211690051036931 0.74940056715920733 0 0 0 1 -0.31664307780361201 -0.35943776698089647 2.451851335219534e-15 0 0 -25.138653695907237 
1 0.47763400000000006 -0.21590900000000002 0.46277999999999991 1 0 0 0 1 0 0 0 1 0 0 0 0 0 0 
2 0.48805046250464218 -0.23187728101733562 0.47280934436971678 0.54642140055281785 0.83751038979698456 0 -0.83751038979698456 0.54642140055281785 0 0 0 1 -0.4549818279262256 -0.29928752386108981 -4.7490441377275138e-15 0 0 -28.547977818015553 
1 0.47763400000000006 -0.21590900000000002 0.46277999999999991 1 0 0 0 1 0 0 0 1 0 0 0 0 0 0 
2 0.48289094811067568 -0.23422969339044208 0.47280934436971683 0.27581420696604281 0.96121096708042864 0 -0.96121096708042864 0.27581420696604281 0 0 0 1 -0.56949053538309913 -0.15546159122850522 1.4202033084158506e-14 0 0 -30.993200684090567 
1 0.47763400000000006 -0.21590900000000002 0.46277999999999991 1 0 0 0 1 0 0 0 1 0 0 0 0 0 0 
2 0.47688060316023334 -0.23497039986467796 0.47280934436971683 -0.038911513697646949 0.99924266026914499 0 -0.99924266026914499 -0.038911513697646949 0 0 0 1 -0.61613426946871463 0.024800214266746463 -6.6003751602308695e-16 0 0 -32.373112954319588 
1 0.47763400000000006 -0.21590900000000002 0.46277999999999991 1 0 0 0 1 0 0 0 1 0 0 0 0 0 0 
2 0.47084355486472529 -0.23372238741406479 0.47280934436971683 -0.35546126523718752 0.93469101253621656 0 -0.93469101253621656 -0.35546126523718752 0 0 0 1 -0.5769876615511087 0.218830814255074 -1.2959261145955444e-16 0 0 -32.274137120217702 
1 0.47763400000000006 -0.21590900000000002 0.46277999999999991 1 0 0 0 1 0 0 0 1 0 0 0 0 0 0 
2 0.4656774062315524 -0.2307432418002078 0.47280934436971683 -0.62719439541865796 0.77886275450519782 0 -0.77886275450519782 -0.62719439541865796 0 0 0 1 -0.45250888542396839 0.36674096795985128 0 0 0 -30.425183122858591 
1 0.47763400000000006 -0.21590900000000002 0.46277999999999991 1 0 0 0 1 0 0 0 1 0 0 0 0 0 0 
2 0.46197145724136252 -0.22676250350592059 0.47280934436971683 -0.82192091325888073 0.56960162600512954 0 -0.56960162600512954 -0.82192091325888073 0 0 0 1 -0.28807427953513681 0.42114754381759578 0 0 0 -26.737319033086351 
1 0.47763400000000006 -0.21590900000000002 0.46277999999999991 1 0 0 0 1 0 0 0 1 0 0 0 0 0 0 
2 0.45982400140615542 -0.22268988157226396 0.47280934436971683 -0.93454599966147656 0.35584234503039625 0 -0.35584234503039625 -0.93454599966147656 0 0 0 1 -0.15382514350265408 0.37480806733910227 0 0 0 -21.435051155970115 
1 0.47763400000000006 -0.21590900000000002 0.46277999999999991 1 0 0 0 1 0 0 0 1 0 0 0 0 0 0 
2 0.45887403777036356 -0.21925986463670064 0.47280934436971683 -0.98442458792256593 0.17580736814333531 0 -0.17580736814333531 -0.98442458792256593 0 0 0 1 -0.060993009226926499 0.29927890850243555 0 0 0 -15.907010987514775 
1 0.47763400000000006 -0.21590900000000002 0.46277999999999991 1 0 0 0 1 0 0 0 1 0 0 0 0 0 0 
2 0.45859458467608216 -0.21676104592630305 0.47280934436971678 -0.99900277296451556 0.044648175877728728 0 -0.044648175877728728 -0.99900277296451556 0 0 0 1 -0.010017523000395118 0.20980171779470577 -1.1655776208099641e-14 0 0 -10.852201126336233 
1 0.47763400000000006 -0.21590900000000002 0.46277999999999991 1 0 1.0334043042939254e-26 0 1 0 -1.0334043042939254e-26 0 1 0 0 0 0 7.8929898329187489e-24 0 
2 0.45858965547191077 -0.21515196932293656 0.47280934436971689 -0.99921100803386065 -0.039716009668093528 -2.8290032943999057e-26 0.039716009668093528 -0.99921100803386065 -1.2673256280410116e-28 -2.8262679023594838e-26 -1.2501997937447516e-27 1 0.0042669648117854937 0.11884460437044612 9.6362361026812243e-15 5.6536444743396524e-25 5.8801594859398987e-25 -6.2372125679756234 
1 0.47763400000000006 -0.21590900000000002 0.46277999999999991 1 0 1.9215849295039391e-25 0 1 0 -1.9215849295039391e-25 0 1 0 0 0 0 1.6872504018358854e-24 0 
2 0.45863606500060938 -0.21439004643354662 0.47280934436971678 -0.9968199435328805 -0.079686888351251831 8.9445351937253107e-26 0.079686888351251831 -0.9968199435328805 -1.3433005298734371e-26 9.0231345060833287e-26 -6.2626658099989652e-27 1 0.0026621409418579674 0.032781849942662922 -3.8755709907391664e-15 -2.0759701071896854e-25 1.0055815892848708e-23 -1.7226696067107179 
1 0.47763400000000006 -0.21590900000000002 0.46277999999999991 1 0 -4.707803438093195e-26 0 1 0 4.707803438093195e-26 0 1 0 0 0 0 -2.1954856646561144e-24 0 
2 0.4586255970670795 -0.21453200609084466 0.47280934436971683 -0.99738697767247364 -0.07224414695578113 3.1003051131300648e-26 0.07224414695578113 -0.99738697767247364 8.3021212739174668e-27 3.0322259797115507e-26 1.0520216627670169e-26 1 -0.0044671718998443828 -0.061300843116172725 -9.5398086488364374e-15 6.380472953003754e-25 -1.7063304465898208e-23 3.2246563241455326 
1 0.47763400000000006 -0.21590900000000002 0.46277999999999991 1 0 1.7979346007775966e-26 0 1 0 -1.7979346007775966e-26 0 1 0 0 0 0 3.1513452516795925e-24 0 
2 0.45857752558609044 -0.21561728444116507 0.47280934436971689 -0.99988286452163455 -0.015305464253347908 2.8957376366579982e-26 0.015305464253347908 -0.99988286452163455 2.347610232402399e-28 2.8950391303997792e-26 6.7793961324491259e-28 1 -0.0024020472641129915 -0.15538055441787418 1.2036020599045998e-14 -1.8741563540433935e-25 1.2185522794339999e-23 8.1546158739530714 
1 0.47763400000000006 -0.21590900000000002 0.46277999999999991 1 0 -1.1188562183418773e-26 0 1 0 1.1188562183418773e-26 0 1 0 0 0 0 5.7602221465711909e-24 0 
2 0.45865312980379574 -0.21762926171465627 0.47280934436971683 -0.99591798386087826 0.09026277982913844 -2.0025244412703723e-26 -0.09026277982913844 -0.99591798386087826 -1.1418437014687785e-27 -2.0046567028446175e-26 6.703515503975325e-28 1 0.022321021675240069 -0.24638213011931107 7.1283606911912703e-15 -7.0336485003124813e-25 1.0489012994174742e-23 12.979859232704355 
1 0.47763400000000006 -0.21590900000000002 0.46277999999999991 1 0 -6.9601547309909261e-27 0 1 0 6.9601547309909261e-27 0 1 0 0 0 0 -2.8716578969770839e-25 0 
2 0.45914037740423802 -0.22051572059964061 0.47280934436971683 -0.9703478561552088 0.24171271802491104 -8.2544133515860783e-27 -0.24171271802491104 -0.9703478561552088 -5.475886715444397e-28 -8.1420114456891388e-27 1.4638451934249607e-27 1 0.081785840237261903 -0.3284036229801735 -2.9288778334086648e-16 2.8174541478170459e-26 -5.8733335206357307e-25 17.757820622475794 
1 0.47763400000000006 -0.21590900000000002 0.46277999999999991 1 0 -8.4531457222292382e-28 0 1 0 8.4531457222292382e-28 0 1 0 0 0 0 -1.1882894841217893e-24 0 
2 0.46043064781964671 -0.22411148735192532 0.47280934436971683 -0.90264857560095613 0.43037837883142444 -6.2887117958613476e-28 -0.43037837883142444 -0.90264857560095613 6.0222107824449157e-29 -5.4173138135462e-28 3.250119586115125e-28 1 0.18320132952211521 -0.38443634068147353 0 9.5740991198378592e-26 -1.1903775350545394e-24 22.343599202580709 
1 0.47763400000000006 -0.21590900000000002 0.46277999999999991 1 0 -5.6793812464233649e-27 0 1 0 5.6793812464233649e-27 0 1 0 0 0 0 4.2378182337694005e-24 0 
2 0.46292729733144483 -0.22803231076924843 0.47280934436971683 -0.7716253251906755 0.63607732039775189 -5.6393315566897773e-27 -0.63607732039775189 -0.7716253251906755 -1.2372007820674372e-27 -5.1384064045402465e-27 2.6323954496247717e-27 1 0.32097106232668227 -0.38855790323632827 0 -9.8854946632438547e-25 4.1804017544912017e-24 26.445512622187479 
1 0.47763400000000006 -0.21590900000000002 0.46277999999999991 1 0 3.5194281036004737e-27 0 1 0 -3.5194281036004737e-27 0 1 0 0 0 0 -1.1654034783786184e-24 0 
2 0.46688280305898894 -0.23164805983958953 0.47280934436971683 -0.56408811543121407 0.82571459841113459 3.149267483756557e-27 -0.82571459841113459 -0.56408811543121407 1.0469543046024036e-27 2.64094981308062e-27 -2.0098216550135228e-27 1 0.46920868510872715 -0.31984586575913526 0 3.8820753002963024e-25 -1.0227324708274273e-24 29.806808607963678 
1 0.47763400000000006 -0.21590900000000002 0.46277999999999991 1 0 -5.1964446914626474e-28 0 1 0 5.1964446914626474e-28 0 1 0 0 0 0 7.9649855033324512e-26 0 
2 0.47220843600852314 -0.23418257791658198 0.47280934436971683 -0.28476323787748414 0.95859788146726643 -3.444713012333061e-28 -0.95859788146726643 -0.28476323787748414 -7.023352281717652e-29 -1.6541846927559479e-28 3.1020953422355844e-28 1 0.58604494754474357 -0.1736245823193702 0 -1.4118313173027651e-26 5.0356453263094817e-26 32.087857632321764 
1 0.47763400000000006 -0.21590900000000002 0.46277999999999991 1 0 -3.0465731440818176e-29 0 1 0 3.0465731440818176e-29 0 1 0 0 0 0 1.6661445020270958e-27 0 
2 0.47836398704560273 -0.23495621852183818 0.47280934436971683 0.038001761922348769 0.9992776721666492 -4.6328648513493929e-29 -0.9992776721666492 0.038001761922348769 -7.5868757738732787e-29 -7.4053385352342377e-29 4.9178330510122785e-29 1 0.62824840952932015 0.024003001326068505 0 -4.924213352017034e-27 1.3012680439577541e-27 32.995622139175381 
1 0.47763400000000006 -0.21590900000000002 0.46277999999999991 1 0 2.684098895744485e-30 0 1 0 -2.684098895744485e-30 0 1 0 0 0 0 6.5020660591877277e-29 0 
2 0.48445770913518094 -0.23370223437788615 0.47280934436971683 0.35770656531038009 0.93383403939557208 3.4500452115196901e-30 -0.93383403939557208 0.35770656531038009 7.6668658601847004e-30 5.9254764929420543e-30 -5.9642579095128648e-30 1 0.5746483471392877 0.22026681304858123 0 -1.3004876857395607e-28 2.0729442105106006e-28 32.274068586392623 
1 0.47763400000000006 -0.21590900000000002 0.46277999999999991 1 0 0 0 1 0 0 0 1 0 0 0 0 0 0 
2 0.48958189955051901 -0.23074763907671572 0.47280934436971683 0.62693138524770287 0.77907447538178032 2.0781398488810102e-58 -0.77907447538178032 0.62693138524770287 1.3168923311251179e-58 -2.7689389219183281e-59 -2.4446268459112918e-58 1 0.44262513610284987 0.35729149034926566 0 -4.8513034259232391e-57 1.6799067805856723e-56 29.818854734076709 
1 0.47763400000000006 -0.21590900000000002 0.46277999999999991 1 0 0 0 1 0 0 0 1 0 0 0 0 0 0 
2 0.49320344414762163 -0.22688309936303608 0.47280934436971683 0.81734767095449834 0.57614476026885553 -5.7535535922742013e-59 -0.57614476026885553 0.81734767095449834 -6.483839910522702e-59 9.6702323748746631e-60 8.6144312048223857e-59 1 0.28219289430600714 0.40324401547297173 0 7.8683953519047262e-57 -8.8752779903556954e-57 25.822473777083673 
1 0.47763400000000006 -0.21590900000000002 0.46277999999999991 1 0 0 0 1 0 0 0 1 0 0 0 0 0 0 
2 0.49532606204628227 -0.22298063708872357 0.47280934436971683 0.92862860231016253 0.37101067231479207 3.5952621343280187e-60 -0.37101067231479207 0.92862860231016253 1.2469331910228658e-59 1.2875919645905452e-60 -1.29132588851421e-59 1 0.14637472065721246 0.36916920277677517 0 -2.0602166556227781e-57 7.7149936043269942e-58 20.86823527100583 
1 0.47763400000000006 -0.21590900000000002 0.46277999999999991 1 0 0 0 1 0 0 0 1 0 0 0 0 0 0 
2 0.49632328514030388 -0.2196413770314139 0.47280934436971683 0.98067183013741721 0.19565981083229331 6.4716472399698064e-61 -0.19565981083229331 0.98067183013741721 -1.0437303311770645e-60 -8.3887229344052673e-61 8.969328065707619e-61 1 0.058709799984747943 0.29437001323142631 0 1.6186995089005959e-58 8.8966294129437524e-59 15.780056295735214 
1 0.47763400000000006 -0.21590900000000002 0.46277999999999991 1 0 0 0 1 0 0 0 1 0 0 0 0 0 0 
2 0.49665849750737256 -0.21710621097964075 0.47280934436971683 0.99803163803721995 0.06271243478564334 3.5082177072751211e-90 -0.06271243478564334 0.99803163803721995 1.2369754713223822e-89 -2.7255748292155162e-90 -1.2565415432738724e-89 1 0.013703291909757314 0.21030933735083901 0 -9.4032736838817416e-88 3.4066524851208091e-88 11.070423024608761 
1 0.47763400000000006 -0.21590900000000002 0.46277999999999991 1 0 -1.5869711934504639e-28 0 1 0 1.5869711934504639e-28 0 1 0 0 0 0 -5.1469982526565161e-26 0 
2 0.49668665046687438 -0.21542628640870529 0.47280934436971683 0.99967835422444795 -0.025361153268318861 -1.7024381135095716e-28 0.025361153268318861 0.99967835422444795 8.2288573559994735e-30 1.699803598355936e-28 -1.2543789971447683e-29 1 -0.0031750511878787893 0.12441673822033007 0 -3.224023636710924e-27 -5.5188705285113969e-26 6.5217146670328683 
1 0.47763400000000006 -0.21590900000000002 0.46277999999999991 1 0 -3.3590550042894803e-28 0 1 0 3.3590550042894803e-28 0 1 0 0 0 0 7.9655797541424799e-26 0 
2 0.49664977772442298 -0.21463144787874797 0.47280934436971678 0.99775088550654512 -0.06703111569193175 -3.6467789247553638e-27 0.06703111569193175 0.99775088550654512 -6.7967385478114402e-29 3.643132831100532e-27 -1.7663314096182192e-28 1 -0.0023130293911896409 0.034097439944931252 -5.2772264396913903e-15 -6.0683956020482275e-28 6.053637781402625e-26 1.7923744104539767 
1 0.47763400000000006 -0.21590900000000002 0.46277999999999991 1 0 -2.0390286494074629e-28 0 1 0 2.0390286494074629e-28 0 1 0 0 0 0 -5.8666138795152827e-25 0 
2 0.49665751542127368 -0.21475167227375372 0.47280934436971683 0.99815462082421424 -0.060723578017679317 7.8073411902198069e-28 0.060723578017679317 0.99815462082421424 7.4895274746875541e-30 -7.7974815944283682e-28 3.9933262730846087e-29 1 0.003542889856604118 -0.058176875655899796 3.4589418972748218e-14 2.5900688529834564e-26 -2.4030369776622966e-24 -3.0567983952296842 
1 0.47763400000000006 -0.21590900000000002 0.46277999999999991 1 0 7.602330856371461e-28 0 1 0 -7.602330856371461e-28 0 1 0 0 0 0 1.1880013827114201e-25 0 
2 0.49669236092600483 -0.21579600736057603 0.47280934436971678 0.99998243489240413 -0.0059270487309307559 1.6044507691010664e-27 0.0059270487309307559 0.99998243489240413 -2.9011855192395789e-29 -1.6042506320711749e-27 3.852100349087913e-29 1 0.00089361155099256396 -0.15059841677810479 -4.4661134135531412e-15 -1.7869500870904522e-27 2.6576042794633205e-25 -7.9023242168872123 
1 0.47763400000000006 -0.21590900000000002 0.46277999999999991 1 0 7.3400820696546341e-29 0 1 0 -7.3400820696546341e-29 0 1 0 0 0 0 1.2899979383824205e-26 0 
2 0.49660260546389806 -0.21775994862861231 0.47280934436971678 0.99527279153818038 0.09711884690315159 6.5648952754081265e-29 -0.09711884690315159 0.99527279153818038 2.0682795038215379e-30 -6.5137747548628012e-29 -8.4342529073255155e-30 1 -0.023555656025341813 -0.24155912458097187 -7.8105460046260845e-16 -1.0471384071183252e-27 -8.6579429014788527e-27 -12.735426395146346 
1 0.47763400000000006 -0.21590900000000002 0.46277999999999991 1 0 -3.9293477213041862e-29 0 1 0 3.9293477213041862e-29 0 1 0 0 0 0 1.1438511464013253e-27 0 
2 0.49610671721903904 -0.2205990117387587 0.47280934436971683 0.96924873789161625 0.24608308372480397 -3.273267384283911e-28 -0.24608308372480397 0.96924873789161625 8.2409314513793384e-30 3.192889819242174e-28 7.2562060769740029e-29 1 -0.082056556393220528 -0.32358772239074379 0 6.9079841704036904e-27 -1.220147268227932e-26 -17.517596216541637 
1 0.47763400000000006 -0.21590900000000002 0.46277999999999991 1 0 1.2904016549083251e-29 0 1 0 -1.2904016549083251e-29 0 1 0 0 0 0 7.2302568074296568e-27 0 
2 0.49482097536185277 -0.22414636093636611 0.47280934436971683 0.9017760009067769 0.43220370681957448 1.0806833246141941e-28 -0.43220370681957448 0.9017760009067769 -1.1966790161107435e-29 -1.0262551973808546e-28 -3.5916169704461597e-29 1 -0.18175174879438505 -0.37974301696294577 0 5.5524388641724091e-27 6.2914674411779836e-26 -22.090128434255249 
1 0.47763400000000006 -0.21590900000000002 0.46277999999999991 1 0 -1.3975832495155675e-29 0 1 0 1.3975832495155675e-29 0 1 0 0 0 0 -6.7888247690940027e-27 0 
2 0.49234607684085158 -0.22802572178673788 0.47280934436971683 0.77191256350073612 0.63572871125168007 -8.0607569304834392e-29 -0.63572871125168007 0.77191256350073612 2.1058513812305797e-29 7.5609497306430834e-29 3.4989214770920227e-29 1 -0.31742488079997755 -0.3860070274482581 0 -9.1143430060191239e-27 -3.9249238719566731e-26 -26.217448685915176 
1 0.47763400000000006 -0.21590900000000002 0.46277999999999991 1 0 4.9517955355136479e-30 0 1 0 -4.9517955355136479e-30 0 1 0 0 0 0 1.9847396201790521e-27 0 
2 0.48842736240936491 -0.23161812462135201 0.47280934436971683 0.56631949828823247 0.82418579571511952 2.9481249759838841e-29 -0.82418579571511952 0.56631949828823247 -1.2523028627780615e-29 -2.7017108887252591e-29 -1.7205992002455061e-29 1 -0.46488178525588147 -0.31997609924604897 0 4.5673090315043963e-27 1.19642174958732e-26 -29.596475379155699 
1 0.47763400000000006 -0.21590900000000002 0.46277999999999991 1 0 -7.1234227018418507e-31 0 1 0 7.1234227018418507e-31 0 1 0 0 0 0 -2.3793425773325629e-28 0 
2 0.48314981885090091 -0.23415301126489968 0.47280934436971683 0.28947173321591985 0.95718656262453417 -4.7519879169283072e-30 -0.95718656262453417 0.28947173321591985 2.9481358180725878e-30 4.1974821683855152e-30 3.695136994824521e-30 1 -0.58187497999653248 -0.17630197255555921 0 -9.0900032706389202e-28 -1.6342347353462471e-27 -31.873442111749533 
1 0.47763400000000006 -0.21590900000000002 0.46277999999999991 1 0 0 0 1 0 0 0 1 0 0 0 0 0 0 
2 0.47705156780464275 -0.2349586130486144 0.47280934436971683 -0.030438267985314491 0.99953664857375502 3.5252256659968283e-59 -0.99953664857375502 -0.030438267985314491 -5.1552496964473212e-59 -5.0455592406175031e-59 -3.6805091194483278e-59 1 -0.62371456537627745 0.01906234894249512 0 1.4684558799022977e-56 7.6486102269965284e-57 -32.704686059453394 
1 0.47763400000000006 -0.21590900000000002 0.46277999999999991 1 0 0 0 1 0 0 0 1 0 0 0 0 0 0 
2 0.47101505486240564 -0.23377893023499638 0.47280934436971683 -0.3472087796118728 0.93778785626624206 -1.2347475646675638e-59 -0.93778785626624206 -0.3472087796118728 2.0817985044508011e-59 1.5235701616102288e-59 1.8807499898277423e-59 1 -0.56983373587396779 0.21161384424985366 0 -4.5210992513559935e-57 -2.7619410379069104e-57 -31.861271193413636 
1 0.47763400000000006 -0.21590900000000002 0.46277999999999991 1 0 0 0 1 0 0 0 1 0 0 0 0 0 0 
2 0.46592239128503415 -0.23093882876342459 0.47280934436971683 -0.61458997302546403 0.78884673102989999 4.5837705090056788e-60 -0.78884673102989999 -0.61458997302546403 -2.3141174580259611e-60 9.9165540150171649e-61 -5.0381257679263216e-60 1 -0.44090309910178554 0.3446983297421905 0 3.8638277753818791e-58 7.7591937870926205e-58 -29.350625592693909 
1 0.47763400000000006 -0.21590900000000002 0.46277999999999991 1 0 0 0 1 0 0 0 1 0 0 0 0 0 0 
2 0.46228172848012111 -0.227193560124473 0.47280934436971683 -0.80577138305077067 0.59222671187345843 -1.6768749334235844e-60 -0.59222671187345843 -0.80577138305077067 -5.4995340903381264e-61 -1.6768749334235847e-60 5.499534090338125e-61 1 -0.28706505730066384 0.39194106541491364 0 9.2371967879384704e-59 -2.094545766929067e-58 -25.498658307029388 
1 0.47763400000000006 -0.21590900000000002 0.46277999999999991 1 0 0 0 1 0 0 0 1 0 0 0 0 0 0 
2 0.46009448326106145 -0.22335768765955533 0.47280934436971683 -0.92049156481919892 0.39076243306733388 2.8338827450488768e-61 -0.39076243306733388 -0.92049156481919892 5.7661014334477768e-62 2.8338827450488771e-61 -5.7661014334477716e-62 1 -0.15522177705761528 0.3664410053877471 0 -8.2706313827273744e-60 2.5492892476291323e-59 -20.897170592692252 
1 0.47763400000000006 -0.21590900000000002 0.46277999999999991 1 0 0 0 1 0 0 0 1 0 0 0 0 0 0 
2 0.4590192521490476 -0.22000140493078257 0.47280934436971683 -0.97670737987380263 0.21457561394541394 1.698684822763479e-90 -0.21457561394541394 -0.97670737987380263 -5.2287289091677949e-90 5.3716028663389836e-91 -5.4714344516879129e-90 1 -0.066021024283238097 0.30022947696345131 0 2.1807189894651747e-88 1.0028544727270006e-88 -16.138453339201437 
1 0.47763400000000006 -0.21590900000000002 0.46277999999999991 1 0 0 0 1 0 0 0 1 0 0 0 0 0 0 
2 0.45863092752615542 -0.21739802744656081 0.47280934436971683 -0.99695012511767178 0.078041322566052285 -4.9680992398349972e-91 -0.078041322566052285 -0.99695012511767178 5.4062655691863239e-91 -4.531035043587898e-91 5.7774941709357889e-91 1 -0.017126163613365702 0.21834038243355178 0 -9.3894095797490478e-91 -7.4381463204328001e-91 -11.491674233660248 
1 0.47763400000000006 -0.21590900000000002 0.46277999999999991 1 0 0 0 1 0 0 0 1 0 0 0 0 0 0 
2 0.45857518693954957 -0.2156461110420845 0.47280934436971683 -0.99990477047645154 -0.013800361532755013 9.6149898143939961e-94 0.013800361532755013 -0.99990477047645154 1.3933739309835465e-91 -9.6149898143939259e-94 1.3933739309835465e-91 1 0.0019113918733214589 0.13083418963240331 0 1.0010852407692959e-89 -5.4736039058801386e-91 -6.8647421382028373 
1 0.47763400000000006 -0.21590900000000002 0.46277999999999991 1 0 0 0 1 0 0 0 1 0 0 0 0 0 0 
2 0.45860792347868534 -0.21478777512311104 0.47280934436971683 -0.99826906195921705 -0.058812243071190637 -6.1604241009164877e-94 0.058812243071190637 -0.99826906195921705 -2.0931330360088751e-92 6.1604241009164632e-94 -2.0931330360088751e-92 1 0.0024150208759659941 0.040007824538545414 0 -2.9755323623502272e-90 1.0962369825736687e-91 -2.1049742833606455 
1 0.47763400000000006 -0.21590900000000002 0.46277999999999991 1 0 0 0 1 0 0 0 1 0 0 0 0 0 0 
2 0.45860489909559937 -0.21484944995095565 0.47280934436971683 -0.99845439306853512 -0.055577198221422201 -9.1628022475085146e-127 0.055577198221422201 -0.99845439306853512 -3.2947760934975591e-125 9.1628022475085687e-127 -3.2947760934975591e-125 1 -0.0029629388553713194 -0.052722640029849076 0 -9.3272069584986208e-123 2.1377466024204521e-124 2.7668381252725487 
1 0.47763400000000006 -0.21590900000000002 0.46277999999999991 1 0 0 0 1 0 0 0 1 0 0 0 0 0 0 
2 0.458575513042005 -0.21584128538114186 0.47280934436971683 -0.99999369683112926 -0.0035505348909027528 1.3335266256438597e-128 0.0035505348909027528 -0.99999369683112926 7.5116705730102527e-126 -1.3335266256436929e-128 7.5116705730102527e-126 1 -0.00055411661302170534 -0.1455900121537137 0 3.3166603574513684e-123 2.2801017082477495e-125 7.6384884306375973 
1 0.47763400000000006 -0.21590900000000002 0.46277999999999991 1 0 0 0 1 0 0 0 1 0 0 0 0 0 0 
2 0.45866486843875376 -0.21775457709346754 0.47280934436971683 -0.99530014006425582 0.096838170098741613 3.1184238863499498e-128 -0.096838170098741613 -0.99530014006425582 -6.4253502630928252e-127 -3.1184238863499457e-128 -6.4253502630928252e-127 1 0.023110963748178757 -0.23653681202698085 0 -4.8357214029278421e-123 -2.387042191715288e-124 12.457142182588765 
1 0.47763400000000006 -0.21590900000000002 0.46277999999999991 1 0 1.4670531687889266e-26 0 1 0 -1.4670531687889266e-26 0 1 0 0 0 0 1.0832446215350623e-24 0 
2 0.45914646900174105 -0.2205401671164488 0.47280934436971683 -0.97002710686451044 0.24299673238146155 1.472012555548779e-26 -0.24299673238146155 -0.97002710686451044 1.8763760196668308e-28 1.4324516129421965e-26 -3.3949288500536435e-27 1 0.079643578654879935 -0.31820501467763773 0 9.5105708616276447e-26 1.1108783189968414e-24 17.213419521946193 
1 0.47763400000000006 -0.21590900000000002 0.46277999999999991 1 0 -1.0867351643903561e-26 0 1 0 1.0867351643903561e-26 0 1 0 0 0 0 -2.3610126871637035e-24 0 
2 0.460396380874386 -0.22404009491787302 0.47280934436971683 -0.90442716268048728 0.42662806682838311 -1.0065353211485595e-26 -0.42662806682838311 -0.90442716268048728 -5.7473152741698314e-28 -9.3485754469280786e-27 3.7743593779161914e-27 1 0.17705837656886969 -0.37577323362495429 0 1.5172639471858208e-25 -2.2902292632855335e-24 21.797072791993212 
1 0.47763400000000006 -0.21590900000000002 0.46277999999999991 1 0 1.0888133579279489e-26 0 1 0 -1.0888133579279489e-26 0 1 0 0 0 0 1.1020471253091897e-24 0 
2 0.46281398305044857 -0.22789391872926149 0.47280934436971683 -0.77756235462471568 0.62880584020066788 1.0975855691743812e-26 -0.62880584020066788 -0.77756235462471568 1.7588584548417283e-27 9.6403926641842075e-27 -5.5340600385699271e-27 1 0.31091867511616417 -0.38480395898640468 0 -1.0739658856015232e-25 9.3011941467377568e-25 25.956058349077125 
1 0.47763400000000006 -0.21590900000000002 0.46277999999999991 1 0 -7.272038634689259e-27 0 1 0 7.272038634689259e-27 0 1 0 0 0 0 6.4183417668180429e-26 0 
