       1 4.776340e-01 -2.159090e-01 4.627800e-01 1.000000e+00 0.000000e+00 0.000000e+00 0.000000e+00 1.000000e+00 0.000000e+00 0.000000e+00 0.000000e+00 1.000000e+00 0.000000e+00 0.000000e+00 0.000000e+00 0.000000e+00 0.000000e+00 0.000000e+00
       2 4.966927e-01 -2.159090e-01 4.728093e-01 1.000000e+00 -2.121766e-18 5.421011e-20 2.121766e-18 1.000000e+00 -3.851285e-34 -5.421011e-20 3.852435e-34 1.000000e+00 0.000000e+00 0.000000e+00 0.000000e+00 0.000000e+00 0.000000e+00 0.000000e+00
       1 4.776340e-01 -2.159090e-01 4.627800e-01 1.000000e+00 0.000000e+00 0.000000e+00 0.000000e+00 1.000000e+00 0.000000e+00 0.000000e+00 0.000000e+00 1.000000e+00 0.000000e+00 0.000000e+00 0.000000e+00 0.000000e+00 0.000000e+00 0.000000e+00
       2 4.966908e-01 -2.161751e-01 4.728093e-01 9.999025e-01 1.396104e-02 3.069378e-20 -1.396104e-02 9.999025e-01 -9.600401e-22 -3.070420e-20 5.314294e-22 1.000000e+00 -3.714925e-04 -5.321586e-02 -2.078991e-15 7.346399e-20 -4.701696e-18 -2.792208e+00
       1 4.776340e-01 -2.159090e-01 4.627800e-01 1.000000e+00 0.000000e+00 0.000000e+00 0.000000e+00 1.000000e+00 0.000000e+00 0.000000e+00 0.000000e+00 1.000000e+00 8.326673e-15 -4.163336e-15 0.000000e+00 0.000000e+00 0.000000e+00 0.000000e+00
       2 4.966630e-01 -2.169722e-01 4.728093e-01 9.984427e-01 5.578659e-02 4.616568e-19 -5.578659e-02 9.984427e-01 -3.321190e-20 -4.627907e-19 7.405918e-21 1.000000e+00 -4.080479e-03 -1.062671e-01 7.568044e-15 2.049768e-18 6.600782e-17 -5.578495e+00
       1 4.776340e-01 -2.159090e-01 4.627800e-01 1.000000e+00 0.000000e+00 0.000000e+00 0.000000e+00 1.000000e+00 0.000000e+00 0.000000e+00 0.000000e+00 1.000000e+00 8.326673e-15 -4.163336e-15 0.000000e+00 0.000000e+00 0.000000e+00 0.000000e+00
       2 4.965430e-01 -2.182928e-01 4.728093e-01 9.921469e-01 1.250782e-01 5.164972e-19 -1.250782e-01 9.921469e-01 -2.381900e-19 -5.422335e-19 1.717169e-19 1.000000e+00 -1.660741e-02 -1.582341e-01 7.738305e-15 2.386602e-17 -1.102007e-17 -8.339734e+00
       1 4.776340e-01 -2.159090e-01 4.627800e-01 1.000000e+00 0.000000e+00 0.000000e+00 0.000000e+00 1.000000e+00 0.000000e+00 0.000000e+00 0.000000e+00 1.000000e+00 8.326673e-15 -4.163336e-15 0.000000e+00 0.000000e+00 0.000000e+00 0.000000e+00
       2 4.962236e-01 -2.201116e-01 4.728093e-01 9.753852e-01 2.205077e-01 5.706048e-20 -2.205077e-01 9.753852e-01 -8.801200e-20 -7.506327e-20 7.326333e-20 1.000000e+00 -4.191881e-02 -2.067840e-01 6.595968e-15 -2.756470e-17 -7.125615e-17 -1.104359e+01
       1 4.776340e-01 -2.159090e-01 4.627800e-01 1.000000e+00 0.000000e+00 0.000000e+00 0.000000e+00 1.000000e+00 0.000000e+00 0.000000e+00 0.000000e+00 1.000000e+00 8.326673e-15 -4.163336e-15 0.000000e+00 0.000000e+00 0.000000e+00 0.000000e+00
       2 4.955645e-01 -2.223690e-01 4.728093e-01 9.408040e-01 3.389511e-01 -3.873121e-22 -3.389511e-01 9.408040e-01 3.416938e-20 1.194614e-20 -3.201541e-20 1.000000e+00 -8.288827e-02 -2.476685e-01 6.625418e-15 -1.467570e-17 8.608683e-18 -1.364099e+01
       1 4.776340e-01 -2.159090e-01 4.627800e-01 1.000000e+00 0.000000e+00 0.000000e+00 0.000000e+00 1.000000e+00 0.000000e+00 0.000000e+00 0.000000e+00 1.000000e+00 8.326673e-15 -4.163336e-15 0.000000e+00 0.000000e+00 0.000000e+00 0.000000e+00
       2 4.944102e-01 -2.249529e-01 4.728093e-01 8.802388e-01 4.745311e-01 1.298630e-19 -4.745311e-01 8.802388e-01 -8.315432e-20 -1.537698e-19 1.157163e-20 1.000000e+00 -1.401905e-01 -2.747278e-01 9.471769e-15 1.136735e-17 3.159733e-17 -1.606487e+01
       1 4.776340e-01 -2.159090e-01 4.627800e-01 1.000000e+00 0.000000e+00 0.000000e+00 0.000000e+00 1.000000e+00 0.000000e+00 0.000000e+00 0.000000e+00 1.000000e+00 8.326673e-15 -4.163336e-15 0.000000e+00 0.000000e+00 0.000000e+00 0.000000e+00
       2 4.926187e-01 -2.276858e-01 4.728093e-01 7.862388e-01 6.179228e-01 -1.089612e-19 -6.179228e-01 7.862388e-01 -1.380891e-19 3.410956e-22 1.759007e-19 1.000000e+00 -2.110129e-01 -2.807302e-01 7.413429e-15 1.342384e-17 -3.411694e-17 -1.823275e+01
       1 4.776340e-01 -2.159090e-01 4.627800e-01 1.000000e+00 0.000000e+00 0.000000e+00 0.000000e+00 1.000000e+00 0.000000e+00 0.000000e+00 0.000000e+00 1.000000e+00 8.326673e-15 -4.163336e-15 0.000000e+00 0.000000e+00 0.000000e+00 0.000000e+00
       2 4.901003e-01 -2.303252e-01 4.728093e-01 6.540994e-01 7.564086e-01 -1.098080e-19 -7.564086e-01 6.540994e-01 6.934710e-19 5.963728e-19 -3.705392e-19 1.000000e+00 -2.881847e-01 -2.592608e-01 5.168187e-15 -1.160885e-16 -1.152301e-17 -2.005412e+01
       1 4.776340e-01 -2.159090e-01 4.627800e-01 1.000000e+00 0.000000e+00 0.000000e+00 0.000000e+00 1.000000e+00 0.000000e+00 0.000000e+00 0.000000e+00 1.000000e+00 8.326673e-15 -4.163336e-15 0.000000e+00 0.000000e+00 0.000000e+00 0.000000e+00
       2 4.868571e-01 -2.325874e-01 4.728093e-01 4.839321e-01 8.751055e-01 1.452500e-19 -8.751055e-01 4.839321e-01 9.267996e-19 7.407563e-19 -5.756172e-19 1.000000e+00 -3.605549e-01 -2.073635e-01 1.018065e-14 -1.366753e-17 9.994496e-18 -2.144187e+01
       1 4.776340e-01 -2.159090e-01 4.627800e-01 1.000000e+00 0.000000e+00 0.000000e+00 0.000000e+00 1.000000e+00 0.000000e+00 0.000000e+00 0.000000e+00 1.000000e+00 8.326673e-15 -4.163336e-15 0.000000e+00 0.000000e+00 0.000000e+00 0.000000e+00
       2 4.830081e-01 -2.341943e-01 4.728093e-01 2.819777e-01 9.594210e-01 9.679734e-20 -9.594210e-01 2.819777e-01 3.475133e-19 3.061169e-19 -1.908604e-19 1.000000e+00 -4.151901e-01 -1.279310e-01 5.825221e-15 1.005067e-16 7.870591e-19 -2.232535e+01
       1 4.776340e-01 -2.159090e-01 4.627800e-01 1.000000e+00 0.000000e+00 0.000000e+00 0.000000e+00 1.000000e+00 0.000000e+00 0.000000e+00 0.000000e+00 1.000000e+00 8.326673e-15 -4.163336e-15 0.000000e+00 0.000000e+00 0.000000e+00 0.000000e+00
       2 4.787848e-01 -2.349329e-01 4.728093e-01 6.038018e-02 9.981755e-01 -1.365725e-19 -9.981755e-01 6.038018e-02 5.577303e-18 5.575373e-18 -2.004353e-19 1.000000e+00 -4.410545e-01 -3.044440e-02 4.438939e-15 -7.875043e-16 -1.669536e-16 -2.266147e+01
       1 4.776340e-01 -2.159090e-01 4.627800e-01 1.000000e+00 0.000000e+00 0.000000e+00 0.000000e+00 1.000000e+00 0.000000e+00 0.000000e+00 0.000000e+00 1.000000e+00 8.326672e-15 -4.163336e-15 0.000000e+00 0.000000e+00 0.000000e+00 0.000000e+00
       2 4.744922e-01 -2.347069e-01 4.728093e-01 -1.648507e-01 9.863185e-01 8.277273e-19 -9.863185e-01 -1.648507e-01 -2.865141e-18 -2.689490e-18 -1.288723e-18 1.000000e+00 -4.327232e-01 7.082712e-02 4.508562e-15 1.468217e-15 1.527579e-16 -2.244064e+01
       1 4.776340e-01 -2.159090e-01 4.627800e-01 1.000000e+00 0.000000e+00 0.000000e+00 0.000000e+00 1.000000e+00 0.000000e+00 0.000000e+00 0.000000e+00 1.000000e+00 8.326669e-15 -4.163335e-15 0.000000e+00 0.000000e+00 0.000000e+00 0.000000e+00
       2 4.704460e-01 -2.335603e-01 4.728093e-01 -3.771491e-01 9.261526e-01 8.981719e-20 -9.261526e-01 -3.771491e-01 3.387104e-19 3.475720e-19 4.455989e-20 1.000000e+00 -3.922893e-01 1.607039e-01 6.734723e-15 -8.429094e-16 5.264286e-17 -2.168623e+01
       1 4.776340e-01 -2.159090e-01 4.627800e-01 1.000000e+00 0.000000e+00 0.000000e+00 0.000000e+00 1.000000e+00 0.000000e+00 0.000000e+00 0.000000e+00 1.000000e+00 8.326644e-15 -4.163322e-15 0.000000e+00 0.000000e+00 0.000000e+00 0.000000e+00
       2 4.669075e-01 -2.316626e-01 4.728093e-01 -5.628138e-01 8.265837e-01 3.107547e-19 -8.265837e-01 -5.628138e-01 6.275235e-19 6.935977e-19 9.631414e-20 1.000000e+00 -3.284729e-01 2.273138e-01 8.318592e-15 9.856757e-17 -2.876628e-16 -2.044866e+01
       1 4.776340e-01 -2.159090e-01 4.627800e-01 1.000000e+00 0.000000e+00 0.000000e+00 0.000000e+00 1.000000e+00 0.000000e+00 0.000000e+00 0.000000e+00 1.000000e+00 8.326424e-15 -4.163212e-15 0.000000e+00 0.000000e+00 0.000000e+00 0.000000e+00
       2 4.640381e-01 -2.292651e-01 4.728093e-01 -7.133721e-01 7.007855e-01 -9.912284e-20 -7.007855e-01 -7.133721e-01 1.630056e-19 4.352047e-20 1.857475e-19 1.000000e+00 -2.534901e-01 2.647498e-01 7.074333e-15 1.428853e-17 1.281961e-16 -1.879621e+01
       1 4.776340e-01 -2.159090e-01 4.627800e-01 1.000000e+00 0.000000e+00 0.000000e+00 0.000000e+00 1.000000e+00 0.000000e+00 0.000000e+00 0.000000e+00 1.000000e+00 8.324536e-15 -4.162268e-15 0.000000e+00 0.000000e+00 0.000000e+00 0.000000e+00
       2 4.618861e-01 -2.266439e-01 4.728093e-01 -8.262831e-01 5.632550e-01 -8.016348e-20 -5.632550e-01 -8.262831e-01 -7.790668e-19 -5.050511e-19 -5.985773e-19 1.000000e+00 -1.793184e-01 2.732952e-01 5.041187e-15 1.306838e-16 4.033808e-17 -1.680530e+01
       1 4.776340e-01 -2.159090e-01 4.627800e-01 1.000000e+00 0.000000e+00 0.000000e+00 0.000000e+00 1.000000e+00 0.000000e+00 0.000000e+00 0.000000e+00 1.000000e+00 8.308331e-15 -4.154166e-15 0.000000e+00 0.000000e+00 0.000000e+00 0.000000e+00
       2 4.604026e-01 -2.240522e-01 4.728093e-01 -9.041233e-01 4.272717e-01 -1.155517e-19 -4.272717e-01 -9.041233e-01 -4.639096e-19 -3.026884e-19 -3.700595e-19 1.000000e+00 -1.149331e-01 2.576925e-01 7.446680e-15 -4.970387e-17 -1.927946e-18 -1.455184e+01
       1 4.776340e-01 -2.159090e-01 4.627800e-01 1.000000e+00 0.000000e+00 0.000000e+00 0.000000e+00 1.000000e+00 0.000000e+00 0.000000e+00 0.000000e+00 1.000000e+00 8.169258e-15 -4.084629e-15 0.000000e+00 0.000000e+00 0.000000e+00 0.000000e+00
       2 4.594734e-01 -2.216906e-01 4.728093e-01 -9.528763e-01 3.033590e-01 -1.100733e-19 -3.033590e-01 -9.528763e-01 4.272322e-20 -9.192580e-20 7.410168e-20 1.000000e+00 -6.519877e-02 2.246588e-01 8.294371e-15 -6.044049e-17 -2.489701e-17 -1.210476e+01
       1 4.776340e-01 -2.159090e-01 4.627800e-01 1.000000e+00 0.000000e+00 0.000000e+00 0.000000e+00 1.000000e+00 0.000000e+00 0.000000e+00 0.000000e+00 1.000000e+00 6.975646e-15 -3.487823e-15 0.000000e+00 0.000000e+00 0.000000e+00 0.000000e+00
       2 4.589558e-01 -2.196985e-01 4.728093e-01 -9.800338e-01 1.988312e-01 -7.412117e-19 -1.988312e-01 -9.800338e-01 9.583575e-19 -5.358611e-19 1.086599e-18 1.000000e+00 -3.117926e-02 1.807439e-01 1.035368e-14 -1.123107e-16 -1.009303e-16 -9.522016e+00
       1 4.776340e-01 -2.159090e-01 4.627800e-01 1.000000e+00 0.000000e+00 0.000000e+00 0.000000e+00 1.000000e+00 0.000000e+00 0.000000e+00 0.000000e+00 1.000000e+00 5.058056e-15 -2.529028e-15 0.000000e+00 0.000000e+00 0.000000e+00 0.000000e+00
       2 4.587088e-01 -2.181607e-01 4.728093e-01 -9.929965e-01 1.181439e-01 -4.496610e-20 -1.181439e-01 -9.929965e-01 -1.350311e-19 -6.060428e-20 -1.287729e-19 1.000000e+00 -1.117867e-02 1.310610e-01 6.074740e-15 2.099315e-16 1.373773e-16 -6.848847e+00
       1 4.776340e-01 -2.159090e-01 4.627800e-01 1.000000e+00 0.000000e+00 0.000000e+00 0.000000e+00 1.000000e+00 0.000000e+00 0.000000e+00 0.000000e+00 1.000000e+00 8.729298e-15 -4.364649e-15 0.000000e+00 0.000000e+00 0.000000e+00 0.000000e+00
       2 4.586139e-01 -2.171221e-01 4.728093e-01 -9.979722e-01 6.365081e-02 -1.048811e-19 -6.365081e-02 -9.979722e-01 7.728515e-20 -9.974918e-20 8.380420e-20 1.000000e+00 -1.872048e-03 7.889540e-02 7.627408e-15 -8.978684e-17 -3.738611e-17 -4.118282e+00
       1 4.776340e-01 -2.159090e-01 4.627800e-01 1.000000e+00 0.000000e+00 0.000000e+00 0.000000e+00 1.000000e+00 0.000000e+00 0.000000e+00 0.000000e+00 1.000000e+00 1.185794e-14 -5.928970e-15 0.000000e+00 0.000000e+00 0.000000e+00 0.000000e+00
       2 4.585879e-01 -2.166031e-01 4.728093e-01 -9.993367e-01 3.641654e-02 -1.052218e-19 -3.641654e-02 -9.993367e-01 1.180399e-19 -1.008534e-19 1.217935e-19 1.000000e+00 8.408203e-04 2.592909e-02 6.483647e-15 6.590072e-18 -3.655402e-19 -1.353355e+00
       1 4.776340e-01 -2.159090e-01 4.627800e-01 1.000000e+00 0.000000e+00 0.000000e+00 0.000000e+00 1.000000e+00 0.000000e+00 0.000000e+00 0.000000e+00 1.000000e+00 5.283249e-15 -2.641625e-15 0.000000e+00 0.000000e+00 0.000000e+00 0.000000e+00
       2 4.585882e-01 -2.166114e-01 4.728093e-01 -9.993207e-01 3.685389e-02 -7.447805e-20 -3.685389e-02 -9.993207e-01 -3.581510e-21 -7.455944e-20 -8.342711e-22 1.000000e+00 1.346084e-03 -2.720281e-02 5.200248e-15 2.103419e-17 2.912998e-18 1.429196e+00
       1 4.776340e-01 -2.159090e-01 4.627800e-01 1.000000e+00 0.000000e+00 0.000000e+00 0.000000e+00 1.000000e+00 0.000000e+00 0.000000e+00 0.000000e+00 1.000000e+00 9.962294e-15 -4.981147e-15 0.000000e+00 0.000000e+00 0.000000e+00 0.000000e+00
       2 4.586157e-01 -2.171490e-01 4.728093e-01 -9.978813e-01 6.506133e-02 -2.164726e-18 -6.506133e-02 -9.978813e-01 3.362514e-19 -2.138262e-18 4.763789e-19 1.000000e+00 4.099334e-03 -8.022280e-02 6.641745e-15 -6.591342e-17 -3.128877e-16 4.214348e+00
       1 4.776340e-01 -2.159090e-01 4.627800e-01 1.000000e+00 0.000000e+00 0.000000e+00 0.000000e+00 1.000000e+00 0.000000e+00 0.000000e+00 0.000000e+00 1.000000e+00 6.194526e-15 -3.097263e-15 0.000000e+00 0.000000e+00 0.000000e+00 0.000000e+00
       2 4.587149e-01 -2.182113e-01 4.728093e-01 -9.926768e-01 1.208009e-01 3.255314e-18 -1.208009e-01 -9.926768e-01 -3.453276e-20 3.227303e-18 -4.275246e-19 1.000000e+00 1.350745e-02 -1.324686e-01 3.425246e-15 9.293035e-17 9.183521e-16 6.982797e+00
       1 4.776340e-01 -2.159090e-01 4.627800e-01 1.000000e+00 0.000000e+00 0.000000e+00 0.000000e+00 1.000000e+00 0.000000e+00 0.000000e+00 0.000000e+00 1.000000e+00 7.774282e-15 -3.887141e-15 0.000000e+00 0.000000e+00 0.000000e+00 0.000000e+00
       2 4.589726e-01 -2.197800e-01 4.728093e-01 -9.791555e-01 2.031119e-01 -3.893353e-18 -2.031119e-01 -9.791555e-01 2.519151e-19 -3.761031e-18 1.037450e-18 1.000000e+00 3.369487e-02 -1.821949e-01 9.869489e-15 -6.529885e-17 -1.339675e-15 9.705849e+00
       1 4.776340e-01 -2.159090e-01 4.627800e-01 1.000000e+00 0.000000e+00 0.000000e+00 0.000000e+00 1.000000e+00 0.000000e+00 0.000000e+00 0.000000e+00 1.000000e+00 9.900158e-15 -4.950079e-15 0.000000e+00 0.000000e+00 0.000000e+00 0.000000e+00
       2 4.595117e-01 -2.218096e-01 4.728093e-01 -9.508660e-01 3.096028e-01 -8.880769e-20 -3.096028e-01 -9.508660e-01 -9.759682e-21 -8.746583e-20 1.821496e-20 1.000000e+00 6.798949e-02 -2.259996e-01 2.911416e-15 -6.805626e-17 9.199996e-16 1.234062e+01
       1 4.776340e-01 -2.159090e-01 4.627800e-01 1.000000e+00 0.000000e+00 0.000000e+00 0.000000e+00 1.000000e+00 0.000000e+00 0.000000e+00 0.000000e+00 1.000000e+00 9.825925e-15 -4.912962e-15 0.000000e+00 0.000000e+00 0.000000e+00 0.000000e+00
       2 4.604781e-01 -2.242102e-01 4.728093e-01 -9.001591e-01 4.355613e-01 1.309861e-19 -4.355613e-01 -9.001591e-01 4.271477e-20 1.365133e-19 -1.860241e-20 1.000000e+00 1.180031e-01 -2.586121e-01 4.525924e-15 1.907148e-16 -1.537948e-16 1.482758e+01
       1 4.776340e-01 -2.159090e-01 4.627800e-01 1.000000e+00 0.000000e+00 0.000000e+00 0.000000e+00 1.000000e+00 0.000000e+00 0.000000e+00 0.000000e+00 1.000000e+00 1.153477e-14 -5.767384e-15 0.000000e+00 0.000000e+00 0.000000e+00 0.000000e+00
       2 4.620165e-01 -2.268328e-01 4.728093e-01 -8.194396e-01 5.731655e-01 -1.917501e-19 -5.731655e-01 -8.194396e-01 -3.202159e-20 -1.754813e-19 8.366476e-20 1.000000e+00 1.824407e-01 -2.733531e-01 7.530698e-15 -1.702634e-16 -3.504727e-17 1.709124e+01
       1 4.776340e-01 -2.159090e-01 4.627800e-01 1.000000e+00 0.000000e+00 0.000000e+00 0.000000e+00 1.000000e+00 0.000000e+00 0.000000e+00 0.000000e+00 1.000000e+00 8.180997e-15 -4.090498e-15 0.000000e+00 0.000000e+00 0.000000e+00 0.000000e+00
       2 4.642364e-01 -2.294640e-01 4.728093e-01 -7.029672e-01 7.112223e-01 5.787258e-20 -7.112223e-01 -7.029672e-01 -2.849042e-19 -1.619477e-19 -2.414386e-19 1.000000e+00 2.560517e-01 -2.635497e-01 6.393127e-15 7.541915e-17 2.710351e-17 1.904522e+01
       1 4.776340e-01 -2.159090e-01 4.627800e-01 1.000000e+00 0.000000e+00 0.000000e+00 0.000000e+00 1.000000e+00 0.000000e+00 0.000000e+00 0.000000e+00 1.000000e+00 6.548393e-15 -3.274197e-15 0.000000e+00 0.000000e+00 0.000000e+00 0.000000e+00
       2 4.671727e-01 -2.318400e-01 4.728093e-01 -5.488975e-01 8.358897e-01 -1.826673e-19 -8.358897e-01 -5.488975e-01 -2.592576e-20 -1.219367e-19 1.384591e-19 1.000000e+00 3.294645e-01 -2.248406e-01 3.940513e-15 -2.633149e-17 -8.097089e-17 2.060196e+01
       1 4.776340e-01 -2.159090e-01 4.627800e-01 1.000000e+00 0.000000e+00 0.000000e+00 0.000000e+00 1.000000e+00 0.000000e+00 0.000000e+00 0.000000e+00 1.000000e+00 1.002540e-14 -5.012702e-15 0.000000e+00 0.000000e+00 0.000000e+00 0.000000e+00
       2 4.707555e-01 -2.336831e-01 4.728093e-01 -3.609113e-01 9.326002e-01 1.514791e-19 -9.326002e-01 -3.609113e-01 -1.636582e-19 -9.795718e-20 -2.003355e-19 1.000000e+00 3.905976e-01 -1.576765e-01 3.644555e-15 3.782894e-17 9.552491e-17 2.168494e+01
       1 4.776340e-01 -2.159090e-01 4.627800e-01 1.000000e+00 0.000000e+00 0.000000e+00 0.000000e+00 1.000000e+00 0.000000e+00 0.000000e+00 0.000000e+00 1.000000e+00 4.698448e-15 -2.349224e-15 0.000000e+00 0.000000e+00 0.000000e+00 0.000000e+00
       2 4.748012e-01 -2.347560e-01 4.728093e-01 -1.486366e-01 9.888919e-01 -2.424807e-20 -9.888919e-01 -1.486366e-01 -5.690388e-20 -5.987594e-20 1.552072e-20 1.000000e+00 4.277132e-01 -6.876827e-02 5.774533e-15 -1.973395e-17 -3.999915e-17 2.224053e+01
       1 4.776340e-01 -2.159090e-01 4.627800e-01 1.000000e+00 0.000000e+00 0.000000e+00 0.000000e+00 1.000000e+00 0.000000e+00 0.000000e+00 0.000000e+00 1.000000e+00 4.447878e-15 -2.223939e-15 0.000000e+00 0.000000e+00 0.000000e+00 0.000000e+00
       2 4.790373e-01 -2.349160e-01 4.728093e-01 7.363002e-02 9.972856e-01 2.513872e-19 -9.972856e-01 7.363002e-02 3.378212e-18 3.350533e-18 -4.994427e-19 1.000000e+00 4.331330e-01 2.964627e-02 4.624481e-15 -5.375850e-16 1.248524e-16 2.224587e+01
       1 4.776340e-01 -2.159090e-01 4.627800e-01 1.000000e+00 0.000000e+00 0.000000e+00 0.000000e+00 1.000000e+00 0.000000e+00 0.000000e+00 0.000000e+00 1.000000e+00 9.115226e-15 -4.557613e-15 0.000000e+00 0.000000e+00 0.000000e+00 0.000000e+00
       2 4.831554e-01 -2.341504e-01 4.728093e-01 2.897034e-01 9.571165e-01 -3.815508e-19 -9.571165e-01 2.897034e-01 -5.613384e-19 -4.267296e-19 5.278103e-19 1.000000e+00 4.059061e-01 1.228345e-01 6.009001e-15 7.515419e-16 -1.165620e-16 2.171099e+01
       1 4.776340e-01 -2.159090e-01 4.627800e-01 1.000000e+00 0.000000e+00 0.000000e+00 0.000000e+00 1.000000e+00 0.000000e+00 0.000000e+00 0.000000e+00 1.000000e+00 1.189447e-14 -5.947236e-15 0.000000e+00 0.000000e+00 0.000000e+00 0.000000e+00
       2 4.868751e-01 -2.325774e-01 4.728093e-01 4.848763e-01 8.745827e-01 6.249448e-19 -8.745827e-01 4.848763e-01 -2.804540e-19 -5.483012e-19 -4.105804e-19 1.000000e+00 3.520573e-01 1.976692e-01 2.973755e-15 -1.809357e-16 5.665928e-17 2.067498e+01
       1 4.776340e-01 -2.159090e-01 4.627800e-01 1.000000e+00 0.000000e+00 0.000000e+00 0.000000e+00 1.000000e+00 0.000000e+00 0.000000e+00 0.000000e+00 1.000000e+00 7.505148e-15 -3.752574e-15 0.000000e+00 0.000000e+00 0.000000e+00 0.000000e+00
       2 4.899973e-01 -2.304136e-01 4.728093e-01 6.486954e-01 7.610481e-01 3.013910e-19 -7.610481e-01 6.486954e-01 4.904099e-19 1.777145e-19 -5.474997e-19 1.000000e+00 2.823399e-01 2.459241e-01 1.065302e-14 -7.266486e-17 9.312598e-17 1.919821e+01
       1 4.776340e-01 -2.159090e-01 4.627800e-01 1.000000e+00 0.000000e+00 0.000000e+00 0.000000e+00 1.000000e+00 0.000000e+00 0.000000e+00 0.000000e+00 1.000000e+00 1.126680e-14 -5.633399e-15 0.000000e+00 0.000000e+00 0.000000e+00 0.000000e+00
       2 4.924295e-01 -2.279226e-01 4.728093e-01 7.763135e-01 6.303470e-01 -2.442965e-19 -6.303470e-01 7.763135e-01 -4.510253e-19 -9.465172e-20 5.041286e-19 1.000000e+00 2.087262e-01 2.654579e-01 6.979814e-15 1.055383e-16 -1.236482e-16 1.735292e+01
       1 4.776340e-01 -2.159090e-01 4.627800e-01 1.000000e+00 0.000000e+00 0.000000e+00 0.000000e+00 1.000000e+00 0.000000e+00 0.000000e+00 0.000000e+00 1.000000e+00 1.108671e-14 -5.543354e-15 0.000000e+00 0.000000e+00 0.000000e+00 0.000000e+00
       2 4.941820e-01 -2.253640e-01 4.728093e-01 8.682658e-01 4.960993e-01 3.156692e-20 -4.960993e-01 8.682658e-01 2.746136e-20 -1.378492e-20 -3.950409e-20 1.000000e+00 1.412618e-01 2.592382e-01 7.583174e-15 -1.183435e-16 2.708006e-17 1.521430e+01
       1 4.776340e-01 -2.159090e-01 4.627800e-01 1.000000e+00 0.000000e+00 0.000000e+00 0.000000e+00 1.000000e+00 0.000000e+00 0.000000e+00 0.000000e+00 1.000000e+00 1.180089e-14 -5.900445e-15 0.000000e+00 0.000000e+00 0.000000e+00 0.000000e+00
       2 4.953417e-01 -2.229568e-01 4.728093e-01 9.291128e-01 3.697965e-01 1.295333e-19 -3.697965e-01 9.291128e-01 -3.960496e-19 -2.668088e-19 3.200737e-19 1.000000e+00 8.632523e-02 2.331460e-01 1.075612e-14 1.157366e-16 1.211464e-17 1.285329e+01
       1 4.776340e-01 -2.159090e-01 4.627800e-01 1.000000e+00 0.000000e+00 0.000000e+00 0.000000e+00 1.000000e+00 0.000000e+00 0.000000e+00 0.000000e+00 1.000000e+00 8.287227e-15 -4.143613e-15 0.000000e+00 0.000000e+00 0.000000e+00 0.000000e+00
       2 4.960376e-01 -2.208630e-01 4.728093e-01 9.656258e-01 2.599361e-01 -4.199688e-21 -2.599361e-01 9.656258e-01 4.406988e-20 1.551068e-20 -4.146336e-20 1.000000e+00 4.640037e-02 1.937110e-01 5.823603e-15 -8.914546e-17 -3.344044e-17 1.033170e+01
       1 4.776340e-01 -2.159090e-01 4.627800e-01 1.000000e+00 0.000000e+00 0.000000e+00 0.000000e+00 1.000000e+00 0.000000e+00 0.000000e+00 0.000000e+00 1.000000e+00 8.728850e-15 -4.364425e-15 0.000000e+00 0.000000e+00 0.000000e+00 0.000000e+00
       2 4.964085e-01 -2.191883e-01 4.728093e-01 9.850861e-01 1.720624e-01 -6.154963e-19 -1.720624e-01 9.850861e-01 1.048014e-18 7.866406e-19 -9.264798e-19 1.000000e+00 2.083846e-02 1.465240e-01 7.125166e-15 -1.354501e-16 -6.558276e-17 7.699667e+00
       1 4.776340e-01 -2.159090e-01 4.627800e-01 1.000000e+00 0.000000e+00 0.000000e+00 0.000000e+00 1.000000e+00 0.000000e+00 0.000000e+00 0.000000e+00 1.000000e+00 1.134686e-14 -5.673429e-15 0.000000e+00 0.000000e+00 0.000000e+00 0.000000e+00
       2 4.965784e-01 -2.179932e-01 4.728093e-01 9.940026e-01 1.093563e-01 4.672113e-19 -1.093563e-01 9.940026e-01 -1.273451e-18 -6.036692e-19 1.214721e-18 1.000000e+00 6.946355e-03 9.552643e-02 9.331895e-15 3.996455e-16 1.843792e-16 4.995306e+00
       1 4.776340e-01 -2.159090e-01 4.627800e-01 1.000000e+00 0.000000e+00 0.000000e+00 0.000000e+00 1.000000e+00 0.000000e+00 0.000000e+00 0.000000e+00 1.000000e+00 9.519023e-15 -4.759512e-15 0.000000e+00 0.000000e+00 0.000000e+00 0.000000e+00
       2 4.966413e-01 -2.173081e-01 4.728093e-01 9.973019e-01 7.340988e-02 -2.293710e-19 -7.340988e-02 9.973019e-01 -1.992885e-19 2.141224e-19 2.155888e-19 1.000000e+00 9.349902e-04 4.300908e-02 8.641313e-15 -2.738905e-16 -1.654149e-16 2.246289e+00
       1 4.776340e-01 -2.159090e-01 4.627800e-01 1.000000e+00 0.000000e+00 0.000000e+00 0.000000e+00 1.000000e+00 0.000000e+00 0.000000e+00 0.000000e+00 1.000000e+00 7.986386e-15 -3.993193e-15 0.000000e+00 0.000000e+00 0.000000e+00 0.000000e+00
       2 4.966525e-01 -2.171461e-01 4.728093e-01 9.978912e-01 6.490957e-02 3.946350e-20 -6.490957e-02 9.978912e-01 1.060052e-19 -3.249952e-20 -1.083432e-19 1.000000e+00 -1.459281e-03 -9.953884e-03 6.054240e-15 8.006851e-18 7.451809e-17 -5.270398e-01
       1 4.776340e-01 -2.159090e-01 4.627800e-01 1.000000e+00 0.000000e+00 0.000000e+00 0.000000e+00 1.000000e+00 0.000000e+00 0.000000e+00 0.000000e+00 1.000000e+00 1.156613e-14 -5.783065e-15 0.000000e+00 0.000000e+00 0.000000e+00 0.000000e+00
       2 4.966252e-01 -2.175112e-01 4.728093e-01 9.964601e-01 8.406660e-02 -3.522454e-18 -8.406660e-02 9.964601e-01 -5.698320e-20 3.505195e-18 3.529022e-19 1.000000e+00 -4.651936e-03 -6.286651e-02 7.564738e-15 4.531909e-17 -5.370690e-16 -3.307448e+00
       1 4.776340e-01 -2.159090e-01 4.627800e-01 1.000000e+00 0.000000e+00 0.000000e+00 0.000000e+00 1.000000e+00 0.000000e+00 0.000000e+00 0.000000e+00 1.000000e+00 7.560886e-15 -3.780443e-15 0.000000e+00 0.000000e+00 0.000000e+00 0.000000e+00
       2 4.965292e-01 -2.184002e-01 4.728093e-01 9.914205e-01 1.307110e-01 -3.939112e-19 -1.307110e-01 9.914205e-01 -1.483354e-19 3.711425e-19 1.985513e-19 1.000000e+00 -1.304436e-02 -1.150917e-01 6.741975e-15 1.725170e-17 6.450033e-16 -6.075438e+00
       1 4.776340e-01 -2.159090e-01 4.627800e-01 1.000000e+00 0.000000e+00 0.000000e+00 0.000000e+00 1.000000e+00 0.000000e+00 0.000000e+00 0.000000e+00 1.000000e+00 1.007100e-14 -5.035500e-15 0.000000e+00 0.000000e+00 0.000000e+00 0.000000e+00
       2 4.962918e-01 -2.197974e-01 4.728093e-01 9.789661e-01 2.040231e-01 -1.936868e-18 -2.040231e-01 9.789661e-01 -2.710628e-19 1.840825e-18 6.605271e-19 1.000000e+00 -3.080227e-02 -1.651360e-01 7.690017e-15 -1.185275e-17 -3.841528e-16 -8.803422e+00
       1 4.776340e-01 -2.159090e-01 4.627800e-01 1.000000e+00 0.000000e+00 0.000000e+00 0.000000e+00 1.000000e+00 0.000000e+00 0.000000e+00 0.000000e+00 1.000000e+00 1.012569e-14 -5.062847e-15 0.000000e+00 0.000000e+00 0.000000e+00 0.000000e+00
       2 4.958032e-01 -2.216636e-01 4.728093e-01 9.533267e-01 3.019408e-01 5.085870e-20 -3.019408e-01 9.533267e-01 5.025123e-20 -3.331206e-20 -6.326215e-20 1.000000e+00 -6.142975e-02 -2.100659e-01 1.044654e-14 2.459232e-17 3.727021e-16 -1.145194e+01
       1 4.776340e-01 -2.159090e-01 4.627800e-01 1.000000e+00 0.000000e+00 0.000000e+00 0.000000e+00 1.000000e+00 0.000000e+00 0.000000e+00 0.000000e+00 1.000000e+00 6.460473e-15 -3.230236e-15 0.000000e+00 0.000000e+00 0.000000e+00 0.000000e+00
       2 4.949272e-01 -2.239202e-01 4.728093e-01 9.073642e-01 4.203454e-01 1.087128e-19 -4.203454e-01 9.073642e-01 -6.431906e-20 -1.256784e-19 1.266388e-20 1.000000e+00 -1.069652e-01 -2.451866e-01 3.872984e-15 -3.829014e-17 -9.542766e-17 -1.396582e+01
       1 4.776340e-01 -2.159090e-01 4.627800e-01 1.000000e+00 0.000000e+00 0.000000e+00 0.000000e+00 1.000000e+00 0.000000e+00 0.000000e+00 0.000000e+00 1.000000e+00 1.071886e-14 -5.359428e-15 0.000000e+00 0.000000e+00 0.000000e+00 0.000000e+00
       2 4.935226e-01 -2.264346e-01 4.728093e-01 8.336652e-01 5.522701e-01 -4.884280e-20 -5.522701e-01 8.336652e-01 -9.771200e-20 -1.324488e-20 1.084335e-19 1.000000e+00 -1.668917e-01 -2.643152e-01 6.718918e-15 5.629173e-17 -2.267381e-17 -1.627424e+01
       1 4.776340e-01 -2.159090e-01 4.627800e-01 1.000000e+00 0.000000e+00 0.000000e+00 0.000000e+00 1.000000e+00 0.000000e+00 0.000000e+00 0.000000e+00 1.000000e+00 9.806475e-15 -4.903237e-15 0.000000e+00 0.000000e+00 0.000000e+00 0.000000e+00
       2 4.914739e-01 -2.290121e-01 4.728093e-01 7.261724e-01 6.875126e-01 -9.979370e-20 -6.875126e-01 7.261724e-01 1.667040e-19 1.870785e-19 -5.244641e-20 1.000000e+00 -2.370705e-01 -2.609161e-01 4.937750e-15 -6.901593e-17 -9.247267e-18 -1.829453e+01
       1 4.776340e-01 -2.159090e-01 4.627800e-01 1.000000e+00 0.000000e+00 0.000000e+00 0.000000e+00 1.000000e+00 0.000000e+00 0.000000e+00 0.000000e+00 1.000000e+00 7.145992e-15 -3.572996e-15 0.000000e+00 0.000000e+00 0.000000e+00 0.000000e+00
       2 4.887287e-01 -2.314055e-01 4.728093e-01 5.821331e-01 8.130935e-01 -1.086628e-20 -8.130935e-01 5.821331e-01 4.028031e-19 3.338422e-19 -2.256497e-19 1.000000e+00 -3.093468e-01 -2.301341e-01 4.931429e-15 -3.175577e-17 6.857829e-18 -1.994060e+01
       1 4.776340e-01 -2.159090e-01 4.627800e-01 1.000000e+00 0.000000e+00 0.000000e+00 0.000000e+00 1.000000e+00 0.000000e+00 0.000000e+00 0.000000e+00 1.000000e+00 6.280239e-15 -3.140120e-15 0.000000e+00 0.000000e+00 0.000000e+00 0.000000e+00
       2 4.853301e-01 -2.333447e-01 4.728093e-01 4.038119e-01 9.148420e-01 6.826324e-20 -9.148420e-01 4.038119e-01 -6.891456e-20 -9.061145e-20 -3.462156e-20 1.000000e+00 -3.725254e-01 -1.712087e-01 4.290485e-15 8.533277e-17 3.054498e-17 -2.113427e+01
       1 4.776340e-01 -2.159090e-01 4.627800e-01 1.000000e+00 0.000000e+00 0.000000e+00 0.000000e+00 1.000000e+00 0.000000e+00 0.000000e+00 0.000000e+00 1.000000e+00 1.103182e-14 -5.515911e-15 0.000000e+00 0.000000e+00 0.000000e+00 0.000000e+00
       2 4.814309e-01 -2.345857e-01 4.728093e-01 1.992200e-01 9.799548e-01 -6.308227e-20 -9.799548e-01 1.992200e-01 6.118799e-19 6.121819e-19 -6.008095e-20 1.000000e+00 -4.149599e-01 -8.918497e-02 7.439940e-15 -1.057081e-16 -3.573615e-17 -2.181704e+01
       1 4.776340e-01 -2.159090e-01 4.627800e-01 1.000000e+00 0.000000e+00 0.000000e+00 0.000000e+00 1.000000e+00 0.000000e+00 0.000000e+00 0.000000e+00 1.000000e+00 1.140903e-14 -5.704515e-15 0.000000e+00 0.000000e+00 0.000000e+00 0.000000e+00
       2 4.772774e-01 -2.349644e-01 4.728093e-01 -1.871182e-02 9.998249e-01 -1.946816e-19 -9.998249e-01 -1.871182e-02 -9.144247e-19 -9.179074e-19 1.775369e-19 1.000000e+00 -4.280618e-01 5.243388e-03 4.470808e-15 2.633308e-16 -2.838943e-17 -2.195884e+01
       1 4.776340e-01 -2.159090e-01 4.627800e-01 1.000000e+00 0.000000e+00 0.000000e+00 0.000000e+00 1.000000e+00 0.000000e+00 0.000000e+00 0.000000e+00 1.000000e+00 4.877916e-15 -2.438958e-15 0.000000e+00 0.000000e+00 0.000000e+00 0.000000e+00
       2 4.731648e-01 -2.344363e-01 4.728093e-01 -2.344990e-01 9.721164e-01 1.554703e-19 -9.721164e-01 -2.344990e-01 -1.424826e-19 -1.020520e-19 -1.845473e-19 1.000000e+00 -4.092186e-01 9.814828e-02 4.793685e-15 -2.014541e-16 9.685658e-17 -2.156150e+01
       1 4.776340e-01 -2.159090e-01 4.627800e-01 1.000000e+00 0.000000e+00 0.000000e+00 0.000000e+00 1.000000e+00 0.000000e+00 0.000000e+00 0.000000e+00 1.000000e+00 4.475083e-15 -2.237541e-15 0.000000e+00 0.000000e+00 0.000000e+00 0.000000e+00
       2 4.693762e-01 -2.330858e-01 4.728093e-01 -4.332833e-01 9.012578e-01 8.048220e-19 -9.012578e-01 -4.332833e-01 -7.386043e-19 -3.169570e-19 -1.045377e-18 1.000000e+00 -3.626545e-01 1.761664e-01 9.142383e-15 9.273662e-17 5.184150e-17 -2.065644e+01
       1 4.776340e-01 -2.159090e-01 4.627800e-01 1.000000e+00 0.000000e+00 0.000000e+00 0.000000e+00 1.000000e+00 0.000000e+00 0.000000e+00 0.000000e+00 1.000000e+00 1.023021e-14 -5.115105e-15 0.000000e+00 0.000000e+00 0.000000e+00 0.000000e+00
       2 4.661278e-01 -2.311025e-01 4.728093e-01 -6.037219e-01 7.971950e-01 6.900910e-21 -7.971950e-01 -6.037219e-01 -3.604463e-19 -2.831798e-19 -2.231107e-19 1.000000e+00 -2.978221e-01 2.299715e-01 3.900330e-15 -7.233881e-17 -9.039676e-17 -1.929795e+01
       1 4.776340e-01 -2.159090e-01 4.627800e-01 1.000000e+00 0.000000e+00 0.000000e+00 0.000000e+00 1.000000e+00 0.000000e+00 0.000000e+00 0.000000e+00 1.000000e+00 4.297025e-15 -2.148513e-15 0.000000e+00 0.000000e+00 0.000000e+00 0.000000e+00
       2 4.635369e-01 -2.287350e-01 4.728093e-01 -7.396687e-01 6.729712e-01 -2.432471e-19 -6.729712e-01 -7.396687e-01 -5.626502e-19 -5.585696e-19 -2.524765e-19 1.000000e+00 -2.262286e-01 2.559668e-01 8.731144e-15 6.967708e-17 -2.185735e-17 -1.755432e+01
       1 4.776340e-01 -2.159090e-01 4.627800e-01 1.000000e+00 0.000000e+00 0.000000e+00 0.000000e+00 1.000000e+00 0.000000e+00 0.000000e+00 0.000000e+00 1.000000e+00 1.058720e-14 -5.293600e-15 0.000000e+00 0.000000e+00 0.000000e+00 0.000000e+00
       2 4.616184e-01 -2.262402e-01 4.728093e-01 -8.403320e-01 5.420721e-01 -6.699833e-20 -5.420721e-01 -8.403320e-01 -1.726933e-19 -1.499130e-19 -1.088018e-19 1.000000e+00 -1.582281e-01 2.558376e-01 4.507850e-15 -8.519133e-17 5.178611e-17 -1.549897e+01
       1 4.776340e-01 -2.159090e-01 4.627800e-01 1.000000e+00 0.000000e+00 0.000000e+00 0.000000e+00 1.000000e+00 0.000000e+00 0.000000e+00 0.000000e+00 1.000000e+00 6.262652e-15 -3.131326e-15 0.000000e+00 0.000000e+00 0.000000e+00 0.000000e+00
       2 4.603058e-01 -2.238441e-01 4.728093e-01 -9.092030e-01 4.163530e-01 -1.157686e-20 -4.163530e-01 -9.092030e-01 -2.730342e-19 -1.242043e-19 -2.434234e-19 1.000000e+00 -1.009633e-01 2.346680e-01 3.192872e-15 3.205323e-17 -2.435861e-18 -1.320298e+01
       1 4.776340e-01 -2.159090e-01 4.627800e-01 1.000000e+00 0.000000e+00 0.000000e+00 0.000000e+00 1.000000e+00 0.000000e+00 0.000000e+00 0.000000e+00 1.000000e+00 1.144381e-14 -5.721907e-15 0.000000e+00 0.000000e+00 0.000000e+00 0.000000e+00
       2 4.594830e-01 -2.217207e-01 4.728093e-01 -9.523729e-01 3.049358e-01 -3.471774e-19 -3.049358e-01 -9.523729e-01 -7.372933e-20 -3.531251e-19 3.564903e-20 1.000000e+00 -5.778459e-02 1.987180e-01 4.870910e-15 -2.427209e-17 -4.259946e-17 -1.072975e+01
       1 4.776340e-01 -2.159090e-01 4.627800e-01 1.000000e+00 0.000000e+00 0.000000e+00 0.000000e+00 1.000000e+00 0.000000e+00 0.000000e+00 0.000000e+00 1.000000e+00 6.290362e-15 -3.145181e-15 0.000000e+00 0.000000e+00 0.000000e+00 0.000000e+00
       2 4.590170e-01 -2.199882e-01 4.728093e-01 -9.768266e-01 2.140324e-01 -8.676376e-20 -2.140324e-01 -9.768266e-01 -3.886431e-19 -1.679354e-19 -3.610667e-19 1.000000e+00 -2.877018e-02 1.537019e-01 3.459264e-15 5.892319e-17 5.321312e-17 -8.131998e+00
       1 4.776340e-01 -2.159090e-01 4.627800e-01 1.000000e+00 0.000000e+00 0.000000e+00 0.000000e+00 1.000000e+00 0.000000e+00 0.000000e+00 0.000000e+00 1.000000e+00 7.621899e-15 -3.810950e-15 0.000000e+00 0.000000e+00 0.000000e+00 0.000000e+00
       2 4.587835e-01 -2.187181e-01 4.728093e-01 -9.890783e-01 1.473914e-01 3.363050e-19 -1.473914e-01 -9.890783e-01 -4.624041e-19 2.644776e-19 -5.069223e-19 1.000000e+00 -1.172244e-02 1.038887e-01 8.780805e-15 -9.332362e-18 5.536630e-17 -5.450926e+00
       1 4.776340e-01 -2.159090e-01 4.627800e-01 1.000000e+00 0.000000e+00 0.000000e+00 0.000000e+00 1.000000e+00 0.000000e+00 0.000000e+00 0.000000e+00 1.000000e+00 9.160278e-15 -4.580139e-15 0.000000e+00 0.000000e+00 0.000000e+00 0.000000e+00
       2 4.586847e-01 -2.179484e-01 4.728093e-01 -9.942582e-01 1.070080e-01 1.611349e-19 -1.070080e-01 -9.942582e-01 -2.423799e-19 1.342731e-19 -2.582309e-19 1.000000e+00 -3.133280e-03 5.194355e-02 2.751515e-15 -3.668060e-17 -4.797444e-17 -2.717336e+00
       1 4.776340e-01 -2.159090e-01 4.627800e-01 1.000000e+00 0.000000e+00 0.000000e+00 0.000000e+00 1.000000e+00 0.000000e+00 0.000000e+00 0.000000e+00 1.000000e+00 1.147164e-14 -5.735822e-15 0.000000e+00 0.000000e+00 0.000000e+00 0.000000e+00
       2 4.586593e-01 -2.176968e-01 4.728093e-01 -9.955906e-01 9.380519e-02 -4.830887e-20 -9.380519e-02 -9.955906e-01 -1.416919e-19 -6.138729e-20 -1.365355e-19 1.000000e+00 1.127009e-03 -7.384532e-04 6.276902e-15 -3.867065e-18 -2.297585e-17 4.560606e-02
       1 4.776340e-01 -2.159090e-01 4.627800e-01 1.000000e+00 0.000000e+00 0.000000e+00 0.000000e+00 1.000000e+00 0.000000e+00 0.000000e+00 0.000000e+00 1.000000e+00 4.347785e-15 -2.173892e-15 0.000000e+00 0.000000e+00 0.000000e+00 0.000000e+00
       2 4.586870e-01 -2.179692e-01 4.728093e-01 -9.941403e-01 1.080977e-01 -5.547439e-20 -1.080977e-01 -9.941403e-01 -2.772283e-20 -5.814610e-20 -2.156372e-20 1.000000e+00 5.415821e-03 -5.344096e-02 4.122460e-15 -1.047653e-17 8.423238e-18 2.818321e+00
       1 4.776340e-01 -2.159090e-01 4.627800e-01 1.000000e+00 0.000000e+00 0.000000e+00 0.000000e+00 1.000000e+00 0.000000e+00 0.000000e+00 0.000000e+00 1.000000e+00 8.873777e-15 -4.436888e-15 0.000000e+00 0.000000e+00 0.000000e+00 0.000000e+00
       2 4.587902e-01 -2.187629e-01 4.728093e-01 -9.887249e-01 1.497434e-01 -3.032510e-19 -1.497434e-01 -9.887249e-01 2.689207e-19 -2.595628e-19 3.112984e-19 1.000000e+00 1.409933e-02 -1.054370e-01 5.309424e-15 -3.981860e-17 -3.456752e-17 5.580092e+00
       1 4.776340e-01 -2.159090e-01 4.627800e-01 1.000000e+00 0.000000e+00 0.000000e+00 0.000000e+00 1.000000e+00 0.000000e+00 0.000000e+00 0.000000e+00 1.000000e+00 9.462410e-15 -4.731205e-15 0.000000e+00 0.000000e+00 0.000000e+00 0.000000e+00
       2 4.590334e-01 -2.200627e-01 4.728093e-01 -9.759620e-01 2.179409e-01 3.989961e-18 -2.179409e-01 -9.759620e-01 4.157943e-19 3.984669e-18 -4.637764e-19 1.000000e+00 3.132639e-02 -1.552778e-01 4.016099e-15 2.410853e-17 6.599737e-16 8.303178e+00
       1 4.776340e-01 -2.159090e-01 4.627800e-01 1.000000e+00 0.000000e+00 0.000000e+00 0.000000e+00 1.000000e+00 0.000000e+00 0.000000e+00 0.000000e+00 1.000000e+00 1.182142e-14 -5.910711e-15 0.000000e+00 0.000000e+00 0.000000e+00 0.000000e+00
       2 4.595186e-01 -2.218306e-01 4.728093e-01 -9.505066e-01 3.107042e-01 -1.144230e-19 -3.107042e-01 -9.505066e-01 2.947248e-20 -9.960264e-20 6.356551e-20 1.000000e+00 6.060954e-02 -2.002044e-01 7.153921e-15 7.667090e-17 -8.281526e-16 1.094878e+01
       1 4.776340e-01 -2.159090e-01 4.627800e-01 1.000000e+00 0.000000e+00 0.000000e+00 0.000000e+00 1.000000e+00 0.000000e+00 0.000000e+00 0.000000e+00 1.000000e+00 8.656668e-15 -4.328334e-15 0.000000e+00 0.000000e+00 0.000000e+00 0.000000e+00
       2 4.603742e-01 -2.239920e-01 4.728093e-01 -9.056105e-01 4.241105e-01 -3.238393e-20 -4.241105e-01 -9.056105e-01 -9.959714e-20 -7.156741e-20 -7.646184e-20 1.000000e+00 1.040921e-01 -2.358089e-01 9.128159e-15 -8.214880e-17 1.978692e-16 1.346345e+01
       1 4.776340e-01 -2.159090e-01 4.627800e-01 1.000000e+00 0.000000e+00 0.000000e+00 0.000000e+00 1.000000e+00 0.000000e+00 0.000000e+00 0.000000e+00 1.000000e+00 1.178704e-14 -5.893518e-15 0.000000e+00 0.000000e+00 0.000000e+00 0.000000e+00
       2 4.617363e-01 -2.264207e-01 4.728093e-01 -8.341455e-01 5.515445e-01 1.275119e-19 -5.515445e-01 -8.341455e-01 -6.638962e-20 6.974662e-20 -1.257071e-19 1.000000e+00 1.615213e-01 -2.562402e-01 7.377708e-15 1.289700e-16 3.012015e-17 1.577874e+01
       1 4.776340e-01 -2.159090e-01 4.627800e-01 1.000000e+00 0.000000e+00 0.000000e+00 0.000000e+00 1.000000e+00 0.000000e+00 0.000000e+00 0.000000e+00 1.000000e+00 4.352867e-15 -2.176434e-15 0.000000e+00 0.000000e+00 0.000000e+00 0.000000e+00
       2 4.637185e-01 -2.289317e-01 4.728093e-01 -7.301414e-01 6.832961e-01 -4.519165e-19 -6.832961e-01 -7.301414e-01 -2.494550e-20 -3.470081e-19 2.905790e-19 1.000000e+00 2.292260e-01 -2.552159e-01 3.171322e-15 -7.771221e-17 -7.132097e-17 1.781451e+01
       1 4.776340e-01 -2.159090e-01 4.627800e-01 1.000000e+00 0.000000e+00 0.000000e+00 0.000000e+00 1.000000e+00 0.000000e+00 0.000000e+00 0.000000e+00 1.000000e+00 1.049139e-14 -5.245696e-15 0.000000e+00 0.000000e+00 0.000000e+00 0.000000e+00
       2 4.663770e-01 -2.312880e-01 4.728093e-01 -5.906468e-01 8.069302e-01 1.788965e-19 -8.069302e-01 -5.906468e-01 8.483888e-20 1.741237e-19 -9.424715e-20 1.000000e+00 2.996788e-01 -2.278952e-01 1.074292e-14 -3.678537e-17 1.264154e-16 1.948659e+01
       1 4.776340e-01 -2.159090e-01 4.627800e-01 1.000000e+00 0.000000e+00 0.000000e+00 0.000000e+00 1.000000e+00 0.000000e+00 0.000000e+00 0.000000e+00 1.000000e+00 5.775401e-15 -2.887701e-15 0.000000e+00 0.000000e+00 0.000000e+00 0.000000e+00
       2 4.696786e-01 -2.332280e-01 4.728093e-01 -4.174141e-01 9.087164e-01 3.340800e-20 -9.087164e-01 -4.174141e-01 -1.354861e-19 -1.091735e-19 -8.691222e-20 1.000000e+00 3.623090e-01 -1.731715e-01 8.657204e-15 5.897378e-17 -8.493377e-17 2.071757e+01
       1 4.776340e-01 -2.159090e-01 4.627800e-01 1.000000e+00 0.000000e+00 0.000000e+00 0.000000e+00 1.000000e+00 0.000000e+00 0.000000e+00 0.000000e+00 1.000000e+00 7.066770e-15 -3.533385e-15 0.000000e+00 0.000000e+00 0.000000e+00 0.000000e+00
       2 4.734848e-01 -2.345106e-01 4.728093e-01 -2.177062e-01 9.760144e-01 -4.613581e-20 -9.760144e-01 -2.177062e-01 2.368256e-20 1.307047e-20 5.018505e-20 1.000000e+00 4.058467e-01 -9.539625e-02 4.812989e-15 -4.313623e-17 -1.231111e-17 2.144810e+01
       1 4.776340e-01 -2.159090e-01 4.627800e-01 1.000000e+00 0.000000e+00 0.000000e+00 0.000000e+00 1.000000e+00 0.000000e+00 0.000000e+00 0.000000e+00 1.000000e+00 1.047111e-14 -5.235555e-15 0.000000e+00 0.000000e+00 0.000000e+00 0.000000e+00
       2 4.775644e-01 -2.349676e-01 4.728093e-01 -3.652700e-03 9.999933e-01 -1.665860e-19 -9.999933e-01 -3.652700e-03 -3.128351e-19 -3.134415e-19 1.654422e-19 1.000000e+00 4.216284e-01 -4.420615e-03 5.250641e-15 7.784804e-17 -1.055549e-18 2.164576e+01
       1 4.776340e-01 -2.159090e-01 4.627800e-01 1.000000e+00 0.000000e+00 0.000000e+00 0.000000e+00 1.000000e+00 0.000000e+00 0.000000e+00 0.000000e+00 1.000000e+00 1.085599e-14 -5.427996e-15 0.000000e+00 0.000000e+00 0.000000e+00 0.000000e+00
       2 4.816342e-01 -2.345432e-01 4.728093e-01 2.098879e-01 9.777255e-01 3.557098e-19 -9.777255e-01 2.098879e-01 -5.115943e-19 -5.748579e-19 -2.404091e-19 1.000000e+00 4.064919e-01 8.650991e-02 6.160284e-15 1.379469e-17 7.223804e-17 2.130902e+01
       1 4.776340e-01 -2.159090e-01 4.627800e-01 1.000000e+00 0.000000e+00 0.000000e+00 0.000000e+00 1.000000e+00 0.000000e+00 0.000000e+00 0.000000e+00 1.000000e+00 5.976729e-15 -2.988364e-15 0.000000e+00 0.000000e+00 0.000000e+00 0.000000e+00
