       1 3.182324e-03 -2.886375e-02 4.473941e-04 1.921758e-04 2.339077e-05 1.550267e-18 3.182324e-03 -2.886375e-02 4.473941e-04 1.921758e-04 2.339077e-05 1.550267e-18
       2 -3.182324e-03 2.886375e-02 -4.473941e-04 3.873418e-05 2.067826e-06 0.000000e+00 -3.182324e-03 2.886375e-02 -4.473941e-04 3.873418e-05 2.067826e-06 -2.099784e-24 1.000000e+00 -2.121766e-18 5.421011e-20 2.121766e-18 1.000000e+00 -3.851285e-34 -5.421011e-20 3.852435e-34 1.000000e+00 0.000000e+00 0.000000e+00 0.000000e+00
       1 -1.587517e-03 -2.907896e-02 -4.473950e-04 1.937226e-04 -3.664896e-06 1.698067e-18 -1.587517e-03 -2.907896e-02 -4.473950e-04 1.937226e-04 -3.664896e-06 1.698067e-18
       2 1.031838e-03 2.910397e-02 4.473950e-04 3.907437e-05 -8.291619e-06 0.000000e+00 1.587517e-03 2.907896e-02 4.473950e-04 3.890888e-05 -9.036402e-06 1.572067e-23 9.998176e-01 1.909936e-02 -3.723125e-19 -1.909936e-02 9.998176e-01 1.366036e-19 3.748536e-19 -1.294678e-19 1.000000e+00 -2.650360e-17 -8.555764e-17 -3.819872e+00
       1 1.151803e-02 -2.975745e-02 2.236811e-10 2.021981e-04 1.340286e-04 1.364153e-18 1.151803e-02 -2.975745e-02 2.236811e-10 2.021981e-04 1.340286e-04 1.364153e-18
       2 -1.375315e-02 2.879274e-02 -2.236811e-10 3.895138e-05 -3.902847e-05 0.000000e+00 -1.151803e-02 2.975745e-02 -2.236811e-10 3.586259e-05 -4.188444e-05 2.953448e-22 9.970897e-01 7.623754e-02 -7.333271e-18 -7.623754e-02 9.970897e-01 7.724756e-19 7.370820e-18 -2.111570e-19 1.000000e+00 -1.435114e-17 -1.025298e-15 -7.622691e+00
       1 3.596774e-02 -3.464503e-02 7.446301e-15 2.582857e-04 4.056743e-04 9.470775e-19 3.596774e-02 -3.464503e-02 7.446301e-15 2.582857e-04 4.056743e-04 9.470775e-19
       2 -4.134277e-02 2.801306e-02 -7.445302e-15 3.871204e-05 -1.129951e-04 0.000000e+00 -3.596774e-02 3.464503e-02 -7.446301e-15 1.890183e-05 -1.179374e-04 1.045652e-21 9.853899e-01 1.703138e-01 -2.272760e-17 -1.703138e-01 9.853899e-01 5.223610e-18 2.328520e-17 -1.276468e-18 1.000000e+00 -2.883595e-16 -2.041700e-15 -1.134909e+01
       1 6.578793e-02 -4.819975e-02 -9.681693e-15 4.121249e-04 7.387847e-04 8.700329e-19 6.578793e-02 -4.819975e-02 -9.681693e-15 4.121249e-04 7.387847e-04 8.700329e-19
       2 -7.715844e-02 2.641672e-02 9.681695e-15 3.796575e-05 -2.107385e-04 0.000000e+00 -6.578793e-02 4.819975e-02 9.681693e-15 -2.652705e-05 -2.124816e-04 9.595296e-24 9.546110e-01 2.978553e-01 -3.206888e-23 -2.978553e-01 9.546110e-01 4.516226e-20 1.348243e-20 -4.310284e-20 1.000000e+00 -3.616480e-16 4.259981e-15 -1.491224e+01
       1 9.658770e-02 -7.549295e-02 2.510592e-15 7.194530e-04 1.081078e-03 1.546090e-18 9.658770e-02 -7.549295e-02 2.510592e-15 7.194530e-04 1.081078e-03 1.546090e-18
       2 -1.202573e-01 2.380234e-02 -2.510594e-15 3.602578e-05 -3.273250e-04 0.000000e+00 -9.658770e-02 7.549295e-02 -2.510592e-15 -1.155104e-04 -3.083777e-04 5.096138e-23 8.924644e-01 4.511178e-01 1.143027e-19 -4.511178e-01 8.924644e-01 1.224415e-19 -4.677555e-20 -1.608387e-19 1.000000e+00 -9.014446e-17 -9.871404e-16 -1.819128e+01
       1 1.190422e-01 -1.186205e-01 9.850388e-15 1.202564e-03 1.328660e-03 3.359412e-18 1.190422e-01 -1.186205e-01 9.850388e-15 1.202564e-03 1.328660e-03 3.359412e-18
       2 -1.668593e-01 1.999580e-02 -9.850397e-15 3.235914e-05 -4.526464e-04 0.000000e+00 -1.190422e-01 1.186205e-01 -9.850388e-15 -2.536034e-04 -3.763259e-04 -1.610982e-22 7.873138e-01 6.165525e-01 -2.112093e-19 -6.165525e-01 7.873138e-01 -2.857491e-19 -9.891269e-21 3.551958e-19 1.000000e+00 1.008363e-15 2.871386e-16 -2.104116e+01
       1 1.220659e-01 -1.734104e-01 -1.271798e-14 1.813602e-03 1.358605e-03 6.387919e-18 1.220659e-01 -1.734104e-01 -1.271798e-14 1.813602e-03 1.358605e-03 6.387919e-18
       2 -2.115303e-01 1.503978e-02 1.271798e-14 2.655249e-05 -5.718622e-04 0.000000e+00 -1.220659e-01 1.734104e-01 1.271798e-14 -4.263188e-04 -3.820781e-04 -1.109905e-25 6.321524e-01 7.748440e-01 -5.342870e-22 -7.748440e-01 6.321524e-01 3.056602e-22 5.745898e-22 2.207653e-22 1.000000e+00 -2.835686e-16 -5.962836e-16 -2.331254e+01
       1 9.790319e-02 -2.279139e-01 3.496522e-15 2.418841e-03 1.086200e-03 1.017283e-17 9.790319e-02 -2.279139e-01 3.496522e-15 2.418841e-03 1.086200e-03 1.017283e-17
       2 -2.478811e-01 9.205728e-03 -3.496646e-15 1.855382e-05 -6.679193e-04 0.000000e+00 -9.790319e-02 2.279139e-01 -3.496522e-15 -5.955375e-04 -3.029778e-04 -1.976192e-22 4.285155e-01 9.035344e-01 -4.564267e-20 -9.035344e-01 4.285155e-01 -5.625403e-19 -4.887160e-19 2.822970e-19 1.000000e+00 -1.643826e-16 -1.719554e-16 -2.487850e+01
       1 4.798486e-02 -2.657683e-01 -1.980698e-15 2.836963e-03 5.291724e-04 1.374337e-17 4.798486e-02 -2.657683e-01 -1.980698e-15 2.836963e-03 5.291724e-04 1.374337e-17
       2 -2.700495e-01 2.933963e-03 1.980685e-15 8.803733e-06 -7.254639e-04 0.000000e+00 -4.798486e-02 2.657683e-01 1.980698e-15 -7.108200e-04 -1.452939e-04 -3.042627e-22 1.883592e-01 9.821002e-01 -4.033087e-19 -9.821002e-01 1.883592e-01 -1.210150e-19 -4.288197e-20 4.188839e-19 1.000000e+00 -4.072201e-16 1.343137e-16 -2.565827e+01
       1 -1.527536e-02 -2.738480e-01 2.729339e-15 2.923953e-03 -1.737300e-04 1.600061e-17 -1.527536e-02 -2.738480e-01 2.729339e-15 2.923953e-03 -1.737300e-04 1.600061e-17
       2 -2.742540e-01 -3.285668e-03 -2.729338e-15 -1.809585e-06 -7.349756e-04 0.000000e+00 1.527536e-02 2.738480e-01 -2.729339e-15 -7.331694e-04 5.152711e-05 1.111380e-26 -6.765078e-02 9.977091e-01 7.321829e-23 -9.977091e-01 -6.765078e-02 8.261205e-22 8.291812e-22 -1.716285e-23 1.000000e+00 -1.213700e-17 3.646595e-16 -2.562951e+01
       1 -7.339350e-02 -2.496456e-01 6.810954e-15 2.653546e-03 -8.180332e-04 1.627668e-17 -7.339350e-02 -2.496456e-01 6.810954e-15 2.653546e-03 -8.180332e-04 1.627668e-17
       2 -2.600532e-01 -9.048166e-03 -6.810954e-15 -1.219212e-05 -6.956976e-04 0.000000e+00 7.339350e-02 2.496456e-01 -6.810954e-15 -6.563808e-04 2.308852e-04 -4.670453e-25 -3.152444e-01 9.490105e-01 -5.523861e-22 -9.490105e-01 -3.152444e-01 4.524744e-22 2.552664e-22 6.668602e-22 1.000000e+00 3.063493e-16 1.527739e-16 -2.482493e+01
       1 -1.107794e-01 -2.023118e-01 -3.343588e-15 2.127710e-03 -1.232167e-03 1.464863e-17 -1.107794e-01 -2.023118e-01 -3.343588e-15 2.127710e-03 -1.232167e-03 1.464863e-17
       2 -2.302256e-01 -1.408209e-02 3.343588e-15 -2.133411e-05 -6.152352e-04 0.000000e+00 1.107794e-01 2.023118e-01 3.343588e-15 -5.092158e-04 3.459318e-04 3.041463e-25 -5.329340e-01 8.461568e-01 1.443585e-21 -8.461568e-01 -5.329340e-01 1.245765e-21 1.823448e-21 -5.575883e-22 1.000000e+00 2.359299e-16 -1.678929e-16 -2.331946e+01
       1 -1.213353e-01 -1.472306e-01 2.549004e-15 1.516321e-03 -1.349412e-03 1.181765e-17 -1.213353e-01 -1.472306e-01 2.549004e-15 1.516321e-03 -1.349412e-03 1.181765e-17
       2 -1.899090e-01 -1.826711e-02 -2.549004e-15 -2.858035e-05 -5.071343e-04 0.000000e+00 1.213353e-01 1.472306e-01 -2.549004e-15 -3.384757e-04 3.787297e-04 3.792256e-26 -7.069443e-01 7.072692e-01 -5.343649e-22 -7.072692e-01 -7.069443e-01 -5.777000e-22 -7.863557e-22 -3.046184e-23 1.000000e+00 -2.760196e-17 -2.348399e-16 -2.121265e+01
       1 -1.089034e-01 -9.825454e-02 -2.558526e-15 9.720924e-04 -1.212283e-03 8.680343e-18 -1.089034e-01 -9.825454e-02 -2.558526e-15 9.720924e-04 -1.212283e-03 8.680343e-18
       2 -1.450778e-01 -2.159470e-02 2.558550e-15 -3.370781e-05 -3.870506e-04 0.000000e+00 1.089034e-01 9.825454e-02 2.558526e-15 -1.860614e-04 3.410652e-04 9.454306e-23 -8.330075e-01 5.532617e-01 3.187980e-19 -5.532617e-01 -8.330075e-01 -1.032854e-19 2.084172e-19 -2.624162e-19 1.000000e+00 -2.000189e-16 -9.673422e-17 -1.861303e+01
       1 -8.294366e-02 -6.292424e-02 -1.224119e-15 5.783265e-04 -9.250502e-04 5.934230e-18 -8.294366e-02 -6.292424e-02 -1.224119e-15 5.783265e-04 -9.250502e-04 5.934230e-18
       2 -1.012751e-01 -2.413430e-02 1.224118e-15 -3.688016e-05 -2.695133e-04 0.000000e+00 8.294366e-02 6.292424e-02 1.224119e-15 -7.493259e-05 2.615008e-04 2.820674e-25 -9.150899e-01 4.032500e-01 -5.351297e-22 -4.032500e-01 -9.150899e-01 -1.231989e-21 -9.864912e-22 -9.115893e-22 1.000000e+00 -4.385497e-17 1.161670e-16 -1.562601e+01
       1 -5.334790e-02 -4.208777e-02 5.664325e-15 3.447459e-04 -5.969025e-04 3.908651e-18 -5.334790e-02 -4.208777e-02 5.664325e-15 3.447459e-04 -5.969025e-04 3.908651e-18
       2 -6.278147e-02 -2.599742e-02 -5.664325e-15 -3.851324e-05 -1.658976e-04 0.000000e+00 5.334790e-02 4.208777e-02 -5.664325e-15 -8.043695e-06 1.701193e-04 -4.502042e-26 -9.623280e-01 2.718911e-01 1.066716e-22 -2.718911e-01 -9.623280e-01 2.696840e-22 1.759778e-22 2.305214e-22 1.000000e+00 -7.565023e-18 5.238088e-17 -1.234615e+01
       1 -2.740455e-02 -3.240402e-02 -1.339975e-14 2.348605e-04 -3.086512e-04 2.620839e-18 -2.740455e-02 -3.240402e-02 -1.339975e-14 2.348605e-04 -3.086512e-04 2.620839e-18
       2 -3.248118e-02 -2.731306e-02 1.339975e-14 -3.911543e-05 -8.401773e-05 0.000000e+00 2.740455e-02 3.240402e-02 1.339975e-14 2.437170e-05 8.941485e-05 -2.274561e-26 -9.856499e-01 1.688026e-01 8.912508e-22 -1.688026e-01 -9.856499e-01 1.145569e-23 8.803950e-22 -1.391542e-22 1.000000e+00 2.900135e-17 9.359345e-18 -8.853087e+00
       1 -9.107839e-03 -2.924747e-02 7.110413e-15 1.978318e-04 -1.049894e-04 1.921387e-18 -9.107839e-03 -2.924747e-02 7.110413e-15 1.978318e-04 -1.049894e-04 1.921387e-18
       2 -1.197020e-02 -2.819719e-02 -7.110413e-15 -3.916262e-05 -2.837413e-05 0.000000e+00 9.107839e-03 2.924747e-02 -7.110413e-15 3.614797e-05 3.212672e-05 -3.538849e-26 -9.950466e-01 9.940960e-02 6.710489e-22 -9.940960e-02 -9.950466e-01 3.464853e-22 7.021689e-22 2.780603e-22 1.000000e+00 5.893144e-18 -3.096314e-18 -5.211275e+00
       1 -1.020268e-04 -2.880382e-02 7.977744e-15 1.915846e-04 -4.663686e-06 1.640207e-18 -1.020268e-04 -2.880382e-02 7.977744e-15 1.915846e-04 -4.663686e-06 1.640207e-18
       2 -2.012943e-03 -2.873357e-02 -7.977742e-15 -3.901533e-05 -1.264596e-06 0.000000e+00 1.020268e-04 2.880382e-02 -7.977744e-15 3.884545e-05 3.850487e-06 7.068682e-25 -9.977964e-01 6.635029e-02 -2.718200e-20 -6.635029e-02 -9.977964e-01 9.064532e-20 -2.110776e-20 9.224911e-20 1.000000e+00 1.389659e-17 2.347899e-18 -1.472746e+00
       1 -8.194890e-04 -2.907691e-02 -1.472354e-14 1.940943e-04 -1.287924e-05 1.676122e-18 -8.194890e-04 -2.907691e-02 -1.472354e-14 1.940943e-04 -1.287924e-05 1.676122e-18
       2 -2.873909e-03 -2.894614e-02 1.472354e-14 -3.887159e-05 -3.583474e-06 0.000000e+00 8.194890e-04 2.907691e-02 1.472354e-14 3.852081e-05 6.323704e-06 -2.436933e-25 -9.974958e-01 7.072526e-02 8.298173e-21 -7.072526e-02 -9.974958e-01 -1.201180e-20 7.427856e-21 -1.256861e-20 1.000000e+00 -2.018788e-17 -4.976491e-18 2.316694e+00
       1 -1.118711e-02 -3.023359e-02 1.268096e-14 2.073541e-04 -1.289915e-04 2.036537e-18 -1.118711e-02 -3.023359e-02 1.268096e-14 2.073541e-04 -1.289915e-04 2.036537e-18
       2 -1.452432e-02 -2.877960e-02 -1.268096e-14 -3.874718e-05 -3.535158e-05 0.000000e+00 1.118711e-02 3.023359e-02 -1.268096e-14 3.451462e-05 3.949455e-05 3.005930e-26 -9.936245e-01 1.127398e-01 3.713046e-21 -1.127398e-01 -9.936245e-01 -4.005962e-21 3.237742e-21 -4.399031e-21 1.000000e+00 6.442686e-18 2.439192e-18 6.108470e+00
       1 -3.060256e-02 -3.457073e-02 -6.516888e-15 2.570626e-04 -3.461092e-04 2.834896e-18 -3.060256e-02 -3.457073e-02 -6.516888e-15 2.570626e-04 -3.461092e-04 2.834896e-18
       2 -3.665724e-02 -2.806955e-02 6.516181e-15 -3.850873e-05 -9.567816e-05 0.000000e+00 3.060256e-02 3.457073e-02 6.516888e-15 1.947095e-05 1.012823e-04 4.813126e-22 -9.814875e-01 1.915263e-01 -2.268096e-17 -1.915263e-01 -9.814875e-01 -3.919012e-19 -2.233614e-17 3.959355e-18 1.000000e+00 5.939457e-16 3.348807e-15 9.841253e+00
       1 -5.704324e-02 -4.620654e-02 2.887999e-15 3.890914e-04 -6.411869e-04 4.247804e-18 -5.704324e-02 -4.620654e-02 2.887999e-15 3.890914e-04 -6.411869e-04 4.247804e-18
       2 -6.839356e-02 -2.667012e-02 -2.887999e-15 -3.769492e-05 -1.819979e-04 0.000000e+00 5.704324e-02 4.620654e-02 -2.887999e-15 -1.943918e-05 1.848412e-04 2.479078e-25 -9.526347e-01 3.041171e-01 3.040737e-21 -3.041171e-01 -9.526347e-01 -1.021408e-21 2.586084e-21 -1.897769e-21 1.000000e+00 -1.243275e-15 -4.330287e-15 1.342880e+01
       1 -8.585872e-02 -6.963069e-02 -5.015189e-15 6.530791e-04 -9.616969e-04 6.398298e-18 -8.585872e-02 -6.963069e-02 -5.015189e-15 6.530791e-04 -9.616969e-04 6.398298e-18
       2 -1.078441e-01 -2.428587e-02 5.015181e-15 -3.593125e-05 -2.888983e-04 0.000000e+00 8.585872e-02 6.963069e-02 5.015189e-15 -9.603429e-05 2.748285e-04 -1.190543e-23 -8.960934e-01 4.438656e-01 -9.626805e-20 -4.438656e-01 -8.960934e-01 9.680192e-21 -8.196846e-20 5.140443e-20 1.000000e+00 -4.829898e-17 1.123929e-15 1.675845e+01
       1 -1.090360e-01 -1.075048e-01 3.146148e-15 1.077751e-03 -1.217854e-03 9.209929e-18 -1.090360e-01 -1.075048e-01 3.146148e-15 1.077751e-03 -1.217854e-03 9.209929e-18
       2 -1.517050e-01 -2.077799e-02 -3.146165e-15 -3.264443e-05 -4.071284e-04 0.000000e+00 1.090360e-01 1.075048e-01 -3.146148e-15 -2.177159e-04 3.455706e-04 2.269398e-23 -8.007734e-01 5.989674e-01 -5.577755e-20 -5.989674e-01 -8.007734e-01 -1.008119e-19 -1.050482e-19 -4.731859e-20 1.000000e+00 7.880130e-16 -5.426464e-16 1.969393e+01
       1 -1.164314e-01 -1.573893e-01 5.597610e-15 1.634669e-03 -1.296929e-03 1.225573e-17 -1.164314e-01 -1.573893e-01 5.597610e-15 1.634669e-03 -1.296929e-03 1.225573e-17
       2 -1.951076e-01 -1.614572e-02 -5.597610e-15 -2.740378e-05 -5.233206e-04 0.000000e+00 1.164314e-01 1.573893e-01 -5.597610e-15 -3.755543e-04 3.654783e-04 3.276117e-25 -6.589969e-01 7.521457e-01 -3.953564e-22 -7.521457e-01 -6.589969e-01 -1.302648e-21 -1.240320e-21 -5.610753e-22 1.000000e+00 -8.503679e-17 4.754220e-16 2.209101e+01
       1 -9.979785e-02 -2.098263e-01 -1.686981e-15 2.217674e-03 -1.108372e-03 1.476367e-17 -9.979785e-02 -2.098263e-01 -1.686981e-15 2.217674e-03 -1.108372e-03 1.476367e-17
       2 -2.321085e-01 -1.059838e-02 1.686981e-15 -2.007388e-05 -6.215143e-04 0.000000e+00 9.979785e-02 2.098263e-01 1.686981e-15 -5.390640e-04 3.099888e-04 -1.854939e-26 -4.702595e-01 8.825282e-01 -1.053995e-21 -8.825282e-01 -4.702595e-01 -1.773035e-21 -2.060405e-21 9.639311e-23 1.000000e+00 -6.518120e-17 2.390516e-16 2.382123e+01
       1 -5.818802e-02 -2.502900e-01 -9.427153e-15 2.665451e-03 -6.433137e-04 1.588114e-17 -5.818802e-02 -2.502900e-01 -9.427153e-15 2.665451e-03 -6.433137e-04 1.588114e-17
       2 -2.569251e-01 -4.520149e-03 9.427152e-15 -1.095547e-05 -6.864682e-04 0.000000e+00 5.818802e-02 2.502900e-01 9.427153e-15 -6.631308e-04 1.778095e-04 -6.214402e-26 -2.435421e-01 9.698903e-01 -4.015407e-22 -9.698903e-01 -2.435421e-01 -1.148026e-21 -1.211252e-21 1.098577e-22 1.000000e+00 -3.585950e-16 -5.613020e-17 2.479512e+01
       1 -7.196382e-04 -2.654033e-01 1.985702e-15 2.830767e-03 -4.126240e-06 1.510689e-17 -7.196382e-04 -2.654033e-01 1.985702e-15 2.830767e-03 -4.126240e-06 1.510689e-17
       2 -2.653993e-01 1.628379e-03 -1.985702e-15 -7.917695e-07 -7.075421e-04 0.000000e+00 7.196382e-04 2.654033e-01 -1.985702e-15 -7.075407e-04 -1.630869e-06 -4.082331e-27 3.424014e-03 9.999941e-01 -8.175152e-24 -9.999941e-01 3.424014e-03 1.043567e-21 1.043589e-21 4.601916e-24 1.000000e+00 -6.538936e-17 -2.541118e-16 2.497667e+01
       1 5.640150e-02 -2.500890e-01 1.216873e-15 2.658835e-03 6.295514e-04 1.261289e-17 5.640150e-02 -2.500890e-01 1.216873e-15 2.658835e-03 6.295514e-04 1.261289e-17
       2 -2.562623e-01 7.434820e-03 -1.216763e-15 9.415185e-06 -6.818003e-04 0.000000e+00 -5.640150e-02 2.500890e-01 -1.216873e-15 -6.581296e-04 -1.783417e-04 -1.313760e-21 2.481975e-01 9.687094e-01 -1.993937e-18 -9.687094e-01 2.481975e-01 -8.357823e-21 4.867940e-19 1.933620e-18 1.000000e+00 4.597361e-16 -2.638656e-16 2.438396e+01
       1 9.749730e-02 -2.102407e-01 7.336228e-16 2.215747e-03 1.084935e-03 9.179762e-18 9.749730e-02 -2.102407e-01 7.336228e-16 2.215747e-03 1.084935e-03 9.179762e-18
       2 -2.314044e-01 1.260601e-02 -7.336554e-16 1.867629e-05 -6.145107e-04 0.000000e+00 -9.749730e-02 2.102407e-01 -7.336228e-16 -5.338273e-04 -3.049600e-04 1.530845e-21 4.694295e-01 8.829700e-01 2.337290e-18 -8.829700e-01 4.694295e-01 9.284354e-19 -2.774123e-19 -2.499592e-18 1.000000e+00 -5.105722e-16 2.765999e-16 2.307880e+01
       1 1.143708e-01 -1.590766e-01 -1.066301e-15 1.647688e-03 1.272102e-03 5.791843e-18 1.143708e-01 -1.590766e-01 -1.066301e-15 1.647688e-03 1.272102e-03 5.791843e-18
       2 -1.951858e-01 1.698662e-02 1.066301e-15 2.627328e-05 -5.172398e-04 0.000000e+00 -1.143708e-01 1.590766e-01 1.066301e-15 -3.750750e-04 -3.571359e-04 -1.798812e-25 6.519487e-01 7.582631e-01 -9.005314e-24 -7.582631e-01 6.519487e-01 -4.942196e-22 -3.688775e-22 3.290342e-22 1.000000e+00 6.017806e-16 3.339392e-17 2.115127e+01
       1 1.082814e-01 -1.102710e-01 -6.456853e-16 1.105466e-03 1.205171e-03 3.190638e-18 1.082814e-01 -1.102710e-01 -6.456853e-16 1.105466e-03 1.205171e-03 3.190638e-18
       2 -1.531754e-01 2.053920e-02 6.456854e-16 3.188231e-05 -4.046128e-04 0.000000e+00 -1.082814e-01 1.102710e-01 6.456853e-16 -2.232974e-04 -3.389193e-04 3.089502e-26 7.892516e-01 6.140700e-01 -2.284139e-22 -6.140700e-01 7.892516e-01 2.416483e-22 3.286650e-22 -5.045916e-23 1.000000e+00 -2.885319e-16 1.602370e-17 1.870414e+01
       1 8.694042e-02 -7.260259e-02 3.959393e-15 6.859944e-04 9.691802e-04 1.655984e-18 8.694042e-02 -7.260259e-02 3.959393e-15 6.859944e-04 9.691802e-04 1.655984e-18
       2 -1.108447e-01 2.330740e-02 -3.959393e-15 3.556096e-05 -2.910068e-04 0.000000e+00 -8.694042e-02 7.260259e-02 -3.959393e-15 -1.051736e-04 -2.736568e-04 6.897775e-25 8.830288e-01 4.693188e-01 1.736571e-21 -4.693188e-01 8.830288e-01 1.853182e-21 -6.637091e-22 -2.451419e-21 1.000000e+00 -1.325588e-19 3.808860e-17 1.584060e+01
       1 5.976263e-02 -4.854520e-02 -5.088691e-15 4.168615e-04 6.680248e-04 1.060919e-18 5.976263e-02 -4.854520e-02 -5.088691e-15 4.168615e-04 6.680248e-04 1.060919e-18
       2 -7.269032e-02 2.538356e-02 5.088690e-15 3.764325e-05 -1.883249e-04 0.000000e+00 -5.976263e-02 4.854520e-02 5.088691e-15 -2.849991e-05 -1.899237e-04 -2.129043e-25 9.406577e-01 3.393568e-01 3.729320e-21 -3.393568e-01 9.406577e-01 -1.680620e-21 -4.078344e-21 3.153180e-22 1.000000e+00 -2.078610e-17 -6.015281e-17 1.265584e+01
       1 3.440361e-02 -3.596626e-02 3.100303e-15 2.749123e-04 3.864824e-04 1.066636e-18 3.440361e-02 -3.596626e-02 3.100303e-15 2.749123e-04 3.864824e-04 1.066636e-18
       2 -4.188864e-02 2.687976e-02 -3.100303e-15 3.858941e-05 -1.051308e-04 0.000000e+00 -3.440361e-02 3.596626e-02 -3.100303e-15 1.281778e-05 -1.112535e-04 9.837365e-26 9.720266e-01 2.348707e-01 -3.006762e-21 -2.348707e-01 9.720266e-01 5.378134e-22 3.048970e-21 1.834313e-22 1.000000e+00 8.858661e-18 -5.997094e-18 9.232547e+00
       1 1.557370e-02 -3.083913e-02 8.894662e-15 2.159666e-04 1.770743e-04 1.310370e-18 1.557370e-02 -3.083913e-02 8.894662e-15 2.159666e-04 1.770743e-04 1.310370e-18
       2 -2.037305e-02 2.790217e-02 -8.894662e-15 3.885815e-05 -4.679772e-05 0.000000e+00 -1.557370e-02 3.083913e-02 -8.894662e-15 3.074647e-05 -5.248463e-05 -7.555397e-26 9.867377e-01 1.623226e-01 1.262334e-21 -1.623226e-01 9.867377e-01 -7.000459e-22 -1.359226e-21 4.858565e-22 1.000000e+00 6.404438e-18 1.172975e-19 5.639912e+00
       1 5.502688e-03 -2.944699e-02 -5.026819e-15 1.990996e-04 6.499641e-05 1.517472e-18 5.502688e-03 -2.944699e-02 -5.026819e-15 1.990996e-04 6.499641e-05 1.517472e-18
       2 -9.143745e-03 2.852713e-02 5.026817e-15 3.881351e-05 -1.625025e-05 0.000000e+00 -5.502688e-03 2.944699e-02 5.026819e-15 3.647535e-05 -2.097876e-05 -6.023602e-25 9.921421e-01 1.251162e-01 -1.309954e-20 -1.251162e-01 9.921421e-01 -5.148877e-20 6.554522e-21 5.272314e-20 1.000000e+00 8.030945e-18 -8.117307e-19 1.935912e+00
       1 4.951538e-03 -2.962737e-02 -9.704417e-15 2.004926e-04 5.909104e-05 1.543390e-18 4.951538e-03 -2.962737e-02 -9.704417e-15 2.004926e-04 5.909104e-05 1.543390e-18
       2 -8.609344e-03 2.877809e-02 9.704417e-15 3.867109e-05 -1.476990e-05 0.000000e+00 -4.951538e-03 2.962737e-02 9.704417e-15 3.652614e-05 -1.947934e-05 2.989600e-25 9.921862e-01 1.247663e-01 -1.083069e-21 -1.247663e-01 9.921862e-01 1.331666e-20 2.736076e-21 -1.307748e-20 1.000000e+00 -1.247193e-17 7.177987e-19 -1.827255e+00
       1 1.391060e-02 -3.126441e-02 1.174830e-14 2.190172e-04 1.594394e-04 1.381813e-18 1.391060e-02 -3.126441e-02 1.174830e-14 2.190172e-04 1.594394e-04 1.381813e-18
       2 -1.877925e-02 2.860608e-02 -1.174830e-14 3.846983e-05 -4.249728e-05 0.000000e+00 -1.391060e-02 3.126441e-02 -1.174830e-14 3.109804e-05 -4.815452e-05 -1.854496e-24 9.868611e-01 1.615711e-01 -1.003364e-20 -1.615711e-01 9.868611e-01 -4.499106e-20 2.632557e-21 4.602108e-20 1.000000e+00 1.208406e-17 -3.503518e-19 -5.595028e+00
       1 3.168703e-02 -3.630424e-02 -3.296458e-15 2.764547e-04 3.581735e-04 1.163058e-18 3.168703e-02 -3.630424e-02 -3.296458e-15 2.764547e-04 3.581735e-04 1.163058e-18
       2 -3.931786e-02 2.785986e-02 3.296825e-15 3.810328e-05 -9.847873e-05 0.000000e+00 -3.168703e-02 3.630424e-02 3.296458e-15 1.394364e-05 -1.046685e-04 1.769040e-22 9.721074e-01 2.345363e-01 -1.136362e-17 -2.345363e-01 9.721074e-01 1.763066e-19 1.108801e-17 2.493793e-18 1.000000e+00 3.639409e-16 -1.662422e-15 -9.301515e+00
       1 5.614773e-02 -4.843062e-02 -4.568099e-15 4.138118e-04 6.310728e-04 1.157147e-18 5.614773e-02 -4.843062e-02 -4.568099e-15 4.138118e-04 6.310728e-04 1.157147e-18
       2 -6.928321e-02 2.641835e-02 4.568099e-15 3.714246e-05 -1.800000e-04 0.000000e+00 -5.614773e-02 4.843062e-02 4.568099e-15 -2.636694e-05 -1.818911e-04 -1.572684e-24 9.402447e-01 3.404996e-01 -7.220907e-21 -3.404996e-01 9.402447e-01 -7.599552e-21 4.201775e-21 9.604154e-21 1.000000e+00 -7.077845e-16 2.141982e-15 -1.285818e+01
       1 8.272066e-02 -7.162279e-02 4.028433e-15 6.750338e-04 9.265540e-04 1.720222e-18 8.272066e-02 -7.162279e-02 4.028433e-15 6.750338e-04 9.265540e-04 1.720222e-18
       2 -1.067527e-01 2.400805e-02 -4.028428e-15 3.525018e-05 -2.815775e-04 0.000000e+00 -8.272066e-02 7.162279e-02 -4.028433e-15 -1.020522e-04 -2.647902e-04 4.564687e-24 8.811987e-01 4.727460e-01 -2.750035e-20 -4.727460e-01 8.811987e-01 2.783774e-20 3.739346e-20 -1.152990e-20 1.000000e+00 -1.687008e-18 -5.611875e-16 -1.615312e+01
       1 1.038148e-01 -1.081147e-01 -4.827866e-15 1.084133e-03 1.159598e-03 3.195014e-18 1.038148e-01 -1.081147e-01 -4.827866e-15 1.084133e-03 1.159598e-03 3.195014e-18
       2 -1.484773e-01 2.051327e-02 4.827887e-15 3.189533e-05 -3.941271e-04 0.000000e+00 -1.038148e-01 1.081147e-01 4.827866e-15 -2.192196e-04 -3.290840e-04 1.556825e-23 7.848167e-01 6.197280e-01 -9.303481e-20 -6.197280e-01 7.848167e-01 1.092831e-19 1.407410e-19 -2.811089e-20 1.000000e+00 3.793430e-16 2.591302e-16 -1.905377e+01
       1 1.100505e-01 -1.554190e-01 1.100805e-14 1.612250e-03 1.225981e-03 5.706725e-18 1.100505e-01 -1.554190e-01 1.100805e-14 1.612250e-03 1.225981e-03 5.706725e-18
       2 -1.897683e-01 1.594339e-02 -1.100805e-14 2.668493e-05 -5.047739e-04 0.000000e+00 -1.100505e-01 1.554190e-01 -1.100805e-14 -3.688979e-04 -3.455765e-04 -2.602708e-26 6.441814e-01 7.648728e-01 1.251903e-21 -7.648728e-01 6.441814e-01 -1.411703e-21 -1.886226e-21 -4.815370e-23 1.000000e+00 -4.367282e-17 -2.091698e-16 -2.142146e+01
       1 9.395224e-02 -2.046852e-01 -3.322108e-15 2.160081e-03 1.043627e-03 8.964726e-18 9.395224e-02 -2.046852e-01 -3.322108e-15 2.160081e-03 1.043627e-03 8.964726e-18
       2 -2.249729e-01 1.050091e-02 3.322108e-15 1.950260e-05 -5.983303e-04 0.000000e+00 -9.395224e-02 2.046852e-01 3.322108e-15 -5.225994e-04 -2.920091e-04 -2.473391e-25 4.590828e-01 8.883935e-01 5.142244e-22 -8.883935e-01 4.590828e-01 -1.767317e-21 -1.806144e-21 3.545109e-22 1.000000e+00 -2.714279e-17 -1.157041e-16 -2.313332e+01
       1 5.478598e-02 -2.425649e-01 -9.569327e-15 2.579378e-03 6.058666e-04 1.223111e-17 5.478598e-02 -2.425649e-01 -9.569327e-15 2.579378e-03 6.058666e-04 1.223111e-17
       2 -2.486334e-01 4.548491e-03 9.569326e-15 1.063598e-05 -6.603863e-04 0.000000e+00 -5.478598e-02 2.425649e-01 9.569327e-15 -6.388588e-04 -1.675788e-04 1.357949e-25 2.381162e-01 9.712367e-01 1.301601e-21 -9.712367e-01 2.381162e-01 -4.151744e-21 -4.342258e-21 -2.755646e-22 1.000000e+00 -1.604163e-16 2.631924e-17 -2.410358e+01
       1 9.610487e-04 -2.568246e-01 1.180916e-14 2.735465e-03 7.097695e-06 1.457148e-17 9.610487e-04 -2.568246e-01 1.180916e-14 2.735465e-03 7.097695e-06 1.457148e-17
       2 -2.568222e-01 -1.479158e-03 -1.180916e-14 7.828591e-07 -6.808679e-04 0.000000e+00 -9.610487e-04 2.568246e-01 -1.180916e-14 -6.808681e-04 5.907081e-07 -7.567039e-27 -2.017375e-03 9.999980e-01 -1.094867e-23 -9.999980e-01 -2.017375e-03 1.903487e-22 1.903262e-22 1.133265e-23 1.000000e+00 -3.098396e-17 1.086461e-16 -2.429704e+01
       1 -5.267408e-02 -2.427746e-01 -1.059647e-14 2.577690e-03 -5.880558e-04 1.529723e-17 -5.267408e-02 -2.427746e-01 -1.059647e-14 2.577690e-03 -5.880558e-04 1.529723e-17
       2 -2.483191e-01 -7.190254e-03 1.059647e-14 -9.118091e-06 -6.569204e-04 0.000000e+00 5.267408e-02 2.427746e-01 1.059647e-14 -6.354926e-04 1.666632e-04 1.982927e-25 -2.402303e-01 9.707159e-01 4.616502e-22 -9.707159e-01 -2.402303e-01 5.705076e-22 6.647032e-22 -3.110780e-22 1.000000e+00 7.182185e-17 8.448422e-17 -2.372977e+01
       1 -9.167700e-02 -2.056905e-01 1.245177e-14 2.165233e-03 -1.020369e-03 1.429777e-17 -9.167700e-02 -2.056905e-01 1.245177e-14 2.165233e-03 -1.020369e-03 1.429777e-17
       2 -2.248598e-01 -1.230194e-02 -1.245177e-14 -1.813697e-05 -5.933884e-04 0.000000e+00 9.167700e-02 2.056905e-01 -1.245177e-14 -5.197086e-04 2.869525e-04 1.664992e-25 -4.563868e-01 8.897815e-01 -1.045743e-22 -8.897815e-01 -4.563868e-01 -7.696302e-22 -7.325290e-22 -2.582008e-22 1.000000e+00 8.989072e-17 -2.640142e-17 -2.245981e+01
       1 -1.083234e-01 -1.576216e-01 -6.054646e-15 1.631402e-03 -1.205059e-03 1.203849e-17 -1.083234e-01 -1.576216e-01 -6.054646e-15 1.631402e-03 -1.205059e-03 1.203849e-17
       2 -1.905281e-01 -1.666037e-02 6.054645e-15 -2.558855e-05 -5.011249e-04 0.000000e+00 1.083234e-01 1.576216e-01 6.054646e-15 -3.704294e-04 3.384716e-04 1.468435e-25 -6.360203e-01 7.716723e-01 -1.232281e-21 -7.716723e-01 -6.360203e-01 -1.782474e-21 -2.159241e-21 -1.827722e-22 1.000000e+00 1.717172e-17 -7.045920e-17 -2.057268e+01
       1 -1.035177e-01 -1.112101e-01 -1.837353e-16 1.115677e-03 -1.152326e-03 9.263710e-18 -1.035177e-01 -1.112101e-01 -1.837353e-16 1.115677e-03 -1.152326e-03 9.263710e-18
       2 -1.505810e-01 -2.022228e-02 1.837351e-16 -3.115477e-05 -3.939539e-04 0.000000e+00 1.035177e-01 1.112101e-01 1.837353e-16 -2.259967e-04 3.241849e-04 -4.130550e-25 -7.727014e-01 6.347696e-01 -1.988975e-21 -6.347696e-01 -7.727014e-01 -1.124257e-22 -1.608248e-21 1.175670e-21 1.000000e+00 -3.911231e-17 -3.645567e-17 -1.816687e+01
       1 -8.421416e-02 -7.478355e-02 -7.983830e-15 7.100013e-04 -9.388864e-04 6.644463e-18 -8.421416e-02 -7.478355e-02 -7.983830e-15 7.100013e-04 -9.388864e-04 6.644463e-18
       2 -1.102477e-01 -2.302277e-02 7.983830e-15 -3.487683e-05 -2.856303e-04 0.000000e+00 8.421416e-02 7.478355e-02 7.983830e-15 -1.117330e-04 2.651731e-04 2.192721e-26 -8.676773e-01 4.971279e-01 -3.007902e-21 -4.971279e-01 -8.676773e-01 -1.350095e-21 -3.281058e-21 3.238651e-22 1.000000e+00 -3.262658e-17 1.029822e-17 -1.534211e+01
       1 -5.914461e-02 -5.092646e-02 1.621173e-14 4.431699e-04 -6.611269e-04 4.575825e-18 -5.914461e-02 -5.092646e-02 1.621173e-14 4.431699e-04 -6.611269e-04 4.575825e-18
       2 -7.388789e-02 -2.514297e-02 -1.621173e-14 -3.705528e-05 -1.877187e-04 0.000000e+00 5.914461e-02 5.092646e-02 -1.621173e-14 -3.575824e-05 1.879700e-04 3.361710e-25 -9.275926e-01 3.735934e-01 -1.701228e-21 -3.735934e-01 -9.275926e-01 -2.112059e-21 -2.367098e-21 -1.323563e-21 1.000000e+00 -4.892337e-18 1.771403e-17 -1.219141e+01
       1 -3.559198e-02 -3.791781e-02 -1.036163e-14 2.965490e-04 -3.997084e-04 3.166963e-18 -3.559198e-02 -3.791781e-02 -1.036163e-14 2.965490e-04 -3.997084e-04 3.166963e-18
       2 -4.463887e-02 -2.668185e-02 1.036163e-14 -3.811550e-05 -1.086833e-04 0.000000e+00 3.559198e-02 3.791781e-02 1.036163e-14 6.793499e-06 1.149726e-04 3.872540e-26 -9.615290e-01 2.747033e-01 1.059228e-22 -2.747033e-01 -9.615290e-01 -3.430817e-22 7.602134e-24 -3.589803e-22 1.000000e+00 5.631428e-18 5.687132e-18 -8.796856e+00
       1 -1.819311e-02 -3.219446e-02 7.700961e-15 2.310767e-04 -2.063113e-04 2.347122e-18 -1.819311e-02 -3.219446e-02 7.700961e-15 2.310767e-04 -2.063113e-04 2.347122e-18
       2 -2.446323e-02 -2.773126e-02 -7.700961e-15 -3.848397e-05 -5.396923e-05 0.000000e+00 1.819311e-02 3.219446e-02 -7.700961e-15 2.647900e-05 6.076642e-05 4.284928e-26 -9.783416e-01 2.069971e-01 -1.326868e-21 -2.069971e-01 -9.783416e-01 -1.269640e-22 -1.324411e-21 1.504436e-22 1.000000e+00 2.376101e-18 5.087980e-20 -5.228819e+00
       1 -9.257441e-03 -3.042771e-02 -1.508772e-14 2.101436e-04 -1.069731e-04 1.992727e-18 -9.257441e-03 -3.042771e-02 -1.508772e-14 2.101436e-04 -1.069731e-04 1.992727e-18
       2 -1.441130e-02 -2.835243e-02 1.508772e-14 -3.849750e-05 -2.662387e-05 0.000000e+00 9.257441e-03 3.042771e-02 1.508772e-14 3.327693e-05 3.291707e-05 1.605550e-24 -9.847416e-01 1.740227e-01 7.578172e-22 -1.740227e-01 -9.847416e-01 -4.954171e-20 -7.875130e-21 -4.891766e-20 1.000000e+00 -7.237296e-18 6.648628e-19 -1.548366e+00
       1 -9.617176e-03 -3.074773e-02 1.357294e-14 2.132036e-04 -1.112809e-04 2.021143e-18 -9.617176e-03 -3.074773e-02 1.357294e-14 2.132036e-04 -1.112809e-04 2.021143e-18
       2 -1.491795e-02 -2.855464e-02 -1.357294e-14 -3.834935e-05 -2.798623e-05 0.000000e+00 9.617176e-03 3.074773e-02 -1.357294e-14 3.277793e-05 3.434399e-05 -7.636226e-25 -9.841471e-01 1.773541e-01 1.339234e-20 -1.773541e-01 -9.841471e-01 9.452873e-21 1.485654e-20 6.927832e-21 1.000000e+00 1.083811e-17 -3.717132e-18 2.187320e+00
       1 -1.920109e-02 -3.324090e-02 -9.802449e-15 2.413897e-04 -2.185814e-04 2.435254e-18 -1.920109e-02 -3.324090e-02 -9.802449e-15 2.413897e-04 -2.185814e-04 2.435254e-18
       2 -2.596086e-02 -2.827849e-02 9.802448e-15 -3.806006e-05 -5.809437e-05 0.000000e+00 1.920109e-02 3.324090e-02 9.802449e-15 2.453742e-05 6.497260e-05 1.071144e-24 -9.761407e-01 2.171389e-01 -7.945394e-21 -2.171389e-01 -9.761407e-01 -1.348545e-20 -1.068404e-20 -1.143844e-20 1.000000e+00 -5.429480e-18 4.791509e-18 5.917150e+00
       1 -3.704052e-02 -3.993234e-02 7.567774e-15 3.173386e-04 -4.178972e-04 3.322645e-18 -3.704052e-02 -3.993234e-02 7.567774e-15 3.173386e-04 -4.178972e-04 3.322645e-18
       2 -4.708475e-02 -2.737915e-02 -7.567879e-15 -3.751030e-05 -1.156579e-04 0.000000e+00 3.704052e-02 3.993234e-02 -7.567774e-15 2.111088e-06 1.215702e-04 3.213320e-22 -9.564367e-01 2.919398e-01 8.158037e-21 -2.919398e-01 -9.564367e-01 -2.643323e-18 -7.638886e-19 -2.530552e-18 1.000000e+00 -3.767954e-16 1.125280e-16 9.567745e+00
       1 -6.053691e-02 -5.428876e-02 -6.176940e-15 4.795679e-04 -6.798173e-04 4.806521e-18 -6.053691e-02 -5.428876e-02 -6.176940e-15 4.795679e-04 -6.798173e-04 4.806521e-18
       2 -7.713874e-02 -2.572160e-02 6.176940e-15 -3.626929e-05 -1.973874e-04 0.000000e+00 6.053691e-02 5.428876e-02 6.176940e-15 -4.525795e-05 1.955223e-04 4.184729e-24 -9.174451e-01 3.978624e-01 4.126815e-21 -3.978624e-01 -9.174451e-01 -2.044758e-20 -4.349195e-21 -2.040143e-20 1.000000e+00 4.804065e-16 -2.013385e-16 1.304456e+01
       1 -8.464647e-02 -7.970105e-02 7.122729e-15 7.653796e-04 -9.475701e-04 6.936277e-18 -8.464647e-02 -7.970105e-02 7.122729e-15 7.653796e-04 -9.475701e-04 6.936277e-18
       2 -1.139487e-01 -2.308608e-02 -7.122730e-15 -3.401699e-05 -2.971278e-04 0.000000e+00 8.464647e-02 7.970105e-02 -7.122729e-15 -1.277723e-04 2.704003e-04 -2.089654e-23 -8.496785e-01 5.273012e-01 -5.054979e-20 -5.273012e-01 -8.496785e-01 5.339371e-20 -1.479651e-20 7.202245e-20 1.000000e+00 -1.139151e-16 1.075809e-17 1.623188e+01
       1 -1.016804e-01 -1.173219e-01 -6.292161e-15 1.186707e-03 -1.135204e-03 9.558910e-18 -1.016804e-01 -1.173219e-01 -6.292161e-15 1.186707e-03 -1.135204e-03 9.558910e-18
       2 -1.540368e-01 -1.939070e-02 6.292161e-15 -3.026771e-05 -4.051948e-04 0.000000e+00 1.016804e-01 1.173219e-01 6.292161e-15 -2.481318e-04 3.217601e-04 7.770225e-26 -7.441908e-01 6.679671e-01 -5.902151e-22 -6.679671e-01 -7.441908e-01 -6.966477e-22 -9.045704e-22 -1.241945e-22 1.000000e+00 5.449781e-17 8.281889e-17 1.899802e+01
       1 -1.029783e-01 -1.634659e-01 8.785171e-15 1.701465e-03 -1.146684e-03 1.221878e-17 -1.029783e-01 -1.634659e-01 8.785171e-15 1.701465e-03 -1.146684e-03 1.221878e-17
       2 -1.926392e-01 -1.468962e-02 -8.785171e-15 -2.470314e-05 -5.085822e-04 0.000000e+00 1.029783e-01 1.634659e-01 -8.785171e-15 -3.937377e-04 3.228571e-04 -2.677231e-25 -5.958080e-01 8.031269e-01 -5.695211e-22 -8.031269e-01 -5.958080e-01 1.346761e-22 -2.311632e-22 5.376389e-22 1.000000e+00 -5.085971e-17 -3.365935e-18 2.121072e+01
       1 -8.270175e-02 -2.087289e-01 -8.874432e-15 2.204424e-03 -9.181793e-04 1.421539e-17 -8.270175e-02 -2.087289e-01 -8.874432e-15 2.204424e-03 -9.181793e-04 1.421539e-17
       2 -2.243267e-01 -9.213867e-03 8.874431e-15 -1.729436e-05 -5.927192e-04 0.000000e+00 8.270175e-02 2.087289e-01 8.874432e-15 -5.345928e-04 2.565652e-04 -1.264899e-24 -4.061989e-01 9.137847e-01 -3.677434e-21 -9.137847e-01 -4.061989e-01 -2.732367e-21 -3.990565e-21 2.250498e-21 1.000000e+00 -2.710350e-17 -6.524632e-18 2.275784e+01
       1 -4.196754e-02 -2.404925e-01 1.551066e-15 2.555697e-03 -4.634439e-04 1.486321e-17 -4.196754e-02 -2.404925e-01 1.551066e-15 2.555697e-03 -4.634439e-04 1.486321e-17
       2 -2.441041e-01 -3.331438e-03 -1.551067e-15 -8.403918e-06 -6.444796e-04 0.000000e+00 4.196754e-02 2.404925e-01 -1.551066e-15 -6.317566e-04 1.277035e-04 6.545609e-26 -1.853359e-01 9.826752e-01 -3.612387e-22 -9.826752e-01 -1.853359e-01 -2.299631e-21 -2.326741e-21 -7.122389e-23 1.000000e+00 3.099369e-18 -3.763435e-17 2.356624e+01
       1 9.837439e-03 -2.485505e-01 6.248570e-15 2.643119e-03 1.125838e-04 1.384886e-17 9.837439e-03 -2.485505e-01 6.248570e-15 2.643119e-03 1.125838e-04 1.384886e-17
       2 -2.487321e-01 2.547970e-03 -6.248569e-15 1.249666e-06 -6.555899e-04 0.000000e+00 -9.837439e-03 2.485505e-01 -6.248570e-15 -6.547149e-04 -3.388435e-05 -1.326408e-25 4.978147e-02 9.987601e-01 -3.795997e-22 -9.987601e-01 4.978147e-02 3.420127e-21 3.434784e-21 2.088701e-22 1.000000e+00 2.504983e-17 -9.490491e-18 2.361184e+01
       1 5.855197e-02 -2.304258e-01 3.339018e-16 2.440387e-03 6.530827e-04 1.143404e-17 5.855197e-02 -2.304258e-01 3.339018e-16 2.440387e-03 6.530827e-04 1.143404e-17
       2 -2.376117e-01 8.066858e-03 -3.339014e-16 1.076327e-05 -6.247976e-04 0.000000e+00 -5.855197e-02 2.304258e-01 -3.339018e-16 -5.969807e-04 -1.846669e-04 4.636850e-26 2.790202e-01 9.602852e-01 -4.254395e-22 -9.602852e-01 2.790202e-01 1.626429e-21 1.680542e-21 -4.526326e-23 1.000000e+00 1.988516e-17 1.535815e-17 2.291827e+01
       1 9.170162e-02 -1.925553e-01 -8.997750e-15 2.019323e-03 1.020603e-03 8.339184e-18 9.170162e-02 -1.925553e-01 -8.997750e-15 2.019323e-03 1.020603e-03 8.339184e-18
       2 -2.128810e-01 1.297707e-02 8.997750e-15 1.929043e-05 -5.579586e-04 0.000000e+00 -9.170162e-02 1.925553e-01 8.997750e-15 -4.788808e-04 -2.869897e-04 4.979515e-25 4.841047e-01 8.750101e-01 9.042828e-22 -8.750101e-01 4.841047e-01 2.261676e-22 -2.398686e-22 -9.007454e-22 1.000000e+00 -4.356551e-18 2.017805e-17 2.154689e+01
       1 1.036423e-01 -1.465916e-01 6.056972e-15 1.508766e-03 1.153243e-03 5.387077e-18 1.036423e-01 -1.465916e-01 6.056972e-15 1.508766e-03 1.153243e-03 5.387077e-18
       2 -1.787084e-01 1.714970e-02 -6.056972e-15 2.624297e-05 -4.661255e-04 0.000000e+00 -1.036423e-01 1.465916e-01 -6.056972e-15 -3.360328e-04 -3.241043e-04 3.004741e-25 6.526596e-01 7.576513e-01 7.147405e-22 -7.576513e-01 6.526596e-01 1.860444e-22 -3.255254e-22 -6.629477e-22 1.000000e+00 -1.464968e-17 4.682731e-18 1.958296e+01
       1 9.645375e-02 -1.037564e-01 -1.367150e-15 1.032543e-03 1.074108e-03 3.156487e-18 9.645375e-02 -1.037564e-01 -1.367150e-15 1.032543e-03 1.074108e-03 3.156487e-18
       2 -1.401649e-01 2.055494e-02 1.367149e-15 3.138248e-05 -3.626444e-04 0.000000e+00 -9.645375e-02 1.037564e-01 1.367150e-15 -2.024922e-04 -3.024777e-04 -3.694093e-25 7.799274e-01 6.258700e-01 2.913724e-21 -6.258700e-01 7.799274e-01 -3.171856e-21 -4.257663e-21 6.502051e-22 1.000000e+00 -7.834016e-18 -6.795434e-18 1.712232e+01
       1 7.713219e-02 -7.088001e-02 3.863821e-16 6.661354e-04 8.603920e-04 1.836833e-18 7.713219e-02 -7.088001e-02 3.863821e-16 6.661354e-04 8.603920e-04 1.836833e-18
       2 -1.021453e-01 2.323127e-02 -3.863815e-16 3.479476e-05 -2.604245e-04 0.000000e+00 -7.713219e-02 7.088001e-02 -3.863821e-16 -9.909534e-05 -2.433345e-04 9.377167e-25 8.680414e-01 4.964919e-01 -3.035606e-21 -4.964919e-01 8.680414e-01 5.089829e-21 5.162090e-21 -2.911028e-21 1.000000e+00 6.886739e-19 -7.994140e-18 1.426096e+01
       1 5.374264e-02 -4.962979e-02 1.086605e-15 4.282348e-04 6.011890e-04 1.293670e-18 5.374264e-02 -4.962979e-02 1.086605e-15 4.282348e-04 6.011890e-04 1.293670e-18
       2 -6.865545e-02 2.525504e-02 -1.086605e-15 3.678764e-05 -1.701345e-04 0.000000e+00 -5.374264e-02 4.962979e-02 -1.086605e-15 -3.119637e-05 -1.712479e-04 -3.015731e-25 9.237094e-01 3.830938e-01 7.405383e-22 -3.830938e-01 9.237094e-01 -1.895937e-21 -1.410364e-21 1.467599e-21 1.000000e+00 4.068032e-18 2.212968e-19 1.108821e+01
       1 3.276322e-02 -3.808273e-02 -3.764903e-15 2.979546e-04 3.683223e-04 1.233566e-18 3.276322e-02 -3.808273e-02 -3.764903e-15 2.979546e-04 3.683223e-04 1.233566e-18
       2 -4.254534e-02 2.671361e-02 3.764903e-15 3.776409e-05 -9.950288e-05 0.000000e+00 -3.276322e-02 3.808273e-02 3.764903e-15 6.707218e-06 -1.062166e-04 -1.385923e-25 9.554336e-01 2.952062e-01 2.026056e-21 -2.952062e-01 9.554336e-01 -1.176870e-21 -2.283182e-21 5.263170e-22 1.000000e+00 7.617240e-19 5.612168e-19 7.683523e+00
       1 1.823730e-02 -3.298850e-02 8.666690e-15 2.396634e-04 2.069170e-04 1.356844e-18 1.823730e-02 -3.298850e-02 8.666690e-15 2.396634e-04 2.069170e-04 1.356844e-18
       2 -2.558477e-02 2.768140e-02 -8.666690e-15 3.810946e-05 -5.346719e-05 0.000000e+00 -1.823730e-02 3.298850e-02 -8.666690e-15 2.424460e-05 -6.101861e-05 2.433548e-26 9.710909e-01 2.387100e-01 -4.897472e-22 -2.387100e-01 9.710909e-01 2.042287e-22 5.243405e-22 -8.141708e-23 1.000000e+00 -1.077678e-19 -8.522794e-20 4.116486e+00
       1 1.214880e-02 -3.158162e-02 -1.728132e-14 2.229781e-04 1.393640e-04 1.449918e-18 1.214880e-02 -3.158162e-02 -1.728132e-14 2.229781e-04 1.393640e-04 1.449918e-18
       2 -1.870540e-02 2.819752e-02 1.728132e-14 3.811009e-05 -3.474126e-05 0.000000e+00 -1.214880e-02 3.158162e-02 1.728132e-14 2.967380e-05 -4.217582e-05 -5.931442e-25 9.762264e-01 2.167533e-01 5.230928e-21 -2.167533e-01 9.762264e-01 -1.038326e-20 -7.357177e-21 9.002596e-21 1.000000e+00 1.393433e-18 1.324341e-18 4.499764e-01
       1 1.513026e-02 -3.261448e-02 1.038497e-14 2.342615e-04 1.729573e-04 1.423891e-18 1.513026e-02 -3.261448e-02 1.038497e-14 2.342615e-04 1.729573e-04 1.423891e-18
       2 -2.224254e-02 2.824709e-02 -1.038497e-14 3.790612e-05 -4.437079e-05 0.000000e+00 -1.513026e-02 3.261448e-02 -1.038497e-14 2.665413e-05 -5.191530e-05 1.728206e-25 9.730555e-01 2.305712e-01 1.136321e-20 -2.305712e-01 9.730555e-01 9.162947e-21 -8.944323e-21 -1.153609e-20 1.000000e+00 -3.500935e-18 -1.805917e-19 -3.254039e+00
       1 2.683386e-02 -3.672468e-02 -3.171046e-15 2.807653e-04 3.038609e-04 1.324892e-18 2.683386e-02 -3.672468e-02 -3.171046e-15 2.807653e-04 3.038609e-04 1.324892e-18
       2 -3.603768e-02 2.774967e-02 3.171046e-15 3.746711e-05 -8.198109e-05 0.000000e+00 -2.683386e-02 3.672468e-02 3.171046e-15 1.303218e-05 -8.918994e-05 -1.012246e-24 9.600579e-01 2.798013e-01 -4.473743e-21 -2.798013e-01 9.600579e-01 -1.200302e-20 9.365905e-22 1.277536e-20 1.000000e+00 4.812088e-18 -1.504400e-18 -6.926848e+00
       1 4.573608e-02 -4.626776e-02 1.547576e-15 3.887462e-04 5.148325e-04 1.330120e-18 4.573608e-02 -4.626776e-02 1.547576e-15 3.887462e-04 5.148325e-04 1.330120e-18
