1 0.47763400000000006 -0.21590900000000002 0.46277999999999991 1 0 0 0 1 0 0 0 1 -0 -0 -0 0 0 0 
2 0.4966926887394334 -0.21590900000000016 0.47280934436971683 1 -1.0087679743193124e-16 0 1.0087679743193124e-16 1 0 0 0 1 0 0 0 0 0 0 
1 0.47763400000000006 -0.21590900000000002 0.46277999999999991 1 0 0 0 1 4.2892468525401561e-34 0 -4.2892468525401561e-34 1 0 0 0 -2.4481455727522565e-31 0 0 
2 0.49668708154893632 -0.21637127835373635 0.47280934436971683 0.99970579128805959 0.024255532670191145 3.4659379214219985e-35 -0.024255532670191145 0.99970579128805959 1.3329345113452395e-33 -2.3181455357449893e-36 -1.3333830321044149e-33 1 -0.0022426440439094965 -0.092433149179314208 0 -3.5556593409150327e-31 1.5358308599213682e-33 -4.8513622655248687 
1 0.47763400000000006 -0.21590900000000002 0.46277999999999991 1 -2.646373595478244e-65 7.4855721060529334e-34 -2.6463735952333344e-65 1 7.0705980995517925e-32 -7.4855721060529334e-34 -7.0705980995517925e-32 1 0 0 0 -2.4317693279269034e-29 6.9247134587451707e-30 -2.3570773677065131e-61 
2 0.49660309377972678 -0.21775483309604954 0.47280934436971678 0.99529899330856397 0.096849955699314108 -5.7670409392439911e-34 -0.096849955699314108 0.99529899330856397 3.0016655327216765e-32 3.4811047428024066e-33 -2.9819693063720801e-32 1 -0.017892964313025329 -0.18388612132853893 -1.5367353768953447e-14 -1.4030665969200598e-29 5.1057431774281511e-30 -9.6940158994085337 
1 0.47763400000000006 -0.21590900000000002 0.46277999999999991 1 1.9407176086199402e-63 -1.039085356909067e-31 1.9407176083061191e-63 1 3.735434429055989e-32 1.039085356909067e-31 -3.735434429055989e-32 1 0 0 0 6.4643814964081525e-30 5.7821236107734937e-28 -1.046351959661427e-59 
2 0.49624170607974671 -0.22003052906850082 0.47280934436971678 0.97633699864537915 0.21625463018426416 -1.4718970922368781e-31 -0.21625463018426416 0.97633699864537915 4.6944181996134509e-32 1.538586556518183e-31 -1.4002885618870431e-32 1 -0.059704106141823046 -0.2695486200851222 -1.4134306313200775e-14 6.2734613741754022e-29 4.8278041591869174e-28 -14.48585875526468 
1 0.47763400000000006 -0.21590900000000002 0.46277999999999991 1 2.5385132104334314e-76 -1.3236459542687336e-30 -2.5385132104334314e-76 1 1.161088284029879e-86 1.3236459542687336e-30 -1.161088284029879e-86 1 0 0 0 -6.5306614920750165e-84 -2.4014268849279445e-28 2.644081268760406e-72 
2 0.49528897735518906 -0.22308782497696644 0.47280934436971683 0.92634778573689314 0.37666932428903099 -2.4804209695601678e-30 -0.37666932428903099 0.92634778573689314 5.3398098935107288e-31 2.498866731289476e-30 4.3964638344560968e-31 1 -0.13724463939762574 -0.33753543585540835 -1.4408342359222909e-14 1.0269992754642199e-28 -2.313223146852236e-28 -19.118358242326977 
1 0.47763400000000006 -0.21590900000000002 0.46277999999999991 1 1.2948859816327503e-77 -2.9461762661138566e-31 -1.2948859816327503e-77 1 4.2621142382180728e-89 2.9461762661138566e-31 -4.2621142382180728e-89 1 0 0 0 9.2164886966498e-84 -1.4340677666386523e-27 2.8003539572329747e-72 
2 0.49337279093607606 -0.22665721282112422 0.47280934436971683 0.82580659714936933 0.56395342370144286 -5.1816984316069766e-32 -0.56395342370144286 0.82580659714936933 -3.7115067253962344e-31 -1.6652088499521793e-31 3.3572103963057782e-31 1 -0.2514531030934371 -0.3681818068606344 2.9338191643251237e-15 1.6245057033009176e-27 8.11776931786443e-28 -23.394030377005549 
1 0.47763400000000006 -0.21590900000000002 0.46277999999999991 1 -3.8614728769685401e-62 4.963121009800903e-31 -3.8614728769685401e-62 1 1.5560663821587716e-31 -4.963121009800903e-31 -1.5560663821587716e-31 1 0 0 0 2.0884220235599525e-29 3.5743971762027336e-28 -3.2992542023092241e-59 
2 0.49018462169377958 -0.23025179430126799 0.47280934436971683 0.65852502264478174 0.75255883128875023 1.5334603824750719e-33 -0.75255883128875023 0.65852502264478174 -1.674766918375343e-30 -1.2613704568067042e-30 1.101721903694591e-30 1 -0.38762055128795014 -0.33918672535667255 0 -9.221186882779435e-29 2.9803477013915156e-28 -27.025466208218774 
1 0.47763400000000006 -0.21590900000000002 0.46277999999999991 1 -1.636134262952171e-63 -9.9884895716934182e-31 -1.636134262952171e-63 1 -3.2760393875543405e-33 9.9884895716934182e-31 3.2760393875543405e-33 1 0 0 0 2.8385243072156754e-30 1.0191148195264581e-27 3.0869586666856079e-60 
2 0.48565527420074944 -0.23319751429423116 0.47280934436971683 0.42087264242379263 0.90711973788426326 7.8973898399027203e-31 -0.90711973788426326 0.42087264242379263 4.1224562815758156e-31 4.1576613141171805e-32 -8.8989072700457753e-31 1 -0.51299319780685992 -0.23800996042576111 0 3.4764433050068365e-30 1.0667300739822348e-27 -29.67213869748576 
1 0.47763400000000006 -0.21590900000000002 0.46277999999999991 1 -2.0648721920679939e-115 -8.4814607925197184e-30 -2.0648721920679939e-115 1 -4.8691428106090448e-86 8.4814607925197184e-30 4.8691428106090448e-86 1 0 0 0 -3.6795028220506322e-82 -2.1037782533216687e-27 -1.6115959298457889e-111 
2 0.48009997890733935 -0.23480747828608969 0.47280934436971683 0.1293888463421112 0.99159393223348113 -6.4546855941919288e-30 -0.99159393223348113 0.1293888463421112 9.4627091768582271e-31 1.7734808227598078e-30 6.2779901673091196e-30 1 -0.5862471366394002 -0.07651319184387069 0 6.7233951772647139e-27 -7.2490617436079574e-27 -31.021980874074057 
1 0.47763400000000006 -0.21590900000000002 0.46277999999999991 1 -5.280865821496692e-117 2.0233539864652416e-30 -5.2808659216116617e-117 1 5.219912982977084e-87 -2.0233539864652416e-30 -5.219912982977084e-87 1 0 0 0 -3.1135420567087623e-85 -1.5046526010075099e-27 4.2420677125673229e-114 
2 0.47420146034847616 -0.23465601427737998 0.47280934436971683 -0.18010361045157913 0.98364764499403234 -4.7657213973194583e-30 -0.98364764499403234 -0.18010361045157913 -3.471184555152862e-30 -4.2727461430793497e-30 4.0626177582441653e-30 1 -0.57919601404873855 0.10605179942917055 0 4.3630080009822956e-28 1.5006296330598873e-27 -30.895341323962491 
1 0.47763400000000006 -0.21590900000000002 0.46277999999999991 1 -1.1054862684321528e-126 1.6056613807566548e-31 1.1054862684321528e-126 1 -1.0633288027491538e-139 -1.6056613807566548e-31 1.0633288027491538e-139 1 0 0 0 1.0302953185011898e-136 6.9397261993724458e-28 1.082912722352484e-123 
2 0.46877788171450036 -0.23278509151215762 0.47280934436971683 -0.46467649762247432 0.88548052071025851 -6.0505400244884148e-30 -0.88548052071025851 -0.46467649762247432 -1.4880185485313501e-30 -4.1291551864839394e-30 4.6661880839334364e-30 1 -0.49462354922530888 0.25957514542066035 0 2.260421631006461e-27 3.6188460443885684e-27 -29.309521344986944 
1 0.47763400000000006 -0.21590900000000002 0.46277999999999991 1 -6.29186687898319e-129 8.2756594508597366e-30 6.29186687898319e-129 1 2.6034673800304297e-158 -8.2756594508597366e-30 2.6034673800304297e-158 1 0 0 0 -9.191289304680457e-155 2.2786184027885949e-29 -2.2195502309842316e-125 
2 0.4644611689903636 -0.22968252468112982 0.47280934436971683 -0.69117223914759029 0.72269006900033317 6.1486849277583243e-30 -0.72269006900033317 -0.69117223914759029 1.4655155846373241e-30 5.3089138883143724e-30 -3.4306698465635023e-30 1 -0.36468490110023166 0.34876041118288115 0 1.1522017050627002e-27 9.9728386513676776e-27 -26.475834087492949 
1 0.47763400000000006 -0.21590900000000002 0.46277999999999991 1 -1.0999407696711117e-180 8.8591303634820335e-30 1.0999407696711117e-180 1 4.8722593353125715e-210 -8.8591303634820335e-30 4.8722593353125715e-210 1 0 0 0 2.0715943452827587e-208 9.8029378734712905e-28 1.6847973906869002e-178 
2 0.46149759878052765 -0.22605050895631787 0.47280934436971683 -0.84666923759153212 0.53211953743136864 8.9480959164697751e-30 -0.53211953743136864 -0.84666923759153212 1.0210416228077697e-30 8.1193937435200111e-30 -3.8969721276315408e-30 1 -0.23037400961601168 0.36655365240829368 0 -1.1690926595536712e-28 7.4400914892763125e-28 -22.716045241733426 
1 0.47763400000000006 -0.21590900000000002 0.46277999999999991 1 2.7919173842162205e-233 -1.0735830107554994e-30 -2.7919173842162205e-233 1 1.4986775355637342e-263 1.0735830107554994e-30 1.4986775355637342e-263 1 0 0 0 1.0722245595846856e-260 -4.4571906718230085e-28 -3.1565886357753312e-230 
2 0.45976584892127853 -0.22253945193415223 0.47280934436971683 -0.93753298705571564 0.34789639001057104 -7.5199742612777955e-31 -0.34789639001057104 -0.93753298705571564 1.1013788132932431e-31 -6.6670582185790246e-31 3.6487508671776491e-31 1 -0.12177593914563833 0.32816047044672275 0 3.799707544025539e-30 -1.9640535939408484e-28 -18.365860735651342 
1 0.47763400000000006 -0.21590900000000002 0.46277999999999991 1 -7.6105199018825151e-235 2.0451496994125598e-28 7.6105199018825151e-235 1 7.7823262448541648e-263 -2.0451496994125598e-28 7.7823262448541648e-263 1 0 0 0 -4.6807368429875281e-259 7.8760609043005416e-25 -1.6465209665974482e-231 
2 0.45893589792107292 -0.21959881285421801 0.47280934436971683 -0.98108004032559903 0.19360256835775944 2.0532142948512934e-28 -0.19360256835775944 -0.98108004032559903 6.3261251816371712e-30 2.0266151040189797e-28 -3.3544320938902251e-29 1 -0.050536149530293478 0.25612710934741373 0 1.0567884945933822e-26 7.8772859926242888e-25 -13.697828979239702 
1 0.47763400000000006 -0.21590900000000002 0.46277999999999991 1 -2.6292399010871519e-283 1.2133937583342137e-27 2.6292399010871519e-283 1 1.5951516425712562e-310 -1.2133937583342137e-27 1.5951516425711574e-310 1 0 0 0 5.9960641281516754e-309 1.5901319549806347e-25 4.4338873285824772e-281 
2 0.45863905966782142 -0.21746655924421293 0.47280934436971683 -0.99665496818181187 0.081724380686008624 1.2128013442779201e-27 -0.081724380686008624 -0.99665496818181187 -4.8072024845448754e-29 1.2048158287333525e-27 -1.4702666114904775e-28 1 -0.013852593625214286 0.16892533279653341 5.113361294678206e-15 1.5056995958206193e-27 1.590315028469264e-25 -8.8931716312355 
1 0.47763400000000006 -0.21590900000000002 0.46277999999999991 1 2.993688555979068e-286 -9.5334338966384289e-30 -2.993688555979068e-286 1 1.4270065934565744e-315 9.5334338966384289e-30 1.4270066033378873e-315 1 0 0 0 -3.6982260809295233e-313 -1.4989462785414855e-26 -3.9311471024480457e-283 
2 0.45857809688635232 -0.21623486899660213 0.47280934436971683 -0.99985381485102975 0.017098214171154646 -9.8476529426116025e-30 -0.017098214171154646 -0.99985381485102975 7.4062802042756611e-31 -9.8335499454847507e-30 9.0889703070604276e-31 1 -0.0013196498822171717 0.077132538518946789 -8.9050589983173942e-16 -9.6143599633175558e-28 -1.5110812098725464e-26 -4.0476585215217877 
1 0.47763400000000006 -0.21590900000000002 0.46277999999999991 1 4.39792889863518e-63 6.4504476688613146e-31 4.39792889863518e-63 1 -1.3636042409476793e-32 -6.4504476688613146e-31 1.3636042409476793e-32 1 0 0 0 -4.308238607308788e-29 -9.6830575182863997e-28 7.2931046920688215e-60 
2 0.45857531844772065 -0.21592576499215646 0.47280934436971683 -0.99999961305673868 0.00087970811804635079 3.8928899276735205e-31 -0.00087970811804635079 -0.99999961305673868 -3.9158325328487588e-32 3.8925439423791902e-31 -3.9500770863641004e-32 1 1.3750163449151714e-05 -0.015323298868119648 0 -3.8374463907551699e-29 -5.7748451202237988e-28 0.80392549143623493 
1 0.47763400000000006 -0.21590900000000002 0.46277999999999991 1 2.8374052324131367e-66 -4.0942673944540166e-34 2.8374052233577092e-66 1 1.3860380646993867e-32 4.0942673944540166e-34 -1.3860380646993867e-32 1 0 0 0 -3.8155583499767768e-30 -1.206058822112113e-31 5.4725911338074405e-65 
2 0.45858579837893326 -0.21654116752595043 0.47280934436971683 -0.9994497375482061 0.033169596241465711 7.9579449632273021e-33 -0.033169596241465711 -0.9994497375482061 -2.2926488001133798e-33 7.8775197698973537e-33 -2.5553490629055823e-33 1 0.003574805195622695 -0.10771560925937877 0 1.9421367884671705e-30 2.3910825817720724e-30 5.6549240924301207 
1 0.47763400000000006 -0.21590900000000002 0.46277999999999991 1 1.2288835033231608e-60 2.3141991535820597e-29 1.2288835033231486e-60 1 -1.0620378124510271e-31 -2.3141991535820597e-29 1.0620378124510271e-31 1 0 0 0 1.9970355992563462e-29 4.4800481360495491e-26 2.1479133563690679e-57 
2 0.45869889350431414 -0.2180758815678687 0.47280934436971683 -0.99351567418235986 0.11369522924894805 2.3160709535063216e-29 -0.11369522924894805 -0.99351567418235986 -4.6858290959939262e-31 2.29572523069411e-29 -3.0988066454982818e-30 1 0.022737535921320887 -0.19869641394178494 0 8.9116292089810605e-28 4.4810774393656702e-26 10.493581842423918 
1 0.47763400000000006 -0.21590900000000002 0.46277999999999991 1 -4.8258245894403578e-60 -2.7625525131230821e-28 -4.8258245894403622e-60 1 -3.4937432439861472e-32 2.7625525131230821e-28 3.4937432439861472e-32 1 0 0 0 -3.7611569882530879e-29 -4.4738928849706622e-25 -1.3010513365666474e-56 
2 0.45913452507167524 -0.22049191801942516 0.47280934436971683 -0.97065819005468645 0.24046346516624964 -2.7492201574466785e-28 -0.24046346516624964 -0.97065819005468645 -1.8151154178550112e-30 -2.6729177515195938e-28 6.4346843910217573e-29 1 0.06997710545470158 -0.28246060235418496 0 -6.0813203753091705e-27 -4.4690828254353255e-25 15.268558565446662 
1 0.47763400000000006 -0.21590900000000002 0.46277999999999991 1 3.8153816515514978e-109 -3.6279357799615089e-28 3.8153816515514978e-109 1 2.1033347241841076e-81 3.6279357799615089e-28 -2.1033347241841076e-81 1 0 0 0 -6.3464236318151905e-79 -1.1972062712679892e-25 1.078418927516903e-107 
2 0.4602216593626462 -0.22365782026250763 0.47280934436971683 -0.91361667995498053 0.40657663743510725 -3.6119850272636489e-28 -0.40657663743510725 -0.91361667995498053 -3.2346360076637691e-29 -3.4314825117879604e-28 1.173026985832348e-28 1 0.15387259946418261 -0.34577220883757664 0 7.012427669441261e-27 -1.1888000100071795e-25 19.857819535291327 
1 0.47763400000000006 -0.21590900000000002 0.46277999999999991 1 1.4928164162712431e-116 1.0202287360967259e-31 1.492815682504477e-116 1 -2.9264340369380247e-85 -1.0202287360967259e-31 2.9264340369380247e-85 1 0 0 0 5.3785027650999366e-82 3.0246056662448085e-28 1.6820023215512904e-113 
2 0.46233210165580185 -0.22727058412405243 0.47280934436971683 -0.80288301991015787 0.59613660879025454 7.3286456326335026e-31 -0.59613660879025454 -0.80288301991015787 -7.0762069331711043e-33 5.8418612773377892e-31 -4.425687618383782e-31 1 0.27322574051497284 -0.36798926208741806 0 -1.3400905526782122e-28 1.2626359922835004e-27 24.048343340741265 
1 0.47763400000000006 -0.21590900000000002 0.46277999999999991 1 1.9071442269102052e-123 2.6250443362456014e-31 -1.9071442269102052e-123 1 -7.1321624566928708e-134 -2.6250443362456014e-31 7.1321624566928708e-134 1 0 0 0 -5.3519914479625348e-131 -3.610421930429515e-28 1.4517603400293512e-120 
2 0.46574733879154556 -0.23080668747018324 0.47280934436971683 -0.62368737694092624 0.78167388074858113 2.2804847315424586e-31 -0.78167388074858113 -0.62368737694092624 -1.2035801415296914e-31 4.8150238034810802e-32 -2.5332530915015218e-31 1 0.41027529936321283 -0.32734884851824153 0 3.2936142949975654e-28 -3.0433234056357045e-28 27.539650929650193 
1 0.47763400000000006 -0.21590900000000002 0.46277999999999991 1 2.3543493347332131e-58 3.1501646218932387e-31 2.3543493347332131e-58 1 -1.4947468575901007e-27 -3.1501646218932387e-31 1.4947468575901007e-27 1 0 0 0 -1.0571445355031503e-25 1.4557217302529513e-28 1.2544767067091009e-55 
2 0.47047994763624168 -0.23357402322261814 0.47280934436971678 -0.37537013864404556 0.92687499643390425 3.785227532508046e-29 -0.92687499643390425 -0.37537013864404556 -1.4925129873134726e-27 -1.3691643559569627e-27 -5.9532913453284587e-28 1 0.5297810221071968 -0.21455159609471683 -1.1961351924685483e-14 -1.0487116378054453e-25 -2.557362298067528e-26 29.990103703495592 
1 0.47763400000000006 -0.21590900000000002 0.46277999999999991 1 1.8543769271360865e-58 -7.1418061530413036e-30 1.8543769271360865e-58 1 5.1930194894646055e-29 7.1418061530413036e-30 -5.1930194894646055e-29 1 0 0 0 -1.2083694568447003e-25 4.615739406335435e-28 -4.4348183344972779e-55 
2 0.4761465119157543 -0.23490954947369985 0.47280934436971683 -0.078047869394803404 0.99694961260985082 -1.7113560940544484e-29 -0.99694961260985082 -0.078047869394803404 5.1383679074180971e-29 4.9891261978305996e-29 2.1071744623457065e-29 1 0.59096964482021319 -0.046257711208810275 -1.6167477113092651e-14 -1.1914553561794067e-25 -2.1803342703229011e-26 31.102512696758495 
1 0.47763400000000006 -0.21590900000000002 0.46277999999999991 1 2.0546145846573075e-69 -3.8347185607497451e-30 -2.0546145846573075e-69 1 2.3558610542660905e-81 3.8347185607497451e-30 -2.3558610542660905e-81 1 0 0 0 1.3696615130974542e-78 1.1142990484456335e-26 1.6814876958846563e-66 
2 0.4820209930921151 -0.2344558922678838 0.47280934436971683 0.23018340573674095 0.97314726517800731 -3.100575338973553e-30 -0.97314726517800731 0.23018340573674095 2.3183772333159409e-30 2.9698234555206454e-30 2.4836644442532996e-30 1 0.56987440842163084 0.13478633757153485 7.9530072965346178e-16 2.1105313183408948e-27 9.5153272172634705e-27 30.726095213759368 
1 0.47763400000000006 -0.21590900000000002 0.46277999999999991 1 -3.9214668955006781e-70 7.0806446199367355e-30 3.9214668955006781e-70 1 -1.0972510684866042e-83 -7.0806446199367355e-30 1.0972510684866045e-83 1 0 0 0 5.6767854284524031e-81 6.6978901007334272e-27 1.9603781188154153e-67 
2 0.48729490246933393 -0.23233763647537453 0.47280934436971683 0.50690335277964349 0.86200289497237548 7.6548067629655789e-30 -0.86200289497237548 0.50690335277964349 -3.8311034884316104e-30 -7.1826695109943562e-30 -4.6564663869986763e-30 1 0.47501520674948949 0.27934252142104687 0 -1.4805983035325814e-28 8.2250285933686974e-27 28.914219413272573 
1 0.47763400000000006 -0.21590900000000002 0.46277999999999991 1 -2.457574966024181e-122 4.1407626155250232e-30 2.457574966024181e-122 1 5.0881172720815538e-152 -4.1407626155250232e-30 5.0881172720815538e-152 1 0 0 0 1.4993271751352735e-148 5.2401873963258712e-28 7.5528016799844162e-119 
2 0.49139244641416918 -0.22909758384837023 0.47280934436971683 0.72189897708741546 0.69199845872671073 8.0656749099559077e-30 -0.69199845872671073 0.72189897708741546 3.9620071819839586e-30 -3.0808996036197437e-30 -8.4416035381674021e-30 1 0.34161606980858639 0.35637994681646989 0 -1.5848677264072336e-27 4.3702118864799729e-27 25.902771735031045 
1 0.47763400000000006 -0.21590900000000002 0.46277999999999991 1 -1.038935752896352e-122 4.0438262247498116e-30 1.038935752896352e-122 1 2.1006378216962294e-152 -4.0438262247498116e-30 2.1006378216962294e-152 1 0 0 0 6.1538402470795944e-150 -2.678033331228941e-27 -3.8368031651556419e-120 
2 0.49413506986701849 -0.22544568533263834 0.47280934436971683 0.86580316204461893 0.50038473657131 6.2858304809613739e-30 -0.50038473657131 0.86580316204461893 4.2045710116356163e-30 -3.3383887484401513e-30 -6.7856645062630272e-30 1 0.21003123135134458 0.36341259596149206 0 1.8642677807453028e-27 -3.6789146780087876e-27 22.02341588577 
1 0.47763400000000006 -0.21590900000000002 0.46277999999999991 1 -1.0602877242579591e-60 -1.0702190244108899e-30 -1.0602877242579591e-60 1 -1.9814406211693022e-30 1.0702190244108899e-30 1.9814406211693022e-30 1 0 0 0 -9.565652388121381e-30 -3.9742982485464626e-28 -3.9886047109893308e-58 
2 0.49569146567801037 -0.22200504123793927 0.47280934436971683 0.94746615436731507 0.31985604000614265 -1.8966258739809756e-30 -0.31985604000614265 0.94746615436731507 7.2172965897485837e-31 2.0278384137689847e-30 -7.7167183056998641e-32 1 0.10731671278826041 0.31788063194414623 0 1.4079198249635431e-28 -2.9181034814427813e-28 17.604000097796334 
1 0.47763400000000006 -0.21590900000000002 0.46277999999999991 1 -3.1519413996328273e-62 2.0177948697254329e-30 -3.1519413996328273e-62 1 3.1241445272003501e-32 -2.0177948697254329e-30 -3.1241445272003501e-32 1 0 0 0 -1.5029782999430558e-28 4.2939063555229332e-28 1.4492770312622865e-58 
2 0.49640855907143572 -0.2191876529851628 0.47280934436971683 0.98509183352498897 0.1720292984417929 1.6109849276578156e-30 -0.1720292984417929 0.98509183352498897 4.9329316809600098e-32 -1.5784820084041909e-30 -3.2573051404778052e-31 1 0.042307835956246549 0.24225460002888993 -3.6942553180042981e-15 4.8364196874027274e-29 1.0433716689796294e-27 12.903378908154176 
1 0.47763400000000006 -0.21590900000000002 0.46277999999999991 1 6.914978792539446e-115 5.0880797032917718e-31 6.914978792539446e-115 1 -2.7181094620297508e-84 -5.0880797032917718e-31 2.7181094620297508e-84 1 0 0 0 -7.5042175304875928e-82 -6.4132604598602793e-28 -6.8068691239057372e-112 
2 0.496648794330174 -0.21720180341889031 0.47280934436971683 0.99769670405501709 0.067832784977145719 9.8213243084516171e-31 -0.067832784977145719 0.99769670405501709 1.373965136238836e-31 -9.7055030103450146e-31 -2.0370082679180023e-31 1 0.010454817083715902 0.15378030603324244 -1.474112459793553e-14 2.6856584443781853e-29 -5.9060529667850793e-28 8.0874083002260519 
1 0.47763400000000006 -0.21590900000000002 0.46277999999999991 1 1.1560513759749787e-63 -1.4973628809549752e-31 1.1560513759749787e-63 1 1.5441165140111958e-32 1.4973628809549752e-31 -1.5441165140111958e-32 1 0 0 0 -1.7986312668192282e-29 -1.2818934771920305e-28 -3.569054040623437e-61 
2 0.49669148542219244 -0.21612322627387626 0.47280934436971683 0.99993682471026446 0.011240399830696387 -2.4786793413214283e-31 -0.011240399830696387 0.99993682471026446 2.465924755862971e-32 2.48129454805671e-31 -2.1871555018666532e-32 1 0.00069455799466244968 0.061741498960320419 -8.043600934642945e-16 -2.5931353451235138e-29 -2.2207569873519666e-28 3.239711245990625 
1 0.47763400000000006 -0.21590900000000002 0.46277999999999991 1 7.5343613015427681e-66 -6.19886438676996e-34 7.534361270602465e-66 1 2.4308843736452647e-32 6.19886438676996e-34 -2.4308843736452647e-32 1 0 0 0 -5.3072167355303042e-29 -6.5966515803102232e-30 6.3729127813219682e-62 
2 0.49669259707058827 -0.21596811202904509 0.47280934436971683 0.99999519008236026 0.0031015822001159146 -6.5490322704464245e-34 -0.0031015822001159146 0.99999519008236026 1.8002103683674407e-32 7.1073508136398409e-34 -1.7999985858846548e-32 1 -9.5262681531886248e-05 -0.030719868603754863 0 -6.1565379242139821e-29 -6.7688955654119574e-30 -1.6118982364884791 
1 0.47763400000000006 -0.21590900000000002 0.46277999999999991 1 7.895166177014771e-75 7.3228373626507371e-107 -7.895166177014771e-75 1 1.8550179181711824e-32 7.3228373626507371e-107 -1.8550179181711824e-32 1 0 0 0 2.8065408579382655e-30 4.5033502528757754e-106 1.2430487210232697e-72 
2 0.49667467948397714 -0.21673734075374929 0.47280934436971683 0.9990550496909012 0.043462716057684717 2.9353677513291331e-34 -0.043462716057684717 0.9990550496909012 1.6648601046160693e-32 4.3033402256043536e-34 -1.6645626850966149e-32 1 -0.0053530701429085944 -0.12304817891936751 0 -1.1345788372150206e-30 -7.0857415268489924e-32 -6.4623788986843351 
1 0.47763400000000006 -0.21590900000000002 0.46277999999999991 1 -5.197023709499448e-64 -9.9419038182716341e-32 -5.1970237098310621e-64 1 -1.0454785732515244e-32 9.9419038182716341e-32 1.0454785732515244e-32 1 0 0 0 -1.1329639703201862e-29 -1.2325166235052384e-28 -1.2074758016705994e-60 
2 0.49652614779243764 -0.21842304193770803 0.47280934436971683 0.99126161966628568 0.13191058098792532 -5.495357619392451e-32 -0.13191058098792532 0.99126161966628568 -7.8770437629123871e-32 4.408271675211338e-32 8.5331069749172259e-32 1 -0.028396227888299704 -0.21339420917933269 0 5.5605313014245407e-30 -6.3838068981513931e-29 -11.295426160209876 
1 0.47763400000000006 -0.21590900000000002 0.46277999999999991 1 3.6479742635964424e-65 2.8317219740782088e-31 3.6479742644060301e-65 1 -2.5765059546064627e-34 -2.8317219740782088e-31 2.5765059546064627e-34 1 0 0 0 -1.0753097189678871e-29 -8.1434773281707583e-29 1.5119982209879626e-60 
2 0.49600661403707885 -0.22097661045728145 0.47280934436971683 0.96400199024261646 0.26589502215775768 8.6284536814385441e-31 -0.26589502215775768 0.96400199024261646 -1.2730551497987418e-31 -8.6563455488867712e-31 -1.0670351847186883e-31 1 -0.081342260026146321 -0.29488227607571038 0 2.5420957791154955e-28 9.4995790718729768e-28 -16.0500824532736 
1 0.47763400000000006 -0.21590900000000002 0.46277999999999991 1 3.9390440483075192e-75 2.1120778455579063e-30 -3.9390440483075192e-75 1 5.8373035261277541e-87 -2.1120778455579063e-30 -5.8373035261277541e-87 1 0 0 0 1.815387860166266e-84 -1.9183482810217901e-28 6.1830937848540028e-74 
2 0.49477380474510196 -0.22424332403093389 0.47280934436971683 0.89931681696673038 0.43729768204374042 3.5293818301178125e-30 -0.43729768204374042 0.89931681696673038 -5.810800237498865e-31 -3.4281373807895116e-30 -1.020815455996114e-30 1 -0.17160274068054529 -0.35290726603064726 0 -2.7290125240066717e-28 -4.9350982424523975e-28 -20.589918345322115 
1 0.47763400000000006 -0.21590900000000002 0.46277999999999991 1 1.8276353766599276e-60 1.0414448633982112e-30 1.8276353766599276e-60 1 -3.5098072704423248e-30 -1.0414448633982112e-30 3.5098072704423248e-30 1 0 0 0 2.7357093942471168e-28 7.7968456847906215e-28 1.225816758730305e-57 
2 0.49245996517750606 -0.22788499785959521 0.47280934436971683 0.77791101257421469 0.62837445565185102 1.0362564188931022e-30 -0.62837445565185102 0.77791101257421469 -3.2121210616659224e-30 -2.8245301037198329e-30 1.8475872844538094e-30 1 -0.29564167340151065 -0.36600258962623988 0 7.044312984149375e-29 8.433406123365609e-28 -24.686295142787948 
1 0.47763400000000006 -0.21590900000000002 0.46277999999999991 1 -1.669479085180932e-61 -1.0033422938517902e-30 -1.669479085180932e-61 1 -3.3278355660098208e-31 1.0033422938517902e-30 3.3278355660098208e-31 1 0 0 0 -2.1481635812794617e-27 -2.8816385044571295e-27 -1.557152642780695e-57 
2 0.48881596914805858 -0.2313426396744728 0.47280934436971683 0.58671245758478852 0.80979533964750483 -1.9630915050104132e-30 -0.80979533964750483 0.58671245758478852 -4.1786764596010612e-31 8.1338296908051315e-31 1.8348705055654632e-30 1 -0.43255445561768163 -0.31338354385595646 0 -1.8416748355390048e-27 -2.0775784905093483e-27 -28.027129524201047 
1 0.47763400000000006 -0.21590900000000002 0.46277999999999991 1 -8.1239755591039526e-114 2.1395913200088663e-30 -8.1239755591039526e-114 1 7.5939507541751359e-84 -2.1395913200088663e-30 -7.5939507541751359e-84 1 0 0 0 2.206684541842091e-82 6.6573309652658122e-28 -2.7638423298098442e-111 
2 0.48388996641150883 -0.23391167577763067 0.47280934436971683 0.32824814787122791 0.94459152728526441 2.2410524865855431e-30 -0.94459152728526441 0.32824814787122791 3.9670674386299285e-31 -3.6089549893400577e-31 -2.2470974449513304e-30 1 -0.54497841333713493 -0.18938079422528359 0 6.9579753603370002e-28 5.9768389573411102e-28 -30.271983175178249 
1 0.47763400000000006 -0.21590900000000002 0.46277999999999991 1 -6.8254361994605328e-115 -9.9515216397517418e-30 -6.8254361994605328e-115 1 -1.3717371968917921e-85 9.9515216397517418e-30 1.3717371968917921e-85 1 0 0 0 1.3910060864250484e-82 -2.4312199761323769e-27 5.2538161474990464e-112 
2 0.47813246241061552 -0.23496116128498343 0.47280934436971683 0.026154300294109277 0.99965791777793944 -9.7690363190693646e-30 -0.99965791777793944 0.026154300294109277 -2.3186137834741089e-30 -2.0623183174459577e-30 9.8263362265769906e-30 1 -0.59331059677146902 -0.015514408268559514 0 1.600724086341915e-27 -2.1290152810961792e-27 -31.141130360419503 
1 0.47763400000000006 -0.21590900000000002 0.46277999999999991 1 1.0544907144116943e-167 -6.8232175718105965e-30 1.0544907144116943e-167 1 3.0908899014688068e-138 6.8232175718105965e-30 -3.0908899014688068e-138 1 0 0 0 1.0108096917079771e-134 -2.4639287423847067e-27 3.8292738484979418e-164 
2 0.47230538072864731 -0.23420760950735633 0.47280934436971683 -0.27959008612719366 0.96011946326454001 -9.9169296303157179e-30 -0.96011946326454001 -0.27959008612719366 8.7133089885716003e-31 -1.9360934545207446e-30 9.7650526349476981e-30 1 -0.55839982467164384 0.1625799219701573 6.1150384762876361e-14 1.926295406264362e-27 5.7425981785023461e-27 -30.51575875613046 
1 0.47763400000000006 -0.21590900000000002 0.46277999999999991 1 2.0020360402353608e-170 -1.0173058112922959e-29 2.0020359764963891e-170 1 3.9359570861443607e-141 1.0173058112922959e-29 -3.9359570861443607e-141 1 0 0 0 3.4333482553151508e-139 -3.776573121816452e-27 9.1785974217259431e-168 
2 0.46719819138597718 -0.23185663115388927 0.47280934436971689 -0.54756246736140846 0.8367648082568282 -4.2061625449362471e-30 -0.8367648082568282 -0.54756246736140846 -9.2642390895441584e-31 -3.0783356657692154e-30 3.0122938340009503e-30 1 -0.45424242659345115 0.29725107372665199 1.4664020015722577e-15 -2.8747249769880853e-28 -2.4989232041051182e-27 -28.483551932117397 
1 0.47763400000000006 -0.21590900000000002 0.46277999999999991 1 -5.1247981470516608e-180 2.6821444062895725e-30 5.1247981470516608e-180 1 -6.6743993527826672e-193 -2.6821444062895725e-30 6.6743993527826672e-193 1 0 0 0 7.6019661225382797e-190 -1.780425239052321e-27 5.9400104798425614e-177 
2 0.46332560714886911 -0.22849881538488004 0.47280934436971683 -0.75075453158239647 0.66058128440676889 2.70123196707136e-30 -0.66058128440676889 -0.75075453158239647 -8.1291062899113661e-32 1.9742627853933665e-30 -1.8454129161372811e-30 1 -0.31855892140066827 0.36204690662434957 0 7.7618099968451899e-28 6.3094154961889807e-28 -25.303305187504993 
1 0.47763400000000006 -0.21590900000000002 0.46277999999999991 1 1.8046780912610398e-225 2.8893132972096705e-30 1.8046767429313841e-225 1 -1.2492085360483847e-195 -2.8893132972096705e-30 1.2492085360483847e-195 1 0 0 0 -2.3948853193817953e-192 -3.9018875913971657e-27 1.0226527513490739e-222 
2 0.46079980390291153 -0.22484451938299965 0.47280934436971683 -0.88328203232211322 0.46884203243407829 2.2850369854168719e-30 -0.46884203243407829 -0.88328203232211322 2.0522373115563372e-31 2.1145496236289218e-30 -8.9005095009401037e-31 1 -0.19044266305899443 0.35879260443933736 0 5.6116741459235552e-28 -3.4294884205538306e-27 -21.312730750347733 
1 0.47763400000000006 -0.21590900000000002 0.46277999999999991 1 -1.1640431774511821e-60 1.4366412748632946e-30 -1.1640431774511821e-60 1 1.6205063822379014e-30 -1.4366412748632946e-30 -1.6205063822379014e-30 1 0 0 0 3.0549148285118666e-28 5.6174043760784935e-29 -2.6495603490683511e-58 
2 0.45940954465927741 -0.22148601239393623 0.47280934436971683 -0.9562279508080731 0.29262280514921124 1.261852320935414e-30 -0.29262280514921124 -0.9562279508080731 1.1821717302804137e-30 1.5525488669532333e-30 7.6117888531311047e-31 1 -0.093867481046964102 0.30673280915692691 0 2.3316438266870232e-28 -2.3033835362391598e-28 -16.830923402240494 
1 0.47763400000000006 -0.21590900000000002 0.46277999999999991 1 6.1593365057777842e-59 1.1613571141648384e-27 6.1593365057777842e-59 1 -1.0607136135222491e-31 -1.1613571141648384e-27 1.0607136135222491e-31 1 0 0 0 1.4071081574639753e-28 1.1200407120317447e-25 -7.576754129875214e-56 
2 0.45879555380255505 -0.21879805333870991 0.47280934436971683 -0.98844389118237685 0.15158718278351077 1.160792634745557e-27 -0.15158718278351077 -0.98844389118237685 -4.0915808987813771e-30 1.1467581575221648e-27 -1.8000558344160676e-28 1 -0.034966141870178824 0.22798478550935075 0 -8.2016259974182036e-27 1.1080652513367683e-25 -12.102132168256036 
1 0.47763400000000006 -0.21590900000000002 0.46277999999999991 1 8.4751742645026783e-109 3.2802591722653549e-28 8.4751742644970434e-109 1 -5.16738088024117e-81 -3.2802591722653549e-28 5.16738088024117e-81 1 0 0 0 -7.352137754850414e-78 -4.6850576645897693e-25 -4.6280046362892314e-108 
2 0.45860437797080439 -0.21696122802366091 0.47280934436971678 -0.99847476967818549 0.055209911393648316 3.2742856912603669e-28 -0.055209911393648316 -0.99847476967818549 -1.6970940672457473e-29 3.2599220101338409e-28 -3.5022358368351662e-29 1 -0.0076541354546802295 0.13847766295892347 5.0760714467612032e-14 -2.5344334463863555e-26 -4.6737433389955907e-25 -7.276987607397106 
1 0.47763400000000006 -0.21590900000000002 0.46277999999999991 1 -2.4327198786809994e-63 1.3986861882826405e-31 -2.4327198786809994e-63 1 3.4785785390044988e-32 -1.3986861882826405e-31 -3.4785785390044988e-32 1 0 0 0 -3.2064127872762775e-29 -9.7672911073504096e-29 3.9411971012600182e-60 
2 0.45857573924978712 -0.21603684677992496 0.47280934436971683 -0.99997750023241971 0.0067081315521509274 1.0715894183938028e-31 -0.0067081315521509274 -0.99997750023241971 2.8806335511169097e-32 1.0734976747623907e-31 2.8086851096467403e-32 1 -0.00031067390002925243 0.046269911067346542 2.9043703967163643e-15 -3.6971982300592035e-29 -3.6134089953766179e-29 -2.4277869003788637 
1 0.47763400000000006 -0.21590900000000002 0.46277999999999991 1 3.2245939779122844e-64 -1.9083830120338599e-32 3.2245939750602383e-64 1 3.3793991626970619e-32 1.9083830120338599e-32 -3.3793991626970619e-32 1 0 0 0 -4.6343979174809269e-29 -3.0052589006606591e-29 6.5588157766074865e-62 
2 0.45857573757336095 -0.2160364754494157 0.47280934436971683 -0.99997763106848525 0.0066885994543232239 -1.0045675051536431e-32 -0.0066885994543232239 -0.99997763106848525 5.7312489964572881e-32 -9.662110051416235e-33 5.7378399442077948e-32 1 0.00030896638974422071 -0.046193466911577455 0 -7.0573722868955413e-29 -1.5737266193968828e-29 2.4238448162098973 
1 0.47763400000000006 -0.21590900000000002 0.46277999999999991 1 3.2097351567564025e-74 -6.2635410539563486e-107 -3.2097351567564025e-74 1 -3.9028397970915266e-33 -6.2635410539563486e-107 3.9028397970915266e-33 1 0 0 0 1.3232430321166436e-29 -2.7496581548151325e-103 3.2080656486222927e-71 
2 0.45860431907962368 -0.2169601272687004 0.47280934436971683 -0.99847795932182604 0.055152196225734501 2.8119266035856634e-35 -0.055152196225734501 -0.99847795932182604 5.8690477749235135e-34 6.0445554823188871e-35 5.8446064526866017e-34 1 0.007645495204931926 -0.1384109926978232 0 2.0686107032342371e-29 6.2731852998485575e-31 7.2733647729016395 
1 0.47763400000000006 -0.21590900000000002 0.46277999999999991 1 4.3337407648996222e-61 -2.9603531066238041e-29 4.3337407643336934e-61 1 2.9278539475036894e-32 2.9603531066238041e-29 -2.9278539475036894e-32 1 0 0 0 -1.423319943156289e-30 -2.8440664919529071e-26 3.9528291721578072e-58 
2 0.45879528828290533 -0.21879632060250362 0.47280934436971683 -0.98845781828288737 0.15149634145890956 -2.9553011569392646e-29 -0.15149634145890956 -0.98845781828288737 3.3170179202919121e-31 -2.9161653731623e-29 4.8050463615255109e-30 1 0.034933167337874618 -0.22793096868310994 0 -5.2957063655441159e-28 -2.8384846114503991e-26 12.099098458320912 
1 0.47763400000000006 -0.21590900000000002 0.46277999999999991 1 -3.9918404896326665e-62 -8.9960904202242442e-29 -3.9918404869167384e-62 1 -8.8746117520130445e-34 8.9960904202242442e-29 8.8746117520130445e-34 1 0 0 0 1.7004805665557748e-30 -1.58995784587449e-25 5.9370917773334407e-60 
2 0.45940890502375892 -0.22148390563064432 0.47280934436971683 -0.95626168781362575 0.29251253720111858 -8.8268545898253941e-29 -0.29251253720111858 -0.95626168781362575 -3.4149021174731759e-30 -8.5406730364194362e-29 2.2554116253178428e-29 1 0.093820136817778149 -0.3067180431774893 0 5.6382193382711741e-27 -1.5871835244308048e-25 16.829409789020968 
1 0.47763400000000006 -0.21590900000000002 0.46277999999999991 1 -1.8721789188090562e-72 -4.2798401567507326e-29 1.8721789188090562e-72 1 1.6706954550079709e-82 4.2798401567507326e-29 -1.6706954550079709e-82 1 0 0 0 1.2082010084672263e-79 3.2099651956523553e-26 -1.3260024828790581e-69 
2 0.46079872735080918 -0.22484250066596298 0.47280934436971683 -0.88333820764536808 0.46873618477120865 -4.2906855892531199e-29 -0.46873618477120865 -0.88333820764536808 -5.7464917607419038e-30 -4.0594853803555952e-29 1.5035900199410498e-29 1 0.19040465101418466 -0.35881145056341157 0 -4.3449792127557049e-27 3.2040573237217828e-26 21.3132200554777 
1 0.47763400000000006 -0.21590900000000002 0.46277999999999991 1 7.0763948027698972e-61 4.3267216640209178e-31 7.0763948027698972e-61 1 -3.271019192944178e-30 -4.3267216640209178e-31 3.271019192944178e-30 1 0 0 0 -2.1276802764811951e-28 2.0959278722711552e-28 3.8882041659308608e-58 
2 0.46332431430065207 -0.22849735724537135 0.47280934436971683 -0.75082207959680713 0.66050450777411485 -3.0845834678244383e-30 -0.66050450777411485 -0.75082207959680713 -2.6123503157387169e-30 -4.0414425334324308e-30 7.597098840523368e-32 1 0.31856153328101056 -0.36212633227796587 0 -1.0520414862770337e-28 3.7128618679418948e-28 25.306113163699884 
1 0.47763400000000006 -0.21590900000000002 0.46277999999999991 1 -5.0724013670594751e-62 9.3528378288588514e-31 -5.0724013670594751e-62 1 1.0846764286681454e-31 -9.3528378288588514e-31 -1.0846764286681454e-31 1 0 0 0 -2.6320832064977812e-28 5.1830319169211308e-28 9.4977674165587644e-59 
2 0.46719701550848303 -0.2318558799762267 0.47280934436971683 -0.54762350919051006 0.83672486050186856 6.8844842332767793e-31 -0.83672486050186856 -0.54762350919051006 4.2348265347520859e-31 7.3134900563338181e-31 -3.4413285419418024e-31 1 0.45427509025070545 -0.29731679168099107 0 -4.3902705992493516e-28 7.4559432817195423e-28 28.486531884692162 
1 0.47763400000000006 -0.21590900000000002 0.46277999999999991 1 -6.9934762743483848e-114 -3.0288927325308425e-30 -6.9934762743483848e-114 1 -4.6178434774115404e-84 3.0288927325308425e-30 4.6178434774115404e-84 1 0 0 0 -2.7192867534151037e-81 1.718062621399831e-27 -1.5134180753530776e-112 
2 0.47230440241521598 -0.23420732819948964 0.47280934436971683 -0.27964200331823974 0.96010434327741778 -2.6167932630438473e-30 -0.96010434327741778 -0.27964200331823974 -8.0099901194798347e-31 -1.5008079406794342e-30 2.2884016089504191e-30 1 0.55838871224296305 -0.1626397098072469 0 -9.5972395012760038e-29 6.5621661920785712e-28 30.516129497762169 
1 0.47763400000000006 -0.21590900000000002 0.46277999999999991 1 3.3468562787688163e-115 -4.9882404254846778e-30 3.3468562786279773e-115 1 1.3418985426602418e-85 4.9882404254846778e-30 -1.3418985426602418e-85 1 0 0 0 -7.0505267196109901e-83 5.3763616007146004e-28 -2.1192127101010552e-112 
2 0.47813115076439938 -0.23496119026250498 0.47280934436971672 0.0260849589513148 0.99965972956627003 -9.992462540012856e-30 -0.99965972956627003 0.0260849589513148 3.3006605001238823e-31 5.9060671347317712e-31 9.9804526410845391e-30 1 0.59324081251813665 0.015487773034008617 -8.7963426748084985e-15 -6.7659412203184734e-28 7.6874312222324801e-28 31.137477490174696 
1 0.47763400000000006 -0.21590900000000002 0.46277999999999991 1 3.2804761080985389e-126 2.8420904284215435e-30 -3.2804761080985389e-126 1 7.3637839708818534e-140 -2.8420904284215435e-30 -7.3637839708818543e-140 1 0 0 0 -2.2499371544548433e-136 4.2985982573859577e-28 -1.0743815426371099e-122 
2 0.48388771700133193 -0.23391245920121628 0.47280934436971678 0.32812950741903879 0.94463274681801024 8.9576326583312945e-30 -0.94463274681801024 0.32812950741903879 -2.3080270567353431e-30 -5.1195015301531371e-30 -7.7043413617898246e-30 1 0.54486240496634608 0.18927364061694324 -1.0447470166231799e-14 -3.3451533048315352e-27 4.6009093162652092e-27 30.264531076533171 
1 0.47763400000000006 -0.21590900000000002 0.46277999999999991 1 1.0737746978683149e-126 1.9691376472229754e-29 -1.0737746978683149e-126 1 8.9668840895996058e-140 -1.9691376472229754e-29 -8.9668840895996077e-140 1 0 0 0 3.1978167194529064e-137 -8.7655408657265187e-27 3.6684627756021951e-124 
2 0.48881271818936922 -0.23134497546382052 0.47280934436971683 0.58654257708861324 0.80991839419922318 1.8313134783826303e-29 -0.80991839419922318 0.58654257708861324 2.6559663695110029e-31 -1.0526321668972454e-29 -1.4987928452773906e-29 1 0.43249787313029003 0.31320970702035933 5.4224425487561047e-16 3.8498814006850648e-27 -7.7356917112443725e-27 28.018547973913769 
1 0.47763400000000006 -0.21590900000000002 0.46277999999999991 1 -6.0880908945595354e-180 -7.5744680568807082e-30 6.0880908945595354e-180 1 -3.1259852826399447e-167 7.5744680568807082e-30 3.1259852826399447e-167 1 0 0 0 1.7501286919223088e-164 -7.1550398455539643e-28 3.3252154448706344e-177 
