       1 4.776340e-01 -2.159090e-01 4.627800e-01 1.000000e+00 0.000000e+00 0.000000e+00 0.000000e+00 1.000000e+00 0.000000e+00 0.000000e+00 0.000000e+00 1.000000e+00 0.000000e+00 0.000000e+00 0.000000e+00 0.000000e+00 0.000000e+00 0.000000e+00
       2 4.966927e-01 -2.159090e-01 4.728093e-01 1.000000e+00 -2.121766e-18 5.421011e-20 2.121766e-18 1.000000e+00 -3.851285e-34 -5.421011e-20 3.852435e-34 1.000000e+00 0.000000e+00 0.000000e+00 0.000000e+00 0.000000e+00 0.000000e+00 0.000000e+00
       1 4.776340e-01 -2.159090e-01 4.627800e-01 1.000000e+00 0.000000e+00 0.000000e+00 0.000000e+00 1.000000e+00 0.000000e+00 0.000000e+00 0.000000e+00 1.000000e+00 0.000000e+00 0.000000e+00 0.000000e+00 0.000000e+00 0.000000e+00 0.000000e+00
       2 4.966892e-01 -2.162730e-01 4.728093e-01 9.998176e-01 1.909936e-02 -3.723125e-19 -1.909936e-02 9.998176e-01 1.366036e-19 3.748536e-19 -1.294678e-19 1.000000e+00 -6.954844e-04 -7.280176e-02 -2.270380e-15 -2.671068e-17 -8.555764e-17 -3.819872e+00
       1 4.776340e-01 -2.159090e-01 4.627800e-01 1.000000e+00 0.000000e+00 0.000000e+00 0.000000e+00 1.000000e+00 0.000000e+00 0.000000e+00 0.000000e+00 1.000000e+00 8.326673e-15 0.000000e+00 8.326673e-15 0.000000e+00 0.000000e+00 0.000000e+00
       2 4.966372e-01 -2.173620e-01 4.728093e-01 9.970897e-01 7.623754e-02 -7.333271e-18 -7.623754e-02 9.970897e-01 7.724756e-19 7.370820e-18 -2.111570e-19 1.000000e+00 -7.624531e-03 -1.451464e-01 6.249534e-15 -3.657635e-17 -1.027109e-15 -7.622691e+00
       1 4.776340e-01 -2.159090e-01 4.627800e-01 1.000000e+00 0.000000e+00 0.000000e+00 0.000000e+00 1.000000e+00 0.000000e+00 0.000000e+00 0.000000e+00 1.000000e+00 8.326673e-15 0.000000e+00 8.326673e-15 0.000000e+00 0.000000e+00 0.000000e+00
       2 4.964142e-01 -2.191550e-01 4.728093e-01 9.853899e-01 1.703138e-01 -2.272760e-17 -1.703138e-01 9.853899e-01 5.223610e-18 2.328520e-17 -1.276468e-18 1.000000e+00 -3.084784e-02 -2.144967e-01 4.759909e-15 -3.739387e-16 -2.022042e-15 -1.134909e+01
       1 4.776340e-01 -2.159090e-01 4.627800e-01 1.000000e+00 0.000000e+00 0.000000e+00 0.000000e+00 1.000000e+00 0.000000e+00 0.000000e+00 0.000000e+00 1.000000e+00 8.326673e-15 0.000000e+00 8.326673e-15 0.000000e+00 0.000000e+00 0.000000e+00
       2 4.958276e-01 -2.215857e-01 4.728093e-01 9.546110e-01 2.978553e-01 -3.206888e-23 -2.978553e-01 9.546110e-01 4.516226e-20 1.348243e-20 -4.310284e-20 1.000000e+00 -7.684168e-02 -2.749675e-01 9.892800e-15 9.236254e-16 4.173670e-15 -1.491224e+01
       1 4.776340e-01 -2.159090e-01 4.627800e-01 1.000000e+00 0.000000e+00 0.000000e+00 0.000000e+00 1.000000e+00 0.000000e+00 0.000000e+00 0.000000e+00 1.000000e+00 8.326673e-15 0.000000e+00 8.326673e-15 0.000000e+00 0.000000e+00 0.000000e+00
       2 4.946432e-01 -2.245067e-01 4.728093e-01 8.924644e-01 4.511178e-01 1.143027e-19 -4.511178e-01 8.924644e-01 1.224415e-19 -4.677555e-20 -1.608387e-19 1.000000e+00 -1.483344e-01 -3.166086e-01 1.014398e-14 -5.278466e-16 -8.425493e-16 -1.819128e+01
       1 4.776340e-01 -2.159090e-01 4.627800e-01 1.000000e+00 0.000000e+00 0.000000e+00 0.000000e+00 1.000000e+00 0.000000e+00 0.000000e+00 0.000000e+00 1.000000e+00 8.326673e-15 0.000000e+00 8.326673e-15 0.000000e+00 0.000000e+00 0.000000e+00
       2 4.926392e-01 -2.276597e-01 4.728093e-01 7.873138e-01 6.165525e-01 -2.112093e-19 -6.165525e-01 7.873138e-01 -2.857491e-19 -9.891269e-21 3.551958e-19 1.000000e+00 -2.413830e-01 -3.268965e-01 4.500142e-15 9.753782e-16 -3.896280e-16 -2.104116e+01
       1 4.776340e-01 -2.159090e-01 4.627800e-01 1.000000e+00 0.000000e+00 0.000000e+00 0.000000e+00 1.000000e+00 0.000000e+00 0.000000e+00 0.000000e+00 1.000000e+00 8.326673e-15 0.000000e+00 8.326673e-15 0.000000e+00 0.000000e+00 0.000000e+00
       2 4.896820e-01 -2.306765e-01 4.728093e-01 6.321524e-01 7.748440e-01 -5.342870e-22 -7.748440e-01 6.321524e-01 3.056602e-22 5.745898e-22 2.207653e-22 1.000000e+00 -3.433750e-01 -2.948754e-01 1.001380e-14 -6.412729e-16 -1.572279e-16 -2.331254e+01
       1 4.776340e-01 -2.159090e-01 4.627800e-01 1.000000e+00 0.000000e+00 0.000000e+00 0.000000e+00 1.000000e+00 0.000000e+00 0.000000e+00 0.000000e+00 1.000000e+00 8.326673e-15 0.000000e+00 8.326673e-15 0.000000e+00 0.000000e+00 0.000000e+00
       2 4.858009e-01 -2.331292e-01 4.728093e-01 4.285155e-01 9.035344e-01 -4.564267e-20 -9.035344e-01 4.285155e-01 -5.625403e-19 -4.887160e-19 2.822970e-19 1.000000e+00 -4.342987e-01 -2.170600e-01 9.818617e-15 -2.246726e-16 8.883493e-17 -2.487850e+01
       1 4.776340e-01 -2.159090e-01 4.627800e-01 1.000000e+00 0.000000e+00 0.000000e+00 0.000000e+00 1.000000e+00 0.000000e+00 0.000000e+00 0.000000e+00 1.000000e+00 8.326673e-15 0.000000e+00 8.326673e-15 0.000000e+00 0.000000e+00 0.000000e+00
       2 4.812239e-01 -2.346265e-01 4.728093e-01 1.883592e-01 9.821002e-01 -4.033087e-19 -9.821002e-01 1.883592e-01 -1.210150e-19 -4.288197e-20 4.188839e-19 1.000000e+00 -4.925076e-01 -1.019692e-01 1.090524e-14 6.555409e-17 4.283352e-16 -2.565827e+01
       1 4.776340e-01 -2.159090e-01 4.627800e-01 1.000000e+00 0.000000e+00 0.000000e+00 0.000000e+00 1.000000e+00 0.000000e+00 0.000000e+00 0.000000e+00 1.000000e+00 8.326673e-15 0.000000e+00 8.326673e-15 0.000000e+00 0.000000e+00 0.000000e+00
       2 4.763447e-01 -2.349240e-01 4.728093e-01 -6.765078e-02 9.977091e-01 7.321829e-23 -9.977091e-01 -6.765078e-02 8.261205e-22 8.291812e-22 -1.716285e-23 1.000000e+00 -5.030287e-01 3.024476e-02 9.680463e-15 3.646433e-16 -1.258148e-17 -2.562951e+01
       1 4.776340e-01 -2.159090e-01 4.627800e-01 1.000000e+00 0.000000e+00 0.000000e+00 0.000000e+00 1.000000e+00 0.000000e+00 0.000000e+00 0.000000e+00 1.000000e+00 8.326673e-15 0.000000e+00 8.326673e-15 0.000000e+00 0.000000e+00 0.000000e+00
       2 4.716259e-01 -2.339959e-01 4.728093e-01 -3.152444e-01 9.490105e-01 -5.523861e-22 -9.490105e-01 -3.152444e-01 4.524744e-22 2.552664e-22 6.668602e-22 1.000000e+00 -4.638607e-01 1.540938e-01 5.311938e-15 4.842281e-17 -3.389011e-16 -2.482493e+01
       1 4.776340e-01 -2.159090e-01 4.627800e-01 1.000000e+00 0.000000e+00 0.000000e+00 0.000000e+00 1.000000e+00 0.000000e+00 0.000000e+00 0.000000e+00 1.000000e+00 8.326672e-15 0.000000e+00 8.326672e-15 0.000000e+00 0.000000e+00 0.000000e+00
       2 4.674770e-01 -2.320356e-01 4.728093e-01 -5.329340e-01 8.461568e-01 1.443585e-21 -8.461568e-01 -5.329340e-01 1.245765e-21 1.823448e-21 -5.575883e-22 1.000000e+00 -3.863914e-01 2.476321e-01 5.799910e-15 -2.678324e-16 -1.101869e-16 -2.331946e+01
       1 4.776340e-01 -2.159090e-01 4.627800e-01 1.000000e+00 0.000000e+00 0.000000e+00 0.000000e+00 1.000000e+00 0.000000e+00 0.000000e+00 0.000000e+00 1.000000e+00 8.326669e-15 0.000000e+00 8.326669e-15 0.000000e+00 0.000000e+00 0.000000e+00
       2 4.641606e-01 -2.293886e-01 4.728093e-01 -7.069443e-01 7.072692e-01 -5.343649e-22 -7.072692e-01 -7.069443e-01 -5.777000e-22 -7.863557e-22 -3.046184e-23 1.000000e+00 -2.900173e-01 2.990395e-01 4.480436e-15 -1.465706e-16 1.855530e-16 -2.121265e+01
       1 4.776340e-01 -2.159090e-01 4.627800e-01 1.000000e+00 0.000000e+00 0.000000e+00 0.000000e+00 1.000000e+00 0.000000e+00 0.000000e+00 0.000000e+00 1.000000e+00 8.326644e-15 0.000000e+00 8.326644e-15 0.000000e+00 0.000000e+00 0.000000e+00
       2 4.617580e-01 -2.264534e-01 4.728093e-01 -8.330075e-01 5.532617e-01 3.187980e-19 -5.532617e-01 -8.330075e-01 -1.032854e-19 2.084172e-19 -2.624162e-19 1.000000e+00 -1.945702e-01 3.079259e-01 5.528279e-15 1.071641e-16 1.931656e-16 -1.861303e+01
       1 4.776340e-01 -2.159090e-01 4.627800e-01 1.000000e+00 0.000000e+00 0.000000e+00 0.000000e+00 1.000000e+00 0.000000e+00 0.000000e+00 0.000000e+00 1.000000e+00 8.326424e-15 0.000000e+00 8.326424e-15 0.000000e+00 0.000000e+00 0.000000e+00
       2 4.601936e-01 -2.235944e-01 4.728093e-01 -9.150899e-01 4.032500e-01 -5.351297e-22 -4.032500e-01 -9.150899e-01 -1.231989e-21 -9.864912e-22 -9.115893e-22 1.000000e+00 -1.145264e-01 2.820956e-01 6.589330e-15 8.698396e-17 -8.859951e-17 -1.562601e+01
       1 4.776340e-01 -2.159090e-01 4.627800e-01 1.000000e+00 0.000000e+00 0.000000e+00 0.000000e+00 1.000000e+00 0.000000e+00 0.000000e+00 0.000000e+00 1.000000e+00 8.324536e-15 0.000000e+00 8.324536e-15 0.000000e+00 0.000000e+00 0.000000e+00
       2 4.592933e-01 -2.210909e-01 4.728093e-01 -9.623280e-01 2.718911e-01 1.066716e-22 -2.718911e-01 -9.623280e-01 2.696840e-22 1.759778e-22 2.305214e-22 1.000000e+00 -5.682576e-02 2.325777e-01 3.649463e-15 2.152061e-17 -4.835406e-17 -1.234615e+01
       1 4.776340e-01 -2.159090e-01 4.627800e-01 1.000000e+00 0.000000e+00 0.000000e+00 0.000000e+00 1.000000e+00 0.000000e+00 0.000000e+00 0.000000e+00 1.000000e+00 8.308331e-15 0.000000e+00 8.308331e-15 0.000000e+00 0.000000e+00 0.000000e+00
       2 4.588488e-01 -2.191262e-01 4.728093e-01 -9.856499e-01 1.688026e-01 8.912508e-22 -1.688026e-01 -9.856499e-01 1.145569e-23 8.803950e-22 -1.391542e-22 1.000000e+00 -2.165769e-02 1.695332e-01 1.046086e-14 -2.701318e-17 -1.412064e-17 -8.853087e+00
       1 4.776340e-01 -2.159090e-01 4.627800e-01 1.000000e+00 0.000000e+00 0.000000e+00 0.000000e+00 1.000000e+00 0.000000e+00 0.000000e+00 0.000000e+00 1.000000e+00 8.169258e-15 0.000000e+00 8.169258e-15 0.000000e+00 0.000000e+00 0.000000e+00
       2 4.586697e-01 -2.178036e-01 4.728093e-01 -9.950466e-01 9.940960e-02 6.710489e-22 -9.940960e-02 -9.950466e-01 3.464853e-22 7.021689e-22 2.780603e-22 1.000000e+00 -4.639201e-03 1.001445e-01 8.596944e-15 -6.175253e-18 2.493336e-18 -5.211275e+00
       1 4.776340e-01 -2.159090e-01 4.627800e-01 1.000000e+00 0.000000e+00 0.000000e+00 0.000000e+00 1.000000e+00 0.000000e+00 0.000000e+00 0.000000e+00 1.000000e+00 6.975646e-15 0.000000e+00 6.975646e-15 0.000000e+00 0.000000e+00 0.000000e+00
       2 4.586173e-01 -2.171735e-01 4.728093e-01 -9.977964e-01 6.635029e-02 -2.718200e-20 -6.635029e-02 -9.977964e-01 9.064532e-20 -2.110776e-20 9.224911e-20 1.000000e+00 1.092953e-03 2.838304e-02 3.336936e-15 -1.367015e-17 -3.398265e-18 -1.472746e+00
       1 4.776340e-01 -2.159090e-01 4.627800e-01 1.000000e+00 0.000000e+00 0.000000e+00 0.000000e+00 1.000000e+00 0.000000e+00 0.000000e+00 0.000000e+00 1.000000e+00 5.058056e-15 0.000000e+00 5.058056e-15 0.000000e+00 0.000000e+00 0.000000e+00
       2 4.586230e-01 -2.172569e-01 4.728093e-01 -9.974958e-01 7.072526e-02 8.298173e-21 -7.072526e-02 -9.974958e-01 -1.201180e-20 7.427856e-21 -1.256861e-20 1.000000e+00 3.480168e-03 -4.401052e-02 1.014468e-14 1.980458e-17 6.363994e-18 2.316694e+00
       1 4.776340e-01 -2.159090e-01 4.627800e-01 1.000000e+00 0.000000e+00 0.000000e+00 0.000000e+00 1.000000e+00 0.000000e+00 0.000000e+00 0.000000e+00 1.000000e+00 8.729298e-15 0.000000e+00 8.729298e-15 0.000000e+00 0.000000e+00 0.000000e+00
       2 4.586968e-01 -2.180577e-01 4.728093e-01 -9.936245e-01 1.127398e-01 3.713046e-21 -1.127398e-01 -9.936245e-01 -4.005962e-21 3.237742e-21 -4.399031e-21 1.000000e+00 1.078071e-02 -1.159422e-01 5.040516e-15 -6.103936e-18 -3.174458e-18 6.108470e+00
       1 4.776340e-01 -2.159090e-01 4.627800e-01 1.000000e+00 0.000000e+00 0.000000e+00 0.000000e+00 1.000000e+00 0.000000e+00 0.000000e+00 0.000000e+00 1.000000e+00 1.185794e-14 0.000000e+00 1.185794e-14 0.000000e+00 0.000000e+00 0.000000e+00
       2 4.589281e-01 -2.195592e-01 4.728093e-01 -9.814875e-01 1.915263e-01 -2.268096e-17 -1.915263e-01 -9.814875e-01 -3.919012e-19 -2.233614e-17 3.959355e-18 1.000000e+00 3.100824e-02 -1.851981e-01 7.128408e-15 -1.647746e-16 -3.404425e-15 9.841253e+00
       1 4.776340e-01 -2.159090e-01 4.627800e-01 1.000000e+00 0.000000e+00 0.000000e+00 0.000000e+00 1.000000e+00 0.000000e+00 0.000000e+00 0.000000e+00 1.000000e+00 5.283249e-15 0.000000e+00 5.283249e-15 0.000000e+00 0.000000e+00 0.000000e+00
       2 4.594780e-01 -2.217051e-01 4.728093e-01 -9.526347e-01 3.041171e-01 3.040737e-21 -3.041171e-01 -9.526347e-01 -1.021408e-21 2.586084e-21 -1.897769e-21 1.000000e+00 7.091884e-02 -2.467964e-01 6.145130e-15 -1.324867e-16 4.503268e-15 1.342880e+01
       1 4.776340e-01 -2.159090e-01 4.627800e-01 1.000000e+00 0.000000e+00 0.000000e+00 0.000000e+00 1.000000e+00 0.000000e+00 0.000000e+00 0.000000e+00 1.000000e+00 9.962294e-15 0.000000e+00 9.962294e-15 0.000000e+00 0.000000e+00 0.000000e+00
       2 4.605556e-01 -2.243685e-01 4.728093e-01 -8.960934e-01 4.438656e-01 -9.626805e-20 -4.438656e-01 -8.960934e-01 9.680192e-21 -8.196846e-20 5.140443e-20 1.000000e+00 1.341454e-01 -2.922220e-01 8.733478e-15 5.405404e-16 -9.855447e-16 1.675845e+01
       1 4.776340e-01 -2.159090e-01 4.627800e-01 1.000000e+00 0.000000e+00 0.000000e+00 0.000000e+00 1.000000e+00 0.000000e+00 0.000000e+00 0.000000e+00 1.000000e+00 6.194526e-15 0.000000e+00 6.194526e-15 0.000000e+00 0.000000e+00 0.000000e+00
       2 4.623723e-01 -2.273245e-01 4.728093e-01 -8.007734e-01 5.989674e-01 -5.577755e-20 -5.989674e-01 -8.007734e-01 -1.008119e-19 -1.050482e-19 -4.731859e-20 1.000000e+00 2.186204e-01 -3.102347e-01 7.766916e-15 -9.571458e-16 -3.944265e-17 1.969393e+01
       1 4.776340e-01 -2.159090e-01 4.627800e-01 1.000000e+00 0.000000e+00 0.000000e+00 0.000000e+00 1.000000e+00 0.000000e+00 0.000000e+00 0.000000e+00 1.000000e+00 7.774282e-15 0.000000e+00 7.774282e-15 0.000000e+00 0.000000e+00 0.000000e+00
       2 4.650744e-01 -2.302439e-01 4.728093e-01 -6.589969e-01 7.521457e-01 -3.953564e-22 -7.521457e-01 -6.589969e-01 -1.302648e-21 -1.240320e-21 -5.610753e-22 1.000000e+00 3.144784e-01 -2.901041e-01 4.189970e-15 4.136168e-16 -2.493703e-16 2.209101e+01
       1 4.776340e-01 -2.159090e-01 4.627800e-01 1.000000e+00 0.000000e+00 0.000000e+00 0.000000e+00 1.000000e+00 0.000000e+00 0.000000e+00 0.000000e+00 1.000000e+00 9.900158e-15 0.000000e+00 9.900158e-15 0.000000e+00 0.000000e+00 0.000000e+00
       2 4.686715e-01 -2.327288e-01 4.728093e-01 -4.702595e-01 8.825282e-01 -1.053995e-21 -8.825282e-01 -4.702595e-01 -1.773035e-21 -2.060405e-21 9.639311e-23 1.000000e+00 4.044590e-01 -2.267693e-01 3.978558e-15 2.415967e-16 -5.493427e-17 2.382123e+01
       1 4.776340e-01 -2.159090e-01 4.627800e-01 1.000000e+00 0.000000e+00 0.000000e+00 0.000000e+00 1.000000e+00 0.000000e+00 0.000000e+00 0.000000e+00 1.000000e+00 9.825925e-15 0.000000e+00 9.825925e-15 0.000000e+00 0.000000e+00 0.000000e+00
       2 4.729924e-01 -2.343938e-01 4.728093e-01 -2.435421e-01 9.698903e-01 -4.015407e-22 -9.698903e-01 -2.435421e-01 -1.148026e-21 -1.211252e-21 1.098577e-22 1.000000e+00 4.682863e-01 -1.255053e-01 9.389555e-15 3.288287e-17 3.614395e-16 2.479512e+01
       1 4.776340e-01 -2.159090e-01 4.627800e-01 1.000000e+00 0.000000e+00 0.000000e+00 0.000000e+00 1.000000e+00 0.000000e+00 0.000000e+00 0.000000e+00 1.000000e+00 1.153477e-14 0.000000e+00 1.153477e-14 0.000000e+00 0.000000e+00 0.000000e+00
       2 4.776993e-01 -2.349676e-01 4.728093e-01 3.424014e-03 9.999941e-01 -8.175152e-24 -9.999941e-01 3.424014e-03 1.043567e-21 1.043589e-21 4.601916e-24 1.000000e+00 4.899805e-01 -2.810427e-03 1.003862e-14 -2.543344e-16 6.454496e-17 2.497667e+01
       1 4.776340e-01 -2.159090e-01 4.627800e-01 1.000000e+00 0.000000e+00 0.000000e+00 0.000000e+00 1.000000e+00 0.000000e+00 0.000000e+00 0.000000e+00 1.000000e+00 8.180997e-15 0.000000e+00 8.180997e-15 0.000000e+00 0.000000e+00 0.000000e+00
       2 4.823643e-01 -2.343713e-01 4.728093e-01 2.481975e-01 9.687094e-01 -1.993937e-18 -9.687094e-01 2.481975e-01 -8.357823e-21 4.867940e-19 1.933620e-18 1.000000e+00 4.644170e-01 1.181234e-01 9.547422e-15 -1.901238e-16 -5.110453e-16 2.438396e+01
       1 4.776340e-01 -2.159090e-01 4.627800e-01 1.000000e+00 0.000000e+00 0.000000e+00 0.000000e+00 1.000000e+00 0.000000e+00 0.000000e+00 0.000000e+00 1.000000e+00 6.548393e-15 0.000000e+00 6.548393e-15 0.000000e+00 0.000000e+00 0.000000e+00
       2 4.865807e-01 -2.327373e-01 4.728093e-01 4.694295e-01 8.829700e-01 2.337290e-18 -8.829700e-01 4.694295e-01 9.284354e-19 -2.774123e-19 -2.499592e-18 1.000000e+00 3.992055e-01 2.153003e-01 8.957120e-15 5.849359e-17 6.020912e-16 2.307880e+01
       1 4.776340e-01 -2.159090e-01 4.627800e-01 1.000000e+00 0.000000e+00 0.000000e+00 0.000000e+00 1.000000e+00 0.000000e+00 0.000000e+00 0.000000e+00 1.000000e+00 1.002540e-14 0.000000e+00 1.002540e-14 0.000000e+00 0.000000e+00 0.000000e+00
       2 4.900593e-01 -2.303605e-01 4.728093e-01 6.519487e-01 7.582631e-01 -9.005314e-24 -7.582631e-01 6.519487e-01 -4.942196e-22 -3.688775e-22 3.290342e-22 1.000000e+00 3.109668e-01 2.748084e-01 9.380359e-15 4.176513e-16 -4.345474e-16 2.115127e+01
       1 4.776340e-01 -2.159090e-01 4.627800e-01 1.000000e+00 0.000000e+00 0.000000e+00 0.000000e+00 1.000000e+00 0.000000e+00 0.000000e+00 0.000000e+00 1.000000e+00 4.698448e-15 0.000000e+00 4.698448e-15 0.000000e+00 0.000000e+00 0.000000e+00
       2 4.926761e-01 -2.276124e-01 4.728093e-01 7.892516e-01 6.140700e-01 -2.284139e-22 -6.140700e-01 7.892516e-01 2.416483e-22 3.286650e-22 -5.045916e-23 1.000000e+00 2.185932e-01 2.933822e-01 9.896875e-15 -2.178888e-16 1.898300e-16 1.870414e+01
       1 4.776340e-01 -2.159090e-01 4.627800e-01 1.000000e+00 0.000000e+00 0.000000e+00 0.000000e+00 1.000000e+00 0.000000e+00 0.000000e+00 0.000000e+00 1.000000e+00 4.447878e-15 0.000000e+00 4.447878e-15 0.000000e+00 0.000000e+00 0.000000e+00
       2 4.944634e-01 -2.248536e-01 4.728093e-01 8.830288e-01 4.693188e-01 1.736571e-21 -4.693188e-01 8.830288e-01 1.853182e-21 -6.637091e-22 -2.451419e-21 1.000000e+00 1.372500e-01 2.764086e-01 7.766838e-15 1.778615e-17 3.372490e-17 1.584060e+01
       1 4.776340e-01 -2.159090e-01 4.627800e-01 1.000000e+00 0.000000e+00 0.000000e+00 0.000000e+00 1.000000e+00 0.000000e+00 0.000000e+00 0.000000e+00 1.000000e+00 9.115226e-15 0.000000e+00 9.115226e-15 0.000000e+00 0.000000e+00 0.000000e+00
       2 4.955617e-01 -2.223767e-01 4.728093e-01 9.406577e-01 3.393568e-01 3.729320e-21 -3.393568e-01 9.406577e-01 -1.680620e-21 -4.078344e-21 3.153180e-22 1.000000e+00 7.538629e-02 2.335975e-01 1.001567e-14 -3.991867e-17 -4.955057e-17 1.265584e+01
       1 4.776340e-01 -2.159090e-01 4.627800e-01 1.000000e+00 0.000000e+00 0.000000e+00 0.000000e+00 1.000000e+00 0.000000e+00 0.000000e+00 0.000000e+00 1.000000e+00 1.189447e-14 0.000000e+00 1.189447e-14 0.000000e+00 0.000000e+00 0.000000e+00
       2 4.961596e-01 -2.203853e-01 4.728093e-01 9.720266e-01 2.348707e-01 -3.006762e-21 -2.348707e-01 9.720266e-01 5.378134e-22 3.048970e-21 1.834313e-22 1.000000e+00 3.476090e-02 1.748600e-01 8.962595e-15 7.174552e-18 -7.905010e-18 9.232547e+00
       1 4.776340e-01 -2.159090e-01 4.627800e-01 1.000000e+00 0.000000e+00 0.000000e+00 0.000000e+00 1.000000e+00 0.000000e+00 0.000000e+00 0.000000e+00 1.000000e+00 7.505148e-15 0.000000e+00 7.505148e-15 0.000000e+00 0.000000e+00 0.000000e+00
       2 4.964399e-01 -2.190027e-01 4.728093e-01 9.867377e-01 1.623226e-01 1.262334e-21 -1.623226e-01 9.867377e-01 -7.000459e-22 -1.359226e-21 4.858565e-22 1.000000e+00 1.216370e-02 1.078324e-01 3.439723e-15 6.345660e-18 -9.277911e-19 5.639912e+00
       1 4.776340e-01 -2.159090e-01 4.627800e-01 1.000000e+00 0.000000e+00 0.000000e+00 0.000000e+00 1.000000e+00 0.000000e+00 0.000000e+00 0.000000e+00 1.000000e+00 1.126680e-14 0.000000e+00 1.126680e-14 0.000000e+00 0.000000e+00 0.000000e+00
       2 4.965429e-01 -2.182936e-01 4.728093e-01 9.921421e-01 1.251162e-01 -1.309954e-20 -1.251162e-01 9.921421e-01 -5.148877e-20 6.554522e-21 5.272314e-20 1.000000e+00 1.431728e-03 3.723192e-02 4.521635e-15 7.840918e-18 -1.909832e-18 1.935912e+00
       1 4.776340e-01 -2.159090e-01 4.627800e-01 1.000000e+00 0.000000e+00 0.000000e+00 0.000000e+00 1.000000e+00 0.000000e+00 0.000000e+00 0.000000e+00 1.000000e+00 1.108671e-14 0.000000e+00 1.108671e-14 0.000000e+00 0.000000e+00 0.000000e+00
       2 4.965438e-01 -2.182869e-01 4.728093e-01 9.921862e-01 1.247663e-01 -1.083069e-21 -1.247663e-01 9.921862e-01 1.331666e-20 2.736076e-21 -1.307748e-20 1.000000e+00 -5.024692e-03 -3.445457e-02 1.052496e-14 -1.228294e-17 2.243933e-18 -1.827255e+00
       1 4.776340e-01 -2.159090e-01 4.627800e-01 1.000000e+00 0.000000e+00 0.000000e+00 0.000000e+00 1.000000e+00 0.000000e+00 0.000000e+00 0.000000e+00 1.000000e+00 1.180089e-14 0.000000e+00 1.180089e-14 0.000000e+00 0.000000e+00 0.000000e+00
       2 4.964423e-01 -2.189883e-01 4.728093e-01 9.868611e-01 1.615711e-01 -1.003364e-20 -1.615711e-01 9.868611e-01 -4.499106e-20 2.632557e-21 4.602108e-20 1.000000e+00 -1.526522e-02 -1.055512e-01 5.694953e-15 1.192482e-17 -2.046457e-18 -5.595028e+00
       1 4.776340e-01 -2.159090e-01 4.627800e-01 1.000000e+00 0.000000e+00 0.000000e+00 0.000000e+00 1.000000e+00 0.000000e+00 0.000000e+00 0.000000e+00 1.000000e+00 8.287227e-15 0.000000e+00 8.287227e-15 0.000000e+00 0.000000e+00 0.000000e+00
       2 4.961611e-01 -2.203790e-01 4.728093e-01 9.721074e-01 2.345363e-01 -1.136362e-17 -2.345363e-01 9.721074e-01 1.763066e-19 1.108801e-17 2.493793e-18 1.000000e+00 -3.710332e-02 -1.735208e-01 6.001694e-15 6.959020e-17 -1.703050e-15 -9.301515e+00
       1 4.776340e-01 -2.159090e-01 4.627800e-01 1.000000e+00 0.000000e+00 0.000000e+00 0.000000e+00 1.000000e+00 0.000000e+00 0.000000e+00 0.000000e+00 1.000000e+00 8.728850e-15 0.000000e+00 8.728850e-15 0.000000e+00 0.000000e+00 0.000000e+00
       2 4.955538e-01 -2.223985e-01 4.728093e-01 9.402447e-01 3.404996e-01 -7.220907e-21 -3.404996e-01 9.402447e-01 -7.599552e-21 4.201775e-21 9.604154e-21 1.000000e+00 -7.703007e-02 -2.333971e-01 8.760087e-15 6.394616e-17 2.255085e-15 -1.285818e+01
       1 4.776340e-01 -2.159090e-01 4.627800e-01 1.000000e+00 0.000000e+00 0.000000e+00 0.000000e+00 1.000000e+00 0.000000e+00 0.000000e+00 0.000000e+00 1.000000e+00 1.134686e-14 0.000000e+00 1.134686e-14 0.000000e+00 0.000000e+00 0.000000e+00
       2 4.944285e-01 -2.249189e-01 4.728093e-01 8.811987e-01 4.727460e-01 -2.750035e-20 -4.727460e-01 8.811987e-01 2.783774e-20 3.739346e-20 -1.152990e-20 1.000000e+00 -1.384373e-01 -2.770904e-01 7.337198e-15 -2.663415e-16 -4.941699e-16 -1.615312e+01
       1 4.776340e-01 -2.159090e-01 4.627800e-01 1.000000e+00 0.000000e+00 0.000000e+00 0.000000e+00 1.000000e+00 0.000000e+00 0.000000e+00 0.000000e+00 1.000000e+00 9.519023e-15 0.000000e+00 9.519023e-15 0.000000e+00 0.000000e+00 0.000000e+00
       2 4.925916e-01 -2.277202e-01 4.728093e-01 7.848167e-01 6.197280e-01 -9.303481e-20 -6.197280e-01 7.848167e-01 1.092831e-19 1.407410e-19 -2.811089e-20 1.000000e+00 -2.192701e-01 -2.941710e-01 9.670089e-15 4.600776e-16 -3.380203e-17 -1.905377e+01
       1 4.776340e-01 -2.159090e-01 4.627800e-01 1.000000e+00 0.000000e+00 0.000000e+00 0.000000e+00 1.000000e+00 0.000000e+00 0.000000e+00 0.000000e+00 1.000000e+00 7.986386e-15 0.000000e+00 7.986386e-15 0.000000e+00 0.000000e+00 0.000000e+00
       2 4.899113e-01 -2.304865e-01 4.728093e-01 6.441814e-01 7.648728e-01 1.251903e-21 -7.648728e-01 6.441814e-01 -1.411703e-21 -1.886226e-21 -4.815370e-23 1.000000e+00 -3.102038e-01 -2.748754e-01 4.047029e-15 -1.881484e-16 -1.013089e-16 -2.142146e+01
       1 4.776340e-01 -2.159090e-01 4.627800e-01 1.000000e+00 0.000000e+00 0.000000e+00 0.000000e+00 1.000000e+00 0.000000e+00 0.000000e+00 0.000000e+00 1.000000e+00 1.156613e-14 0.000000e+00 1.156613e-14 0.000000e+00 0.000000e+00 0.000000e+00
       2 4.863835e-01 -2.328406e-01 4.728093e-01 4.590828e-01 8.883935e-01 5.142244e-22 -8.883935e-01 4.590828e-01 -1.767317e-21 -1.806144e-21 3.545109e-22 1.000000e+00 -3.951440e-01 -2.148082e-01 4.104334e-15 -1.152635e-16 -2.896341e-17 -2.313332e+01
       1 4.776340e-01 -2.159090e-01 4.627800e-01 1.000000e+00 0.000000e+00 0.000000e+00 0.000000e+00 1.000000e+00 0.000000e+00 0.000000e+00 0.000000e+00 1.000000e+00 7.560886e-15 0.000000e+00 7.560886e-15 0.000000e+00 0.000000e+00 0.000000e+00
       2 4.821722e-01 -2.344195e-01 4.728093e-01 2.381162e-01 9.712367e-01 1.301601e-21 -9.712367e-01 2.381162e-01 -4.151744e-21 -4.342258e-21 -2.755646e-22 1.000000e+00 -4.553130e-01 -1.191252e-01 9.687570e-15 -1.266688e-17 1.621693e-16 -2.410358e+01
       1 4.776340e-01 -2.159090e-01 4.627800e-01 1.000000e+00 0.000000e+00 0.000000e+00 0.000000e+00 1.000000e+00 0.000000e+00 0.000000e+00 0.000000e+00 1.000000e+00 1.007100e-14 0.000000e+00 1.007100e-14 0.000000e+00 0.000000e+00 0.000000e+00
       2 4.775956e-01 -2.349676e-01 4.728093e-01 -2.017375e-03 9.999980e-01 -1.094867e-23 -9.999980e-01 -2.017375e-03 1.903487e-22 1.903262e-22 1.133265e-23 1.000000e+00 -4.759282e-01 -3.278802e-03 4.682152e-15 1.087086e-16 3.076009e-17 -2.429704e+01
       1 4.776340e-01 -2.159090e-01 4.627800e-01 1.000000e+00 0.000000e+00 0.000000e+00 0.000000e+00 1.000000e+00 0.000000e+00 0.000000e+00 0.000000e+00 1.000000e+00 1.012569e-14 0.000000e+00 1.012569e-14 0.000000e+00 0.000000e+00 0.000000e+00
       2 4.730555e-01 -2.344096e-01 4.728093e-01 -2.402303e-01 9.707159e-01 4.616502e-22 -9.707159e-01 -2.402303e-01 5.705076e-22 6.647032e-22 -3.110780e-22 1.000000e+00 -4.521723e-01 1.111192e-01 9.175053e-15 6.474544e-17 -9.002782e-17 -2.372977e+01
       1 4.776340e-01 -2.159090e-01 4.627800e-01 1.000000e+00 0.000000e+00 0.000000e+00 0.000000e+00 1.000000e+00 0.000000e+00 0.000000e+00 0.000000e+00 1.000000e+00 6.460473e-15 0.000000e+00 6.460473e-15 0.000000e+00 0.000000e+00 0.000000e+00
       2 4.689359e-01 -2.328671e-01 4.728093e-01 -4.563868e-01 8.897815e-01 -1.045743e-22 -8.897815e-01 -4.563868e-01 -7.696302e-22 -7.325290e-22 -2.582008e-22 1.000000e+00 -3.909476e-01 2.034717e-01 3.432542e-15 -6.451408e-17 -6.791656e-17 -2.245981e+01
       1 4.776340e-01 -2.159090e-01 4.627800e-01 1.000000e+00 0.000000e+00 0.000000e+00 0.000000e+00 1.000000e+00 0.000000e+00 0.000000e+00 0.000000e+00 1.000000e+00 1.071886e-14 0.000000e+00 1.071886e-14 0.000000e+00 0.000000e+00 0.000000e+00
       2 4.655123e-01 -2.306161e-01 4.728093e-01 -6.360203e-01 7.716723e-01 -1.232281e-21 -7.716723e-01 -6.360203e-01 -1.782474e-21 -2.159241e-21 -1.827722e-22 1.000000e+00 -3.075541e-01 2.605258e-01 5.038877e-15 -6.526762e-17 3.159921e-17 -2.057268e+01
       1 4.776340e-01 -2.159090e-01 4.627800e-01 1.000000e+00 0.000000e+00 0.000000e+00 0.000000e+00 1.000000e+00 0.000000e+00 0.000000e+00 0.000000e+00 1.000000e+00 9.806475e-15 0.000000e+00 9.806475e-15 0.000000e+00 0.000000e+00 0.000000e+00
       2 4.629073e-01 -2.280069e-01 4.728093e-01 -7.727014e-01 6.347696e-01 -1.988975e-21 -6.347696e-01 -7.727014e-01 -1.124257e-22 -1.608248e-21 1.175670e-21 1.000000e+00 -2.195654e-01 2.788275e-01 5.681156e-15 7.117323e-18 5.299870e-17 -1.816687e+01
       1 4.776340e-01 -2.159090e-01 4.627800e-01 1.000000e+00 0.000000e+00 0.000000e+00 0.000000e+00 1.000000e+00 0.000000e+00 0.000000e+00 0.000000e+00 1.000000e+00 7.145992e-15 0.000000e+00 7.145992e-15 0.000000e+00 0.000000e+00 0.000000e+00
       2 4.610972e-01 -2.253836e-01 4.728093e-01 -8.676773e-01 4.971279e-01 -3.007902e-21 -4.971279e-01 -8.676773e-01 -1.350095e-21 -3.281058e-21 3.238651e-22 1.000000e+00 -1.412691e-01 2.630313e-01 1.053749e-14 3.347502e-17 7.304769e-18 -1.534211e+01
       1 4.776340e-01 -2.159090e-01 4.627800e-01 1.000000e+00 0.000000e+00 0.000000e+00 0.000000e+00 1.000000e+00 0.000000e+00 0.000000e+00 0.000000e+00 1.000000e+00 6.280239e-15 0.000000e+00 6.280239e-15 0.000000e+00 0.000000e+00 0.000000e+00
       2 4.599553e-01 -2.230292e-01 4.728093e-01 -9.275926e-01 3.735934e-01 -1.701228e-21 -3.735934e-01 -9.275926e-01 -2.112059e-21 -2.367098e-21 -1.323563e-21 1.000000e+00 -8.078035e-02 2.219974e-01 2.729871e-15 1.117668e-17 -1.457791e-17 -1.219141e+01
       1 4.776340e-01 -2.159090e-01 4.627800e-01 1.000000e+00 0.000000e+00 0.000000e+00 0.000000e+00 1.000000e+00 0.000000e+00 0.000000e+00 0.000000e+00 1.000000e+00 1.103182e-14 0.000000e+00 1.103182e-14 0.000000e+00 0.000000e+00 0.000000e+00
       2 4.593085e-01 -2.211445e-01 4.728093e-01 -9.615290e-01 2.747033e-01 1.059228e-22 -2.747033e-01 -9.615290e-01 -3.430817e-22 7.602134e-24 -3.589803e-22 1.000000e+00 -3.992230e-02 1.649869e-01 6.152158e-15 -3.853439e-18 -7.012296e-18 -8.796856e+00
       1 4.776340e-01 -2.159090e-01 4.627800e-01 1.000000e+00 0.000000e+00 0.000000e+00 0.000000e+00 1.000000e+00 0.000000e+00 0.000000e+00 0.000000e+00 1.000000e+00 1.140903e-14 0.000000e+00 1.140903e-14 0.000000e+00 0.000000e+00 0.000000e+00
       2 4.589881e-01 -2.198541e-01 4.728093e-01 -9.783416e-01 2.069971e-01 -1.326868e-21 -2.069971e-01 -9.783416e-01 -1.269640e-22 -1.324411e-21 1.504436e-22 1.000000e+00 -1.572448e-02 9.932308e-02 2.815157e-15 -2.307168e-18 -5.409598e-19 -5.228819e+00
       1 4.776340e-01 -2.159090e-01 4.627800e-01 1.000000e+00 0.000000e+00 0.000000e+00 0.000000e+00 1.000000e+00 0.000000e+00 0.000000e+00 0.000000e+00 1.000000e+00 4.877916e-15 0.000000e+00 4.877916e-15 0.000000e+00 0.000000e+00 0.000000e+00
       2 4.588661e-01 -2.192256e-01 4.728093e-01 -9.847416e-01 1.740227e-01 7.578172e-22 -1.740227e-01 -9.847416e-01 -4.954171e-20 -7.875130e-21 -4.891766e-20 1.000000e+00 -2.275750e-03 2.974747e-02 1.047566e-14 7.241394e-18 6.814446e-19 -1.548366e+00
       1 4.776340e-01 -2.159090e-01 4.627800e-01 1.000000e+00 0.000000e+00 0.000000e+00 0.000000e+00 1.000000e+00 0.000000e+00 0.000000e+00 0.000000e+00 1.000000e+00 4.475083e-15 0.000000e+00 4.475083e-15 0.000000e+00 0.000000e+00 0.000000e+00
       2 4.588774e-01 -2.192891e-01 4.728093e-01 -9.841471e-01 1.773541e-01 1.339234e-20 -1.773541e-01 -9.841471e-01 9.452873e-21 1.485654e-20 6.927832e-21 1.000000e+00 7.799117e-03 -4.094597e-02 5.137099e-15 -1.129625e-17 1.756698e-18 2.187320e+00
       1 4.776340e-01 -2.159090e-01 4.627800e-01 1.000000e+00 0.000000e+00 0.000000e+00 0.000000e+00 1.000000e+00 0.000000e+00 0.000000e+00 0.000000e+00 1.000000e+00 1.023021e-14 0.000000e+00 1.023021e-14 0.000000e+00 0.000000e+00 0.000000e+00
       2 4.590300e-01 -2.200474e-01 4.728093e-01 -9.761407e-01 2.171389e-01 -7.945394e-21 -2.171389e-01 -9.761407e-01 -1.348545e-20 -1.068404e-20 -1.143844e-20 1.000000e+00 2.232198e-02 -1.105624e-01 9.057264e-15 6.293345e-18 -3.578031e-18 5.917150e+00
       1 4.776340e-01 -2.159090e-01 4.627800e-01 1.000000e+00 0.000000e+00 0.000000e+00 0.000000e+00 1.000000e+00 0.000000e+00 0.000000e+00 0.000000e+00 1.000000e+00 4.297025e-15 0.000000e+00 4.297025e-15 0.000000e+00 0.000000e+00 0.000000e+00
       2 4.594056e-01 -2.214730e-01 4.728093e-01 -9.564367e-01 2.919398e-01 8.158037e-21 -2.919398e-01 -9.564367e-01 -2.643323e-18 -7.638886e-19 -2.530552e-18 1.000000e+00 4.870034e-02 -1.759290e-01 5.963664e-15 3.933104e-16 -2.291498e-17 9.567745e+00
       1 4.776340e-01 -2.159090e-01 4.627800e-01 1.000000e+00 0.000000e+00 0.000000e+00 0.000000e+00 1.000000e+00 0.000000e+00 0.000000e+00 0.000000e+00 1.000000e+00 1.058720e-14 0.000000e+00 1.058720e-14 0.000000e+00 0.000000e+00 0.000000e+00
       2 4.601487e-01 -2.234917e-01 4.728093e-01 -9.174451e-01 3.978624e-01 4.126815e-21 -3.978624e-01 -9.174451e-01 -2.044758e-20 -4.349195e-21 -2.040143e-20 1.000000e+00 9.269262e-02 -2.315313e-01 8.524078e-15 -5.207978e-16 -6.685340e-18 1.304456e+01
       1 4.776340e-01 -2.159090e-01 4.627800e-01 1.000000e+00 0.000000e+00 0.000000e+00 0.000000e+00 1.000000e+00 0.000000e+00 0.000000e+00 0.000000e+00 1.000000e+00 6.262652e-15 0.000000e+00 6.262652e-15 0.000000e+00 0.000000e+00 0.000000e+00
       2 4.614402e-01 -2.259587e-01 4.728093e-01 -8.496785e-01 5.273012e-01 -5.054979e-20 -5.273012e-01 -8.496785e-01 5.339371e-20 -1.479651e-20 7.202245e-20 1.000000e+00 1.565748e-01 -2.691029e-01 5.236002e-15 1.016435e-16 5.179334e-17 1.623188e+01
       1 4.776340e-01 -2.159090e-01 4.627800e-01 1.000000e+00 0.000000e+00 0.000000e+00 0.000000e+00 1.000000e+00 0.000000e+00 0.000000e+00 0.000000e+00 1.000000e+00 1.144381e-14 0.000000e+00 1.144381e-14 0.000000e+00 0.000000e+00 0.000000e+00
       2 4.634507e-01 -2.286396e-01 4.728093e-01 -7.441908e-01 6.679671e-01 -5.902151e-22 -6.679671e-01 -7.441908e-01 -6.966477e-22 -9.045704e-22 -1.241945e-22 1.000000e+00 2.369915e-01 -2.787893e-01 7.798586e-15 1.475231e-17 -9.804903e-17 1.899802e+01
       1 4.776340e-01 -2.159090e-01 4.627800e-01 1.000000e+00 0.000000e+00 0.000000e+00 0.000000e+00 1.000000e+00 0.000000e+00 0.000000e+00 0.000000e+00 1.000000e+00 6.290362e-15 0.000000e+00 6.290362e-15 0.000000e+00 0.000000e+00 0.000000e+00
       2 4.662787e-01 -2.312155e-01 4.728093e-01 -5.958080e-01 8.031269e-01 -5.695211e-22 -8.031269e-01 -5.958080e-01 1.346761e-22 -2.311632e-22 5.376389e-22 1.000000e+00 3.236744e-01 -2.523500e-01 3.544597e-15 2.758727e-17 4.285511e-17 2.121072e+01
       1 4.776340e-01 -2.159090e-01 4.627800e-01 1.000000e+00 0.000000e+00 0.000000e+00 0.000000e+00 1.000000e+00 0.000000e+00 0.000000e+00 0.000000e+00 1.000000e+00 7.621899e-15 0.000000e+00 7.621899e-15 0.000000e+00 0.000000e+00 0.000000e+00
       2 4.698924e-01 -2.333245e-01 4.728093e-01 -4.061989e-01 9.137847e-01 -3.677434e-21 -9.137847e-01 -4.061989e-01 -2.732367e-21 -3.990565e-21 2.250498e-21 1.000000e+00 4.006560e-01 -1.875504e-01 7.286685e-15 4.963612e-18 2.735488e-17 2.275784e+01
       1 4.776340e-01 -2.159090e-01 4.627800e-01 1.000000e+00 0.000000e+00 0.000000e+00 0.000000e+00 1.000000e+00 0.000000e+00 0.000000e+00 0.000000e+00 1.000000e+00 9.160278e-15 0.000000e+00 9.160278e-15 0.000000e+00 0.000000e+00 0.000000e+00
       2 4.741017e-01 -2.346375e-01 4.728093e-01 -1.853359e-01 9.826752e-01 -3.612387e-22 -9.826752e-01 -1.853359e-01 -2.299631e-21 -2.326741e-21 -7.122389e-23 1.000000e+00 4.507188e-01 -9.149490e-02 7.632172e-15 -3.756528e-17 3.875129e-18 2.356624e+01
       1 4.776340e-01 -2.159090e-01 4.627800e-01 1.000000e+00 0.000000e+00 0.000000e+00 0.000000e+00 1.000000e+00 0.000000e+00 0.000000e+00 0.000000e+00 1.000000e+00 1.147164e-14 0.000000e+00 1.147164e-14 0.000000e+00 0.000000e+00 0.000000e+00
       2 4.785828e-01 -2.349441e-01 4.728093e-01 4.978147e-02 9.987601e-01 -3.795997e-22 -9.987601e-01 4.978147e-02 3.420127e-21 3.434784e-21 2.088701e-22 1.000000e+00 4.616864e-01 1.966459e-02 4.114071e-15 -8.240669e-18 -2.541047e-17 2.361184e+01
       1 4.776340e-01 -2.159090e-01 4.627800e-01 1.000000e+00 0.000000e+00 0.000000e+00 0.000000e+00 1.000000e+00 0.000000e+00 0.000000e+00 0.000000e+00 1.000000e+00 4.347785e-15 0.000000e+00 4.347785e-15 0.000000e+00 0.000000e+00 0.000000e+00
       2 4.829518e-01 -2.342108e-01 4.728093e-01 2.790202e-01 9.602852e-01 -4.254395e-22 -9.602852e-01 2.790202e-01 1.626429e-21 1.680542e-21 -4.526326e-23 1.000000e+00 4.312969e-01 1.253200e-01 2.747222e-15 2.028682e-17 -1.477291e-17 2.291827e+01
       1 4.776340e-01 -2.159090e-01 4.627800e-01 1.000000e+00 0.000000e+00 0.000000e+00 0.000000e+00 1.000000e+00 0.000000e+00 0.000000e+00 0.000000e+00 1.000000e+00 8.873777e-15 0.000000e+00 8.873777e-15 0.000000e+00 0.000000e+00 0.000000e+00
       2 4.868604e-01 -2.325855e-01 4.728093e-01 4.841047e-01 8.750101e-01 9.042828e-22 -8.750101e-01 4.841047e-01 2.261676e-22 -2.398686e-22 -9.007454e-22 1.000000e+00 3.678467e-01 2.071208e-01 7.523394e-15 1.556645e-17 1.358519e-17 2.154689e+01
       1 4.776340e-01 -2.159090e-01 4.627800e-01 1.000000e+00 0.000000e+00 0.000000e+00 0.000000e+00 1.000000e+00 0.000000e+00 0.000000e+00 0.000000e+00 1.000000e+00 9.462410e-15 0.000000e+00 9.462410e-15 0.000000e+00 0.000000e+00 0.000000e+00
       2 4.900728e-01 -2.303488e-01 4.728093e-01 6.526596e-01 7.576513e-01 7.147405e-22 -7.576513e-01 6.526596e-01 1.860444e-22 -3.255254e-22 -6.629477e-22 1.000000e+00 2.864333e-01 2.542441e-01 5.593594e-15 -5.999382e-18 1.415922e-17 1.958296e+01
       1 4.776340e-01 -2.159090e-01 4.627800e-01 1.000000e+00 0.000000e+00 0.000000e+00 0.000000e+00 1.000000e+00 0.000000e+00 0.000000e+00 0.000000e+00 1.000000e+00 1.182142e-14 0.000000e+00 1.182142e-14 0.000000e+00 0.000000e+00 0.000000e+00
       2 4.924984e-01 -2.278373e-01 4.728093e-01 7.799274e-01 6.258700e-01 2.913724e-21 -6.258700e-01 7.799274e-01 -3.171856e-21 -4.257663e-21 6.502051e-22 1.000000e+00 2.032120e-01 2.649016e-01 5.745264e-15 -1.031313e-17 -4.511792e-19 1.712232e+01
       1 4.776340e-01 -2.159090e-01 4.627800e-01 1.000000e+00 0.000000e+00 0.000000e+00 0.000000e+00 1.000000e+00 0.000000e+00 0.000000e+00 0.000000e+00 1.000000e+00 8.656668e-15 0.000000e+00 8.656668e-15 0.000000e+00 0.000000e+00 0.000000e+00
       2 4.941777e-01 -2.253715e-01 4.728093e-01 8.680414e-01 4.964919e-01 -3.035606e-21 -4.964919e-01 8.680414e-01 5.089829e-21 5.162090e-21 -2.911028e-21 1.000000e+00 1.306226e-01 2.442877e-01 5.571156e-15 -3.414519e-18 -7.208579e-18 1.426096e+01
       1 4.776340e-01 -2.159090e-01 4.627800e-01 1.000000e+00 0.000000e+00 0.000000e+00 0.000000e+00 1.000000e+00 0.000000e+00 0.000000e+00 0.000000e+00 1.000000e+00 1.178704e-14 0.000000e+00 1.178704e-14 0.000000e+00 0.000000e+00 0.000000e+00
       2 4.952387e-01 -2.232103e-01 4.728093e-01 9.237094e-01 3.830938e-01 7.405383e-22 -3.830938e-01 9.237094e-01 -1.895937e-21 -1.410364e-21 1.467599e-21 1.000000e+00 7.517720e-02 2.008938e-01 4.881308e-15 3.850668e-18 -1.375047e-18 1.108821e+01
       1 4.776340e-01 -2.159090e-01 4.627800e-01 1.000000e+00 0.000000e+00 0.000000e+00 0.000000e+00 1.000000e+00 0.000000e+00 0.000000e+00 0.000000e+00 1.000000e+00 4.352867e-15 0.000000e+00 4.352867e-15 0.000000e+00 0.000000e+00 0.000000e+00
       2 4.958433e-01 -2.215352e-01 4.728093e-01 9.554336e-01 2.952062e-01 2.026056e-21 -2.952062e-01 9.554336e-01 -1.176870e-21 -2.283182e-21 5.263170e-22 1.000000e+00 3.764506e-02 1.431926e-01 6.840481e-15 9.090186e-19 3.022972e-19 7.683523e+00
       1 4.776340e-01 -2.159090e-01 4.627800e-01 1.000000e+00 0.000000e+00 0.000000e+00 0.000000e+00 1.000000e+00 0.000000e+00 0.000000e+00 0.000000e+00 1.000000e+00 1.049139e-14 0.000000e+00 1.049139e-14 0.000000e+00 0.000000e+00 0.000000e+00
       2 4.961417e-01 -2.204585e-01 4.728093e-01 9.710909e-01 2.387100e-01 -4.897472e-22 -2.387100e-01 9.710909e-01 2.042287e-22 5.243405e-22 -8.141708e-23 1.000000e+00 1.453017e-02 7.776022e-02 2.454247e-15 -1.270132e-19 -5.619811e-20 4.116486e+00
       1 4.776340e-01 -2.159090e-01 4.627800e-01 1.000000e+00 0.000000e+00 0.000000e+00 0.000000e+00 1.000000e+00 0.000000e+00 0.000000e+00 0.000000e+00 1.000000e+00 5.775401e-15 0.000000e+00 5.775401e-15 0.000000e+00 0.000000e+00 0.000000e+00
       2 4.962396e-01 -2.200400e-01 4.728093e-01 9.762264e-01 2.167533e-01 5.230928e-21 -2.167533e-01 9.762264e-01 -1.038326e-20 -7.357177e-21 9.002596e-21 1.000000e+00 -2.387694e-04 8.932719e-03 1.104048e-14 1.649715e-18 9.861536e-19 4.499764e-01
       1 4.776340e-01 -2.159090e-01 4.627800e-01 1.000000e+00 0.000000e+00 0.000000e+00 0.000000e+00 1.000000e+00 0.000000e+00 0.000000e+00 0.000000e+00 1.000000e+00 7.066770e-15 0.000000e+00 7.066770e-15 0.000000e+00 0.000000e+00 0.000000e+00
       2 4.961792e-01 -2.203034e-01 4.728093e-01 9.730555e-01 2.305712e-01 1.136321e-20 -2.305712e-01 9.730555e-01 9.162947e-21 -8.944323e-21 -1.153609e-20 1.000000e+00 -1.395932e-02 -6.042592e-02 7.864164e-15 -3.485220e-18 6.016726e-19 -3.254039e+00
       1 4.776340e-01 -2.159090e-01 4.627800e-01 1.000000e+00 0.000000e+00 0.000000e+00 0.000000e+00 1.000000e+00 0.000000e+00 0.000000e+00 0.000000e+00 1.000000e+00 1.047111e-14 0.000000e+00 1.047111e-14 0.000000e+00 0.000000e+00 0.000000e+00
       2 4.959314e-01 -2.212416e-01 4.728093e-01 9.600579e-01 2.798013e-01 -4.473743e-21 -2.798013e-01 9.600579e-01 -1.200302e-20 9.365905e-22 1.277536e-20 1.000000e+00 -3.413552e-02 -1.275717e-01 8.649212e-15 4.229939e-18 -2.707597e-18 -6.926848e+00
       1 4.776340e-01 -2.159090e-01 4.627800e-01 1.000000e+00 0.000000e+00 0.000000e+00 0.000000e+00 1.000000e+00 0.000000e+00 0.000000e+00 0.000000e+00 1.000000e+00 1.085599e-14 0.000000e+00 1.085599e-14 0.000000e+00 0.000000e+00 0.000000e+00
       2 4.953992e-01 -2.228106e-01 4.728093e-01 9.321300e-01 3.621239e-01 2.279377e-17 -3.621239e-01 9.321300e-01 -5.655066e-18 -2.329459e-17 -2.982912e-18 1.000000e+00 -6.745441e-02 -1.884310e-01 8.011049e-15 6.056846e-16 3.480354e-15 -1.048523e+01
       1 4.776340e-01 -2.159090e-01 4.627800e-01 1.000000e+00 0.000000e+00 0.000000e+00 0.000000e+00 1.000000e+00 0.000000e+00 0.000000e+00 0.000000e+00 1.000000e+00 5.976729e-15 0.000000e+00 5.976729e-15 0.000000e+00 0.000000e+00 0.000000e+00
