1 1.7274205242444082e-18 0.0030550458715596384 0.025000000000000001 1 0 0 0 1 0 0 0 1 0 0 0 0 0 0 
2 0.0081907327770481785 -0.0056438887899015423 0.043029352972116373 0.5734949295133237 7.1108600858532374e-05 0.819209106862268 -0.67063632391484385 0.57434954545013239 0.46943532109036173 -0.47047899726607628 -0.81861016032345535 0.32943424009461175 0 0 0 0 0 0 
1 1.7274205242444082e-18 0.0030550458715596384 0.025000000000000001 1 0 0 0 1 0 0 0 1 0 0 0 0 0 0 
2 0.0081615208590481506 -0.0060798933221916599 0.042900380798146523 0.57471989081040653 0.0012163377677397249 0.8183492943904267 -0.65860096471259744 0.59424495812797085 0.46164672534214118 -0.48573842383170657 -0.80428319033902551 0.34232547867719171 -0.0059897525734183624 -0.0866806180377791 -0.026710362982946011 4.8914353450007777 -0.37115296038772772 0.10757491612995973 
1 1.7274205242444082e-18 0.0030550458715596384 0.025000000000000001 1 0 0 0 1 0 0 0 1 0 0 0 0 0 0 
2 0.0080652252735149213 -0.0073553933604193255 0.042459940083583836 0.57876320494029021 0.0049723718755865318 0.81548048911373372 -0.62075786586444981 0.65118766633701641 0.43659397061567873 -0.52885992906880086 -0.75890045376747628 0.3799700997405735 -0.013680621567292618 -0.1666516091691938 -0.06388556069996576 9.6332472627257939 -0.86421680312537463 0.19149322390419199 
1 1.7274205242444082e-18 0.0030550458715596384 0.025000000000000001 1 0 0 0 1 0 0 0 1 0 0 0 0 0 0 
2 0.0078777661048578616 -0.0093614387460892092 0.041562111530482754 0.58672229647100493 0.012173686865328291 0.80969670134680372 -0.55294071655960031 0.73652547057745887 0.38959824840623763 -0.5916193969050928 -0.67630025324463505 0.43886724264508115 -0.024384419542435812 -0.23107721568486056 -0.11901255216237838 14.045513403406025 -1.5832929195071463 0.19636902365124009 
1 1.7274205242444082e-18 0.0030550458715596384 0.025000000000000001 1 0 0 0 1 0 0 0 1 0 0 0 0 0 0 
2 0.0075658275226280118 -0.011887294623260204 0.040014986986223133 0.60032939125804052 0.023782923813629769 0.79939914593813877 -0.45161032771426779 0.835020978891308 0.31430570582350781 -0.66003994871035054 -0.54970386331758381 0.51202824996298879 -0.0385532568005977 -0.26861079521555947 -0.19323046251449882 17.897811957923132 -2.5807923125580627 0.016611621407128574 
1 1.7274205242444082e-18 0.0030550458715596384 0.025000000000000001 1 0 0 0 1 0 0 0 1 0 0 0 0 0 0 
2 0.0070978596453213569 -0.014606707499880408 0.037659532383721855 0.62159746909953684 0.040282054396895327 0.78230041704105968 -0.31828510637185514 0.92551002532569548 0.20524566763634108 -0.71575916163951914 -0.37657475899905463 0.58811586733729326 -0.055321640525944779 -0.26827230036438032 -0.27851819940297146 20.918112669444827 -3.8076788227399359 -0.48732831456574832 
1 1.7274205242444082e-18 0.0030550458715596384 0.025000000000000001 1 0 0 0 1 0 0 0 1 0 0 0 0 0 0 
2 0.0064582532902022075 -0.017109289850941026 0.034463733110088234 0.65207460210141954 0.06103472769186815 0.75569403551295478 -0.16336753679987087 0.98465027039456698 0.061440157322787452 -0.74034435313185054 -0.16351943929541082 0.65203652639886378 -0.072400037769255493 -0.22531196721788754 -0.3579258605581766 22.837383637444976 -5.0790570135871071 -1.4222736782044114 
1 1.7274205242444082e-18 0.0030550458715596384 0.025000000000000001 1 0 0 0 1 0 0 0 1 0 0 0 0 0 0 
2 0.0056592045170186529 -0.018992977973667904 0.030589210889308754 0.69185245277146146 0.084005374496886887 0.71713546882702039 -0.006323072584600159 0.99387571500146688 -0.11032262634388734 -0.72201122037486531 0.071792480009823426 0.68814652325419523 -0.086685863915758443 -0.14678578632848976 -0.41103766511153844 23.461659609041568 -6.1086737723691318 -2.7664567029950375 
1 1.7274205242444082e-18 0.0030550458715596384 0.025000000000000001 1 0 0 0 1 0 0 0 1 0 0 0 0 0 0 
2 0.0047430617759019172 -0.01998982982619606 0.026381637242110036 0.73887645070167163 0.10617391256167306 0.66542369276262359 0.12961340132072532 0.9466745516881192 -0.29497060766146083 -0.66125785953482086 0.30419466378857646 0.68571397078226581 -0.095476273897663319 -0.051888101268472216 -0.42301030154086028 22.734320282341123 -6.6295450579386621 -4.3180589729601255 
1 1.7274205242444082e-18 0.0030550458715596384 0.025000000000000001 1 0 0 0 1 0 0 0 1 0 0 0 0 0 0 
2 0.0037720068591016714 -0.02005848775397916 0.02227460194183192 0.78917682657874821 0.12455510425579755 0.60140332755557968 0.22599921734155534 0.8516182248246541 -0.47293842401258696 -0.57107292892598305 0.50914872596357585 0.64392801204604133 -0.09764406824244129 0.034867367445549975 -0.39174710184354911 20.760196539979653 -6.5401483191316379 -5.7566310956057691 
1 1.7274205242444082e-18 0.0030550458715596384 0.025000000000000001 1 0 0 0 1 0 0 0 1 0 0 0 0 0 0 
2 0.0028099212315752242 -0.019387289499898881 0.018656789236486324 0.838070696154123 0.13723568261776251 0.52801882131622957 0.27552946203989248 0.72887345607637188 -0.62675912484406049 -0.47087261950101855 0.67075319786320953 0.57303501093783704 -0.093937757173964645 0.093583023023376816 -0.32763814375926803 17.762710896304831 -5.9548593747906287 -6.7936634928607535 
1 1.7274205242444082e-18 0.0030550458715596384 0.025000000000000001 1 0 0 0 1 0 0 0 1 0 0 0 0 0 0 
2 0.0019063226258470216 -0.018311401346399237 0.01577732520255936 0.88162773098059455 0.14381431511105433 0.4494997071580209 0.28227729441754595 0.6026091083606322 -0.7464461076173643 -0.37822225347316385 0.78497114933603895 0.49068138510416265 -0.086317756359758274 0.11531476162684684 -0.24679373141769406 14.011077247315303 -5.1250553744696621 -7.2951294843386592 
1 1.7274205242444082e-18 0.0030550458715596384 0.025000000000000001 1 0 0 0 1 0 0 0 1 0 0 0 0 0 0 
2 0.0010894943714060952 -0.017198580473581027 0.013729640541594656 0.91756723126666662 0.14511223492745529 0.3701524218210418 0.25694444681212569 0.49402701612186267 -0.83061233953881242 -0.3033973094113297 0.85725127390753286 0.41601721842476419 -0.076900578570465075 0.10201226356060153 -0.16310651709752844 9.7566380481185071 -4.3087198142069676 -7.294856698047063 
1 1.7274205242444082e-18 0.0030550458715596384 0.025000000000000001 1 0 0 0 1 0 0 0 1 0 0 0 0 0 0 
2 0.00036914887807980442 -0.016358785532537841 0.012499875905783468 0.9453122351605654 0.14248959910849812 0.29339647612341097 0.21123490340066778 0.41795047907280991 -0.88357071738945669 -0.24852483505888562 0.89722578606987669 0.36499492485546353 -0.067197611823089282 0.06249802886394594 -0.08377636568994154 5.204325238424703 -3.686665539286003 -6.9247827194979052 
1 1.7274205242444082e-18 0.0030550458715596384 0.025000000000000001 1 0 0 0 1 0 0 0 1 0 0 0 0 0 0 
2 -0.00025566386568561038 -0.015997814332566071 0.012038370781293778 0.96549617443891067 0.13717972569972689 0.22135686120103931 0.15444906089230259 0.38273872343796883 -0.91085484967175745 -0.20967266091055908 0.91361523216177909 0.34834549348120469 -0.057825977202819553 0.0082327905739346431 -0.009021236673678476 0.51036113705309427 -3.3479030692603757 -6.3271149968293683 
1 1.7274205242444082e-18 0.0030550458715596384 0.025000000000000001 1 0 0 0 1 0 0 0 1 0 0 0 0 0 0 
2 -0.00078805525407734116 -0.016203409618250897 0.012318212355226434 0.97935463467773709 0.12985259725515136 0.15492837868295029 0.092890113492754792 0.39162135620933436 -0.91542566064976827 -0.17954366140451553 0.91091767813938773 0.37147416774603254 -0.048642886108948513 -0.048808589899347415 0.065384968541692928 -4.1966375774648812 -3.3179934476682185 -5.5988797991930301 
1 1.7274205242444082e-18 0.0030550458715596384 0.025000000000000001 1 0 0 0 1 0 0 0 1 0 0 0 0 0 0 
2 -0.0012272792052811557 -0.016942611088736403 0.013362089499272724 0.98825698007414908 0.12043055093994603 0.094045859744189914 0.031165280965942593 0.44367762683216388 -0.89564439858176581 -0.1495889922321714 0.88805779420535469 0.43471425966269289 -0.039086645264876416 -0.096420817040904244 0.14449321394621131 -8.7881161915461377 -3.5862741230495074 -4.7704225219941687 
1 1.7274205242444082e-18 0.0030550458715596384 0.025000000000000001 1 0 0 0 1 0 0 0 1 0 0 0 0 0 0 
2 -0.0015667366618789401 -0.018058576952558233 0.015231054616604607 0.99341329897946218 0.10812164228103288 0.037943746272529083 -0.025792276680072987 0.53363168941365458 -0.84532359396694201 -0.11164576066470355 0.83877704458573576 0.53290552033321859 -0.028631201188956665 -0.12208690263784056 0.23027654163415975 -13.108316112344109 -4.1106780077169249 -3.8091742889220281 
1 1.7274205242444082e-18 0.0030550458715596384 0.025000000000000001 1 0 0 0 1 0 0 0 1 0 0 0 0 0 0 
2 -0.0017967490240802316 -0.019272522357313665 0.01797569783678727 0.99568135160348126 0.091670220418541531 -0.014670267805352232 -0.071046642371570656 0.65069019427319974 -0.75601233170129678 -0.059758017677888901 0.75378965352750849 0.65439295347527049 -0.017263676067711127 -0.11436618366738435 0.31819770818416548 -16.957903760134776 -4.7994250811443671 -2.6450319934942463 
1 1.7274205242444082e-18 0.0030550458715596384 0.025000000000000001 1 0 0 0 1 0 0 0 1 0 0 0 0 0 0 
2 -0.0019117602300046091 -0.020211808805513421 0.021560920895202337 0.9954080713813297 0.06984664709979084 -0.065453932791077682 -0.095428360490274033 0.77764987306362998 -0.62141298903246178 0.0074966287783203786 0.62480566643800339 0.78074431137467959 -0.0058566726172698709 -0.066775860244840654 0.39569676635695405 -20.096677417373449 -5.4890721499560513 -1.2237489494259837 
1 1.7274205242444082e-18 0.0030550458715596384 0.025000000000000001 1 0 0 0 1 0 0 0 1 0 0 0 0 0 0 
2 -0.0019194249810962655 -0.020486160924265837 0.025795111472832196 0.9923409347047597 0.042121275586917632 -0.11612608428865023 -0.089679671180768139 0.89215155076006347 -0.44274503617016758 0.084953080498549716 0.44976817208351311 0.88909592592389164 0.0038757383147030224 0.016904875565648292 0.44491950629321936 -22.276180762045474 -5.9572054894438127 0.42039736165829805 
1 1.7274205242444082e-18 0.0030550458715596384 0.025000000000000001 1 0 0 0 1 0 0 0 1 0 0 0 0 0 0 
2 -0.0018462680895246595 -0.019808390227254679 0.030312052620438908 0.98575439058883962 0.0092740380140779455 -0.16793532580651035 -0.048707872665302097 0.9714330598820109 -0.23226139005158458 0.16098392644995982 0.2371324574730061 0.95804612260452626 0.010027851653214626 0.11984159092265741 0.45037197389754324 -23.295564617417511 -5.9978662667071312 2.114692627889887 
1 1.7274205242444082e-18 0.0030550458715596384 0.025000000000000001 1 0 0 0 1 0 0 0 1 0 0 0 0 0 0 
2 -0.0017345067972378534 -0.018111671880101193 0.034641470606443001 0.97489944665597528 -0.026453436183049302 -0.22106850663082384 0.024441568477483182 0.99963124266228887 -0.011831670372725754 0.22129997433401066 0.0061314278563540086 0.97518650880342306 0.011532575948258938 0.21609512457607946 0.40802943828058358 -23.058442154842176 -5.5315467935665241 3.5813029862760617 
1 1.7274205242444082e-18 0.0030550458715596384 0.025000000000000001 1 0 0 0 1 0 0 0 1 0 0 0 0 0 0 
2 -0.0016295701755366535 -0.015592433592472258 0.038349887442954048 0.9596261642743209 -0.061902196689116812 -0.27438247554320228 0.11822694255004304 0.97389695263309051 0.19377078135583015 0.25522541976735574 -0.21838691283371814 0.94189550450542814 0.0088740398661253609 0.28092554509317008 0.32919505523638876 -21.599684458569364 -4.6607768943265446 4.5596080929972089 
1 1.7274205242444082e-18 0.0030550458715596384 0.025000000000000001 1 0 0 0 1 0 0 0 1 0 0 0 0 0 0 
2 -0.0015650607866435674 -0.012644831372344487 0.041175838621835568 0.94078225045595298 -0.094005430221640443 -0.3257172643810532 0.21687961446900444 0.90534109049507816 0.36513113081324466 0.26056091428840328 -0.41415032168287286 0.87211669001066849 0.0038154804828979139 0.30075459491211498 0.23546998462465865 -19.06940324572254 -3.6148509071386603 4.9260469186036691 
1 1.7274205242444082e-18 0.0030550458715596384 0.025000000000000001 1 0 0 0 1 0 0 0 1 0 0 0 0 0 0 
2 -0.0015540137974924262 -0.0097259923648765536 0.043082843270784973 0.92010382121221512 -0.12067657390824547 -0.37262061496976778 0.30646218268672298 0.81424342517104509 0.49304013543383501 0.24390549147891238 -0.5678422396013636 0.78617129313587741 -0.0014885224688860471 0.27631579831900854 0.1484902578341829 -15.6868362924665 -2.6249690557714738 4.7273743597744025 
1 1.7274205242444082e-18 0.0030550458715596384 0.025000000000000001 1 0 0 0 1 0 0 0 1 0 0 0 0 0 0 
2 -0.0015903425528641659 -0.0072316093744685646 0.044213899224985045 0.89971805112716241 -0.14110918536328337 -0.4130322339503919 0.37870377714886277 0.72285600187142152 0.57798153061464508 0.21700432633734573 -0.67643728339334896 0.70380517473680237 -0.0054806788287296042 0.21801764497680018 0.081602116613294307 -11.687058332629258 -1.8323896638483042 4.1106810754861041 
1 1.7274205242444082e-18 0.0030550458715596384 0.025000000000000001 1 0 0 0 1 0 0 0 1 0 0 0 0 0 0 
2 -0.0016573105746954604 -0.0054350638862102002 0.044791730696943782 0.88162297497044495 -0.15548554296608086 -0.44560652590913119 0.43104708545932513 0.6497755452281011 0.62609116823394428 0.19219609809068294 -0.74405375259591755 0.63987863937363121 -0.0076052255564466233 0.1388084408630301 0.037478853361018916 -7.2840755694286514 -1.2721739429096912 3.2334601371772353 
1 1.7274205242444082e-18 0.0030550458715596384 0.025000000000000001 1 0 0 0 1 0 0 0 1 0 0 0 0 0 0 
2 -0.0017372868077419018 -0.0044892836580433934 0.045020673384251836 0.86739916968044573 -0.16440988997677508 -0.46966804076442981 0.46416837153883528 0.60750475673360382 0.64458179729886134 0.17934994647520558 -0.77711476541362234 0.60326299246304793 -0.0081943819070048867 0.049341504871524791 0.010353657534258527 -2.6563052000673331 -0.90486276755498174 2.2100290230698265 
1 1.7274205242444082e-18 0.0030550458715596384 0.025000000000000001 1 0 0 0 1 0 0 0 1 0 0 0 0 0 0 
2 -0.0018189724157748307 -0.0044577412836221695 0.045020467419733812 0.85815574167219877 -0.16838408894327897 -0.48499022838174843 0.47904073232035932 0.60236901018107547 0.63849162277311466 0.18463125361924093 -0.78025532626455896 0.597589261970774 -0.0081217347536629275 -0.043024663917130085 -0.010317125605078381 2.0487005798033411 -0.65158883156396175 1.1044403518855164 
1 1.7274205242444082e-18 0.0030550458715596384 0.025000000000000001 1 0 0 0 1 0 0 0 1 0 0 0 0 0 0 
2 -0.0019011545618184502 -0.0053401855971417066 0.044795638505548026 0.85456477658968077 -0.16748829596663772 -0.49159608758249984 0.4749112025414578 0.63510807843067496 0.60917737844795405 0.21018656549088788 -0.75404601943534422 0.62228306120354682 -0.0084758209813099936 -0.13246223296235371 -0.036547417954953455 6.6960038137780558 -0.41549218253340847 -0.046987908020647673 
1 1.7274205242444082e-18 0.0030550458715596384 0.025000000000000001 1 0 0 0 1 0 0 0 1 0 0 0 0 0 0 
2 -0.0019932440135881331 -0.0070740016361194331 0.044234988908412438 0.85684306016112599 -0.16131404926487755 -0.48969148222476333 0.44876406414947811 0.70095562754854057 0.55432122721042787 0.25383219847324362 -0.69472223637782049 0.67300091329836953 -0.010241427020540414 -0.21188412864725747 -0.078985838356463195 11.139848773329666 -0.091349404384961835 -1.1993575302636836 
1 1.7274205242444082e-18 0.0030550458715596384 0.025000000000000001 1 0 0 0 1 0 0 0 1 0 0 0 0 0 0 
2 -0.0021125653991860525 -0.0095106372066897302 0.043140674947074242 0.86463713276712018 -0.14915864670348508 -0.47974402211370842 0.39648036028403633 0.78905895449035734 0.4692433166786984 0.30855461842159215 -0.59593427863495929 0.74138814597924108 -0.013951974100436842 -0.27103704722362587 -0.14372495518786277 15.204564409985055 0.41757269108376521 -2.2634091011432007 
1 1.7274205242444082e-18 0.0030550458715596384 0.025000000000000001 1 0 0 0 1 0 0 0 1 0 0 0 0 0 0 
2 -0.0022779145170917299 -0.012384872022616806 0.041291876443598829 0.8768941796167804 -0.13046939423095422 -0.46263844946482935 0.31562625966386493 0.88219063151001265 0.34945636907425703 0.36254194511092386 -0.45245709945250351 0.81476739698530842 -0.019311060169143628 -0.29728003604045045 -0.22868769232886066 18.678812512303494 1.1621565735033386 -3.0880404030362163 
1 1.7274205242444082e-18 0.0030550458715596384 0.025000000000000001 1 0 0 0 1 0 0 0 1 0 0 0 0 0 0 
2 -0.0024998317321819796 -0.015310372573298085 0.038540401519419558 0.89189795078848821 -0.10543788516702557 -0.43977368924345661 0.20903741233798068 0.95844003159336855 0.19415474777183184 0.40102544261223155 -0.26509537568733205 0.87687116280948363 -0.024957649050729835 -0.28008659640367922 -0.32130707740247089 21.328665667756489 2.0978430630459584 -3.4854397146722165 
1 1.7274205242444082e-18 0.0030550458715596384 0.025000000000000001 1 0 0 0 1 0 0 0 1 0 0 0 0 0 0 
2 -0.0027708821090535554 -0.017835581923357924 0.03491025268864921 0.90761965817066137 -0.075478555117801965 -0.41295222946425747 0.087166572496524056 0.99614837798615097 0.0095077691794044367 0.41064406088652988 -0.044625068659774038 0.9107030572616579 -0.028756280533264435 -0.21809843160077647 -0.40055650050779124 22.933325831041451 3.0582746436569308 -3.3116091583391372 
1 1.7274205242444082e-18 0.0030550458715596384 0.025000000000000001 1 0 0 0 1 0 0 0 1 0 0 0 0 0 0 
2 -0.0030619207192292535 -0.019563615917691041 0.030646962320258115 0.92231820682329391 -0.043228204224856091 -0.38400579126070172 -0.033224930010446976 0.98117269761482839 -0.19025309847947675 0.38500029790646184 0.18823246217040968 0.9035171889882343 -0.028689618412841421 -0.12391642184943115 -0.44485485174264272 23.334300299541749 3.8042154350071988 -2.5645554232868957 
1 1.7274205242444082e-18 0.0030550458715596384 0.025000000000000001 1 0 0 0 1 0 0 0 1 0 0 0 0 0 0 
2 -0.0033288160746353926 -0.020286596748788768 0.026171241266430938 0.93505574874742392 -0.011897866639388931 -0.35430098433934071 -0.1344970710176295 0.9128055389759222 -0.38561196286235044 0.32799586067826098 0.4082211273125233 0.85192383849357067 -0.023930236816801911 -0.021614812668812183 -0.44227269053222412 22.480862648929946 4.1425349079212435 -1.418812226081315 
1 1.7274205242444082e-18 0.0030550458715596384 0.025000000000000001 1 0 0 0 1 0 0 0 1 0 0 0 0 0 0 
2 -0.0035273392011000528 -0.02005611794400999 0.021948915227101694 0.94578360185864407 0.015733993407864875 -0.32441612152716959 -0.20470171857077793 0.80436075435882559 -0.55776427212709778 0.25217173685696825 0.59393283988910939 0.76397198694179724 -0.015266978310576379 0.06291148335329623 -0.39588800201505209 20.448303926192949 4.0323826360652992 -0.14776914510617478 
1 1.7274205242444082e-18 0.0030550458715596384 0.025000000000000001 1 0 0 0 1 0 0 0 1 0 0 0 0 0 0 
2 -0.0036275016579238322 -0.019147404413586248 0.018350391718970935 0.95498903112863442 0.038093689657623574 -0.29418501190961582 -0.24099433472695964 0.67788947471496974 -0.69454128077470867 0.17296728318818644 0.7341762260376804 0.65655737606668207 -0.0046042782667324519 0.1121773298552752 -0.32050143613115095 17.419358331845309 3.592722337729807 1.0072378993059563 
1 1.7274205242444082e-18 0.0030550458715596384 0.025000000000000001 1 0 0 0 1 0 0 0 1 0 0 0 0 0 0 
2 -0.0036192464410670895 -0.017946845741729334 0.015576035972867547 0.96322466553740793 0.054949736653813606 -0.26301857375863219 -0.24824414618707979 0.55658309020997287 -0.7928367471151706 0.10282552010175436 0.82897273183983178 0.54975551137010892 0.0061451325177796076 0.12150999771366777 -0.23376349994729498 13.633800873297444 3.0172293717483778 1.9267671144864955 
1 1.7274205242444082e-18 0.0030550458715596384 0.025000000000000001 1 0 0 0 1 0 0 0 1 0 0 0 0 0 0 
2 -0.0035081927848153033 -0.016831851513426394 0.013669477320214557 0.97082503381363006 0.066989495698463561 -0.23024152793714192 -0.23487089679924275 0.45912558132509146 -0.8567609715723612 0.048315789939559421 0.8858420333439605 0.4614644909454616 0.015852853025645409 0.096609609900924376 -0.14842474937327182 9.3344216132149498 2.4772707362264077 2.6094358515298963 
1 1.7274205242444082e-18 0.0030550458715596384 0.025000000000000001 1 0 0 0 1 0 0 0 1 0 0 0 0 0 0 
2 -0.0033061624909056049 -0.016092342675654202 0.012586093648239425 0.97786333607174125 0.075196354349868655 -0.19526598336406176 -0.20898231303903836 0.39768373801145251 -0.89340586373612518 0.010473242262950044 0.91443597524032683 0.40459505481749797 0.024396130286273313 0.048434519173117058 -0.069281180084244845 4.7316699873604691 2.0751365774137067 3.1168125752918625 
1 1.7274205242444082e-18 0.0030550458715596384 0.025000000000000001 1 0 0 0 1 0 0 0 1 0 0 0 0 0 0 
2 -0.0030221355666003227 -0.015899626576959092 0.012269417317758002 0.98422692846512905 0.080330984817579248 -0.15762070346986701 -0.17640781823706159 0.37852173205971379 -0.90862620478574907 -0.013327976175614063 0.92209990306731526 0.38672229547093628 0.032394053870524797 -0.010686814109049557 0.0056566415311853123 -0.004480166035920774 1.8483639741533298 3.5173646724024841 
1 1.7274205242444082e-18 0.0030550458715596384 0.025000000000000001 1 0 0 0 1 0 0 0 1 0 0 0 0 0 0 
2 -0.0026570558875237552 -0.016301512598453589 0.012703661641978357 0.98969215122757648 0.082634778247663646 -0.11696554716022761 -0.14053689136061362 0.40330183287054761 -0.90421071314708046 -0.027546832217644528 0.91132822025174676 0.41075789342087698 0.040750952792820969 -0.068424379748182079 0.081905570756396109 -4.7318354407773171 1.795282126538662 3.8540223120118977 
1 1.7274205242444082e-18 0.0030550458715596384 0.025000000000000001 1 0 0 0 1 0 0 0 1 0 0 0 0 0 0 
2 -0.0022036320789120575 -0.017221579994171395 0.013929297576563892 0.99396030543077285 0.081756323697056474 -0.073203925874961925 -0.10320505873601707 0.46964292680191277 -0.87680341990450095 -0.037304518215091099 0.87906281052065627 0.47524409315662691 0.05012728105846187 -0.11217851468227551 0.16452622384577778 -9.3106392365994548 1.8981986131046931 4.1309666075765907 
1 1.7274205242444082e-18 0.0030550458715596384 0.025000000000000001 1 0 0 0 1 0 0 0 1 0 0 0 0 0 0 
2 -0.0016511851145641888 -0.018455423166070628 0.01601833516544485 0.9966815659825744 0.076888765783758112 -0.026720286801862645 -0.065958340275422758 0.57049996824860638 -0.81864478473661018 -0.047700664341652002 0.81769059180388626 0.57367825712395226 0.060463449474699178 -0.12908052872301073 0.25411752894649614 -13.578583176486811 2.1312481742827503 4.3133998029090472 
1 1.7274205242444082e-18 0.0030550458715596384 0.025000000000000001 1 0 0 0 1 0 0 0 1 0 0 0 0 0 0 
2 -0.00099480589657083762 -0.019676246190488873 0.019012092335987999 0.99751631518628248 0.067124488919690806 0.021342537910273261 -0.031218996136340764 0.69295883747008313 -0.72030092589996719 -0.063139331778379507 0.71784563282044211 0.69333330528916504 0.070628350762786285 -0.1081152458088521 0.343539956121794 -17.335546648781801 2.4536914641412864 4.3362239720253948 
1 1.7274205242444082e-18 0.0030550458715596384 0.025000000000000001 1 0 0 0 1 0 0 0 1 0 0 0 0 0 0 
2 -0.00024634048400590589 -0.020475897361679613 0.022837569756809131 0.99626322692375446 0.051998061069731115 0.068962194892971382 -0.0028697626443968949 0.81794963530836939 -0.57528267709124548 -0.086321185938519618 0.57293507114148101 0.81504236522666329 0.078459710527094675 -0.045019378530531173 0.41733971999046487 -20.348301145824401 2.7971698299478782 4.1272097613074621 
1 1.7274205242444082e-18 0.0030550458715596384 0.025000000000000001 1 0 0 0 1 0 0 0 1 0 0 0 0 0 0 
2 0.00055810883481703004 -0.020461242053400774 0.027241694163317034 0.99302047503093582 0.032051208780531172 0.11350355142039016 0.014259376271543334 0.92268125111807087 -0.38529985598691574 -0.1170769249582551 0.3842291358693381 0.9157843440414456 0.081440802178462293 0.052199605514194447 0.45617881873014182 -22.378265404824116 3.0643821972031646 3.6445063931311479 
1 1.7274205242444082e-18 0.0030550458715596384 0.025000000000000001 1 0 0 0 1 0 0 0 1 0 0 0 0 0 0 
2 0.0013606834439157621 -0.019389535567223233 0.031796564886627639 0.98826990411849547 0.0090980602211748265 0.15244612790698103 0.016120867181085331 0.98643178209619919 -0.16337826327833987 -0.15186413090308573 0.16391938436539044 0.97471417409121619 0.077959351093222495 0.16187262379274739 0.44618546716885271 -23.233054594909113 3.1557841309576151 2.914488861101479 
1 1.7274205242444082e-18 0.0030550458715596384 0.025000000000000001 1 0 0 0 1 0 0 0 1 0 0 0 0 0 0 
2 0.0020967388925813477 -0.017278400280545607 0.036002688404062302 0.98276893057998405 -0.014097761623748229 0.18429997884935953 0.0015613224029023664 0.99768472670591979 0.067990796216019597 -0.18483179206789233 -0.066531490400667262 0.98051556307181453 0.068385242495429543 0.25535467880940299 0.38797098987742895 -22.820339036997112 3.0180371796231884 2.035991297256706 
1 1.7274205242444082e-18 0.0030550458715596384 0.025000000000000001 1 0 0 0 1 0 0 0 1 0 0 0 0 0 0 
2 0.0027158991904198959 -0.014416579396956045 0.039449389109369654 0.97726254746916152 -0.034674587266420753 0.20917836004708598 -0.026716521200440879 0.95853792062347609 0.28370985570080076 -0.21034291242880365 -0.28284753441514421 0.93581682580847114 0.055095881480070344 0.30911735800462875 0.2980649432309242 -21.179357873305108 2.6773631803480504 1.1382427391523202 
1 1.7274205242444082e-18 0.0030550458715596384 0.025000000000000001 1 0 0 0 1 0 0 0 1 0 0 0 0 0 0 
2 0.0031970810662388782 -0.01126103778793772 0.041940095910347822 0.97219052961917418 -0.050582002467179005 0.22866358508778734 -0.063208676326225316 0.8834864876087124 0.46417269356340529 -0.22549997196424648 -0.46571781932757395 0.85571997487781792 0.041314837863221578 0.31389640781289058 0.20086625689244145 -18.46915105593439 2.2252293783977684 0.32140482436652429 
1 1.7274205242444082e-18 0.0030550458715596384 0.025000000000000001 1 0 0 0 1 0 0 0 1 0 0 0 0 0 0 
2 0.00354948115847354 -0.0082852399998470036 0.043513647893586402 0.96757477825613247 -0.061027913402748053 0.24510128981362522 -0.10190926481148249 0.79356391777293911 0.59989233213506499 -0.23111371709221232 -0.60541878249239234 0.76161312198336639 0.029665398663470142 0.27494732049386034 0.11735713364426682 -14.922754005556348 1.7695411285293854 -0.37357704342126435 
1 1.7274205242444082e-18 0.0030550458715596384 0.025000000000000001 1 0 0 0 1 0 0 0 1 0 0 0 0 0 0 
2 0.0038015697466657031 -0.0058643253728464934 0.044368971156366829 0.96311368024080946 -0.066313686801508134 0.26079596215393225 -0.13822225349874181 0.70962304601032988 0.69089054213294221 -0.23088232407599618 -0.70145393826951519 0.67428163619918779 0.021319295970685378 0.20530481029543227 0.057976322714508408 -10.787015236922707 1.3896010857403509 -0.95421660301089262 
1 1.7274205242444082e-18 0.0030550458715596384 0.025000000000000001 1 0 0 0 1 0 0 0 1 0 0 0 0 0 0 
2 0.0039861435469506967 -0.0042364952695380497 0.044752521753277451 0.95837148541195238 -0.067299196411269649 0.27747957422427549 -0.16951045036503909 0.64791978041298692 0.74260767930760607 -0.22976140486672142 -0.75872971229020947 0.60953992528930079 0.016024505183774636 0.1183093220487145 0.022141342087717682 -6.2811975829800932 1.1211852818813555 -1.4450021227375267 
1 1.7274205242444082e-18 0.0030550458715596384 0.025000000000000001 1 0 0 0 1 0 0 0 1 0 0 0 0 0 0 
2 0.0041282586554313499 -0.0035229687606577859 0.044863168583986264 0.95294901373303775 -0.06484191203895065 0.29611434221996696 -0.19444980096975117 0.61863051270093072 0.761239491657 -0.23254559150423573 -0.78300179769813849 0.57691484005304339 0.012575321301847823 0.023737476418683678 0.0015957256262926498 -1.5821054142573889 0.96340676306558171 -1.8623285957734959 
1 1.7274205242444082e-18 0.0030550458715596384 0.025000000000000001 1 0 0 0 1 0 0 0 1 0 0 0 0 0 0 
2 0.0042383033593964619 -0.0037655906472057557 0.044795359950979358 0.94660142826476301 -0.059416991730730465 0.31688382271864407 -0.21190614139217034 0.62609013978713557 0.75040450698380434 -0.24298461524835735 -0.77748360622909285 0.58006699509419812 0.0093197493912455139 -0.072025317294261718 -0.015698725250468282 3.1663929829732731 0.89022947410546138 -2.2047964536676528 
1 1.7274205242444082e-18 0.0030550458715596384 0.025000000000000001 1 0 0 0 1 0 0 0 1 0 0 0 0 0 0 
2 0.0043096093707122351 -0.0049490073659683616 0.044517525218876641 0.93932697258467401 -0.050972387145789638 0.33921476135859829 -0.21998672282059481 0.669240918424441 0.70973405927084088 -0.26319323767446201 -0.74129508891875884 0.61742279743087203 0.0045592934957360987 -0.16338692945428712 -0.04243557862371844 7.8287028810024548 0.85668876392498805 -2.4573135917372171 
1 1.7274205242444082e-18 0.0030550458715596384 0.025000000000000001 1 0 0 0 1 0 0 0 1 0 0 0 0 0 0 
2 0.0043197935711817197 -0.0069931242135673477 0.043879483087069668 0.9314523860832653 -0.039009647666870782 0.36176608443675068 -0.21571114670303213 0.74148085231561356 0.63535411137205533 -0.29302756465536584 -0.66983907995743119 0.68223929329372945 -0.0030842064439399273 -0.24254680604398438 -0.089134749748778441 12.251012672386958 0.80158893440405776 -2.6051134661831621 
1 1.7274205242444082e-18 0.0030550458715596384 0.025000000000000001 1 0 0 0 1 0 0 0 1 0 0 0 0 0 0 
2 0.00423617039919791 -0.0097207117582222696 0.042651118581267675 0.92369877114326415 -0.022880752549431733 0.38243568263329647 -0.19561895448054836 0.83011938501086979 0.52214464593358845 -0.3294143361123813 -0.55711603620067063 0.76230434694529459 -0.014209893912954784 -0.29784846466575382 -0.16061831089659062 16.237254422759353 0.65647494077174606 -2.6538603361641382 
1 1.7274205242444082e-18 0.0030550458715596384 0.025000000000000001 1 0 0 0 1 0 0 0 1 0 0 0 0 0 0 
2 0.0040260499528660659 -0.012824389968877315 0.040598886033415715 0.91715514141638699 -0.0022694126448753135 0.39852389682393508 -0.15740674678547123 0.91661717547949462 0.36747254275987457 -0.36612779550302066 -0.39975968203689649 0.84032293434004135 -0.028146006998815507 -0.31555633050724424 -0.25216606101966677 19.546820583597935 0.37015945435156483 -2.6449781287228928 
1 1.7274205242444082e-18 0.0030550458715596384 0.025000000000000001 1 0 0 0 1 0 0 0 1 0 0 0 0 0 0 
2 0.0036709714084890155 -0.015872222182123297 0.037593477574839836 0.91306563119144168 0.022279417084289287 0.40720361087711199 -0.10208972074401747 0.97920069046763003 0.17533880547706876 -0.39482761055349547 -0.20166714001567312 0.89634899597339668 -0.042728837181764609 -0.28576575265976067 -0.34770863512316463 21.919689741286099 -0.054764631318824808 -2.6486705346664596 
1 1.7274205242444082e-18 0.0030550458715596384 0.025000000000000001 1 0 0 0 1 0 0 0 1 0 0 0 0 0 0 
2 0.0031798880013672666 -0.018385238787948063 0.033710358703653936 0.91241628753262216 0.049066450346829618 0.40631145897642307 -0.035359895398337095 0.99852592997890732 -0.041178209737398018 -0.40773299601897078 0.02320453856728432 0.91280630658824513 -0.054794857472128491 -0.2101533619742928 -0.42357911481041871 23.132444932578959 -0.54031606385671527 -2.7243727456040734 
1 1.7274205242444082e-18 0.0030550458715596384 0.025000000000000001 1 0 0 0 1 0 0 0 1 0 0 0 0 0 0 
2 0.0025933618097916328 -0.01997791886113176 0.029260987658218402 0.91548803871829987 0.075479535020865171 0.39520183546734011 0.033322111092632251 0.96464741315520108 -0.26142877654403107 -0.40096295075237426 0.25250387736827462 0.88060803087295114 -0.061434711704155182 -0.10569489026437519 -0.45818126344974131 23.058711738875004 -0.95790170346191372 -2.8708279234120018 
1 1.7274205242444082e-18 0.0030550458715596384 0.025000000000000001 1 0 0 0 1 0 0 0 1 0 0 0 0 0 0 
2 0.0019738519770977269 -0.020494432015359158 0.024715697565916229 0.92166611535164922 0.09878373786203469 0.3751977411267361 0.093989385881890306 0.88139236290812395 -0.4629400586995891 -0.37642737301389967 0.46194077081508911 0.8030648523653714 -0.06135514791495255 0.00023336481942586723 -0.44268495252736251 21.715599647259261 -1.1972199259453196 -3.010366690832659 
1 1.7274205242444082e-18 0.0030550458715596384 0.025000000000000001 1 0 0 0 1 0 0 0 1 0 0 0 0 0 0 
2 0.0013861712951437335 -0.020056994509100208 0.020550911849916802 0.92966835350295296 0.11704983624488906 0.34930801354986546 0.13985241385614544 0.76506879026069419 -0.62857859373959535 -0.34081968081922398 0.63322119516333497 0.69489054041784137 -0.0553517919107855 0.081456206834396569 -0.38446200170024925 19.253153919690348 -1.2260753372414674 -3.0316832219651175 
1 1.7274205242444082e-18 0.0030550458715596384 0.025000000000000001 1 0 0 0 1 0 0 0 1 0 0 0 0 0 0 
2 0.00087933119922484432 -0.018999293143752982 0.01710995614895966 0.93804247847577227 0.12967190340081108 0.32134328380011462 0.16903521514796954 0.63829217498015867 -0.75100612207822792 -0.30249529684758725 0.75879397521824676 0.57682605572007661 -0.045598378911841562 0.1229751776226642 -0.30120540650577882 15.903904742940725 -1.0931289970951683 -2.8539167113025572 
1 1.7274205242444082e-18 0.0030550458715596384 0.025000000000000001 1 0 0 0 1 0 0 0 1 0 0 0 0 0 0 
2 0.00047891374601175354 -0.017735668970514928 0.014549359559620483 0.94561086581124698 0.13724392777039768 0.29493083044988339 0.1837188206053067 0.52289141288415308 -0.8323652835669022 -0.2684538794934786 0.84127800079531856 0.46923750911743278 -0.034406320423137342 0.12338482574944393 -0.2109740081237837 11.919281437990518 -0.8825479132212164 -2.4599841687555619 
1 1.7274205242444082e-18 0.0030550458715596384 0.025000000000000001 1 0 0 0 1 0 0 0 1 0 0 0 0 0 0 
2 0.00019070901702615691 -0.016641635847471963 0.012874866565568854 0.95166145691295245 0.14100068979751135 0.27287227214017717 0.18792132550058047 0.43543205233358978 -0.88038883638007515 -0.24295276670254612 0.88911064175229848 0.38788686478713646 -0.023326602474316963 0.090903465806479344 -0.12513284028928268 7.5268576342547888 -0.66680677855973047 -1.8875282564037859 
1 1.7274205242444082e-18 0.0030550458715596384 0.025000000000000001 1 0 0 0 1 0 0 0 1 0 0 0 0 0 0 
2 1.0142090881408395e-05 -0.015986554245406334 0.012021969797905539 0.95590681842905267 0.14218808055316035 0.25695272761629551 0.18545631825226488 0.38614112995860572 -0.90360443877540009 -0.22770179731649204 0.91141515101675763 0.34274526108458453 -0.012890923964349741 0.037737370082353068 -0.046496240542702738 2.9087320711503919 -0.48383825181055157 -1.1991371345195265 
1 1.7274205242444082e-18 0.0030550458715596384 0.025000000000000001 1 0 0 0 1 0 0 0 1 0 0 0 0 0 0 
2 -6.8468324305578617e-05 -0.015913268852875782 0.011932389872406485 0.95834616084586488 0.141601423309935 0.24803562830487111 0.17877996831910314 0.37984447529502563 -0.90760999196552861 -0.22273382976057332 0.9141483531158644 0.33870699664420972 -0.0028508437389530633 -0.023357316864667941 0.028458784022474263 -1.7898241782433308 -0.3413472815668524 -0.45945810531929393 
1 1.7274205242444082e-18 0.0030550458715596384 0.025000000000000001 1 0 0 0 1 0 0 0 1 0 0 0 0 0 0 
2 -4.620582551427381e-05 -0.016438444557718417 0.012599411013952217 0.9591463291694684 0.13935074363583244 0.24621066079452036 0.16865308429043757 0.41709414314172416 -0.8930781673046283 -0.2271441313352745 0.89811683315981317 0.37655238360012028 0.0073854682994245902 -0.079867106461245521 0.10584659353531237 -6.4395298415160962 -0.23234859919472978 0.27398676712843961 
1 1.7274205242444082e-18 0.0030550458715596384 0.025000000000000001 1 0 0 0 1 0 0 0 1 0 0 0 0 0 0 
2 8.1454962139484088e-05 -0.017452776859206195 0.014073284000735351 0.95859246302735224 0.13483076780544062 0.25084089355635314 0.15432051000571528 0.49434652894743364 -0.85545700623070475 -0.2393442500222854 0.85874453324060207 0.45306970392054491 0.018265589728420066 -0.11902539930639791 0.19024918012200601 -10.900128846284188 -0.15202466319925567 0.9514002072602088 
1 1.7274205242444082e-18 0.0030550458715596384 0.025000000000000001 1 0 0 0 1 0 0 0 1 0 0 0 0 0 0 
2 0.00032079703314927532 -0.018718424763245534 0.016425798277624044 0.95710446023302731 0.12688927394354174 0.26048064104675112 0.13406173782479308 0.60304769420325155 -0.78635928745551043 -0.25686280901181863 0.78754846877777773 0.56016864127897736 0.029619180649300324 -0.12810869776382003 0.28078069274131279 -14.998390776078121 -0.1095252573416261 1.5321900645253395 
1 1.7274205242444082e-18 0.0030550458715596384 0.025000000000000001 1 0 0 0 1 0 0 0 1 0 0 0 0 0 0 
2 0.00067173175788484327 -0.019880657703176409 0.019679512589617875 0.95527613527337629 0.11421832282121494 0.27276671371168215 0.10614295454798375 0.72849316646914786 -0.67678015603856112 -0.27600938132061148 0.67546419678593117 0.68378866638995284 0.040306966560273216 -0.09717986893964381 0.36820922610170992 -18.516579819045088 -0.13019237214996471 1.9926030250185565 
1 1.7274205242444082e-18 0.0030550458715596384 0.025000000000000001 1 0 0 0 1 0 0 0 1 0 0 0 0 0 0 
2 0.0011178580101413615 -0.020521180390107318 0.023722957935033633 0.95386444375660606 0.095948206725545673 0.28449352288418195 0.070127434340272965 0.85015076595019201 -0.52184846278124897 -0.29193281057419923 0.51772349452236932 0.80419998590511976 0.048261046264075472 -0.024468956527084019 0.43544527925242515 -21.206127781023653 -0.24211437897447063 2.3367017865198578 
1 1.7274205242444082e-18 0.0030550458715596384 0.025000000000000001 1 0 0 0 1 0 0 0 1 0 0 0 0 0 0 
2 0.001620037050656943 -0.020267439774445371 0.028256600785416339 0.95365793465980975 0.072266940232145721 0.2920856603975443 0.028092350353236192 0.94510520793023034 -0.32555639418507404 -0.29957864328422534 0.31867481119887675 0.89927693242701556 0.051172918087402361 0.078549768651743804 0.46339836489830155 -22.828397055606054 -0.4499133736209413 2.5972095637704777 
1 1.7274205242444082e-18 0.0030550458715596384 0.025000000000000001 1 0 0 0 1 0 0 0 1 0 0 0 0 0 0 
2 0.0021197976160935881 -0.01892970397234316 0.032821244534644481 0.95522553150819423 0.044720930135797851 0.29247943921355751 -0.015120122123675819 0.99459795333019074 -0.1026951466154126 -0.29549207411003964 0.09367470116944622 0.95074154453193105 0.047696662511195718 0.18754415779673342 0.4409793041145823 -23.215630736917461 -0.71402728815403427 2.8146816081707744 
1 1.7274205242444082e-18 0.0030550458715596384 0.025000000000000001 1 0 0 0 1 0 0 0 1 0 0 0 0 0 0 
2 0.002554408168410439 -0.016593363752872417 0.036922003487432992 0.95867088767848119 0.015905075866445479 0.28407245146165705 -0.053230349445089323 0.99083310104454947 0.12416237663799398 -0.27949357598289548 -0.13415213168684281 0.95072948126592205 0.038417575662376809 0.27379445665207308 0.37283790198218897 -22.32143502366522 -0.9596174377211022 3.0047122370735622 
1 1.7274205242444082e-18 0.0030550458715596384 0.025000000000000001 1 0 0 0 1 0 0 0 1 0 0 0 0 0 0 
2 0.0028768507568775275 -0.013600852020517164 0.040190107115710819 0.96357187784969989 -0.011378113847349941 0.26720736281487401 -0.08089389971436646 0.93989879020984191 0.3317324843169227 -0.25492236701828458 -0.34126353846749014 0.90473962227065252 0.025771484283229503 0.31649657689307437 0.27849965366946078 -20.240566652145034 -1.1166488528604317 3.1419948865889191 
1 1.7274205242444082e-18 0.0030550458715596384 0.025000000000000001 1 0 0 0 1 0 0 0 1 0 0 0 0 0 0 
2 0.003069111534959779 -0.010428626785393016 0.042487803692716666 0.96916882283255623 -0.035009095219780198 0.24389783947638724 -0.095595396067855776 0.8588954881966947 0.50315013724135182 -0.2270975849717187 -0.51095293678307963 0.82906802090827214 0.012880686754911639 0.31011396278149411 0.18267177144008218 -17.175336457522754 -1.158878057751271 3.1784580230801827 
1 1.7274205242444082e-18 0.0030550458715596384 0.025000000000000001 1 0 0 0 1 0 0 0 1 0 0 0 0 0 0 
2 0.0031419784742738859 -0.0075366215631417878 0.043903081937005796 0.97467491078074131 -0.053994900535475697 0.21701006661147765 -0.097921120579123305 0.76938599857558398 0.63123421908225175 -0.20104793567476056 -0.63649802506529074 0.74461398835161685 0.002193484960021079 0.26251276120463746 0.10429868570992099 -13.375799020009637 -1.110642984901943 3.0766858537246109 
1 1.7274205242444082e-18 0.0030550458715596384 0.025000000000000001 1 0 0 0 1 0 0 0 1 0 0 0 0 0 0 
