1 1.7274205242444082e-18 0.0030550458715596384 0.025000000000000001 1 0 0 0 1 0 0 0 1 0 0 0 0 0 0 
2 0.0081907327770481785 -0.0056438887899015423 0.043029352972116373 0.5734949295133237 7.1108600858532374e-05 0.819209106862268 -0.67063632391484385 0.57434954545013239 0.46943532109036173 -0.47047899726607628 -0.81861016032345535 0.32943424009461175 0 0 0 0 0 0 
1 1.7274205242444082e-18 0.0030550458715596384 0.025000000000000001 1 0 0 0 1 0 0 0 1 0 0 0 0 0 0 
2 0.0081615228459548054 -0.0060798988797084348 0.042900378516324542 0.57471986694620369 0.0012162449173640582 0.81834931128805799 -0.65860078865518323 0.59424521955485443 0.46164663999532507 -0.48573869077942344 -0.80428299732401642 0.34232555337775739 -0.0059891751011303682 -0.086681438451666107 -0.026710648211509244 4.8914863845885241 -0.37112308353671591 0.10757543430514055 
1 1.7274205242444082e-18 0.0030550458715596384 0.025000000000000001 1 0 0 0 1 0 0 0 1 0 0 0 0 0 0 
2 0.0080652456502536569 -0.0073553146847195423 0.042460018193717544 0.57876240750938945 0.00497235467169893 0.81548105517108993 -0.62076104322930092 0.65118371030481526 0.43659535343670847 -0.52885707224429301 -0.75890384840417913 0.37996729598022161 -0.013680227084308104 -0.16662738338329747 -0.063871380090380264 9.6317545606779493 -0.86413601935419382 0.19132044282195004 
1 1.7274205242444082e-18 0.0030550458715596384 0.025000000000000001 1 0 0 0 1 0 0 0 1 0 0 0 0 0 0 
2 0.0078779023221229802 -0.0093609638331231815 0.041562624113375725 0.58671796356444039 0.012171701610302899 0.80969987088470374 -0.55296299308446928 0.73650143279879698 0.38961207343251619 -0.59160287314199322 -0.67632646640895921 0.43884912136736681 -0.024367797506181722 -0.23101890879838829 -0.11895377211859201 14.041200305231499 -1.5823338481185605 0.19643624273139415 
1 1.7274205242444082e-18 0.0030550458715596384 0.025000000000000001 1 0 0 0 1 0 0 0 1 0 0 0 0 0 0 
2 0.0075662738870515261 -0.011886870508504555 0.040015798452548081 0.60033130336032314 0.023763970677109392 0.79939827364296534 -0.45162844182690498 0.83499781362802683 0.314341218693026 -0.66002581520626735 -0.54973987024234683 0.51200781080685676 -0.038498478226627192 -0.26871386996385926 -0.19324151576900694 17.902829122154142 -2.5806092441456197 0.021405933369223362 
1 1.7274205242444082e-18 0.0030550458715596384 0.025000000000000001 1 0 0 0 1 0 0 0 1 0 0 0 0 0 0 
2 0.0070984255762032893 -0.014608582105069684 0.037657851059903734 0.62169003120533994 0.040215438598071029 0.78223028808546413 -0.31809891294006265 0.92557771289305713 0.20522908902494297 -0.71576154317360041 -0.37641548306893846 0.58821492451290613 -0.055303502969360839 -0.26882692930004648 -0.27910505415293779 20.964780057987753 -3.8248663568391157 -0.47025593957546752 
1 1.7274205242444082e-18 0.0030550458715596384 0.025000000000000001 1 0 0 0 1 0 0 0 1 0 0 0 0 0 0 
2 0.006457238967622396 -0.017116473725616935 0.03445173350735084 0.65252888173025791 0.0608791872372733 0.75531436042828426 -0.16253263520617739 0.98481345983235946 0.061037626313229759 -0.74012782747360262 -0.16259204745111872 0.65251408038820014 -0.072690036824609061 -0.22615933765318749 -0.3598236283163247 22.961437247352848 -5.1545011843030331 -1.3982130273150335 
1 1.7274205242444082e-18 0.0030550458715596384 0.025000000000000001 1 0 0 0 1 0 0 0 1 0 0 0 0 0 0 
2 0.0056520587877911792 -0.019005323746268041 0.030554279191838854 0.69319352781412358 0.083701462060031609 0.71587484817223679 -0.0044817458540157007 0.99371529320107055 -0.11184735138755271 -0.72073757148542639 0.074323490952213522 0.68921213841745876 -0.087669770117911536 -0.14709025680985535 -0.41437002952744767 23.665545048867017 -6.2859327148996886 -2.7740973014291037 
1 1.7274205242444082e-18 0.0030550458715596384 0.025000000000000001 1 0 0 0 1 0 0 0 1 0 0 0 0 0 0 
2 0.0047218235774190596 -0.019999159248470729 0.02631141465596307 0.74174290221472816 0.10561607534166356 0.66231617196282933 0.13199568748786988 0.9452208385914127 -0.29855435816137582 -0.65756718706051376 0.3088734545440423 0.68716998157614007 -0.097242676662392918 -0.051037191580809327 -0.4255395565758483 22.919287650492478 -6.8801679910737183 -4.415796819094842 
1 1.7274205242444082e-18 0.0030550458715596384 0.025000000000000001 1 0 0 0 1 0 0 0 1 0 0 0 0 0 0 
2 0.0037275812164842843 -0.020050539143898746 0.022174835932814448 0.7938292130040826 0.12368858607285807 0.59542952081385425 0.22705235673683033 0.84801803805504905 -0.47886598796898966 -0.56416523101088933 0.51533148633531267 0.64509770679321699 -0.10008646856791438 0.036647420961819256 -0.39356021473460345 20.895329645282608 -6.8109263523515224 -5.9508835913770319 
1 1.7274205242444082e-18 0.0030550458715596384 0.025000000000000001 1 0 0 0 1 0 0 0 1 0 0 0 0 0 0 
2 0.0027384893840464025 -0.019359638454098878 0.018553183132508103 0.84394488060924422 0.13612639661912471 0.51887054516222186 0.27311043166662718 0.72348259655460567 -0.63402178558585365 -0.46170091033949362 0.67678839870826557 0.57340189463027103 -0.09651054496896759 0.095134998737126775 -0.32661928180287986 17.73637008219044 -6.121446473756551 -7.0236557979425118 
1 1.7274205242444082e-18 0.0030550458715596384 0.025000000000000001 1 0 0 0 1 0 0 0 1 0 0 0 0 0 0 
2 0.0018135322348825588 -0.018279529095059768 0.015700484028848945 0.88748973360806871 0.14270031422442908 0.43817644055851324 0.27584216518841553 0.59718594657669366 -0.75317995533303006 -0.36915182871610697 0.78930701601566133 0.49063363299309859 -0.08802396962597786 0.11477612782731825 -0.24256490863933744 13.783439532866147 -5.1087385456054175 -7.4182252508337463 
1 1.7274205242444082e-18 0.0030550458715596384 0.025000000000000001 1 0 0 0 1 0 0 0 1 0 0 0 0 0 0 
2 0.00098959742739270829 -0.017184755959731464 0.013699382526105693 0.92224752475490201 0.14429124871922702 0.35866354515966997 0.24808598290985928 0.49063955269674708 -0.83530005052866174 -0.29650100871178403 0.85933280216257435 0.41669447675762689 -0.076857637879671772 0.099089613737557591 -0.1574832767724138 9.407749518285069 -4.1591198010961508 -7.2104224952977818 
1 1.7274205242444082e-18 0.0030550458715596384 0.025000000000000001 1 0 0 0 1 0 0 0 1 0 0 0 0 0 0 
2 0.0002784978226058355 -0.016376293331558208 0.012519157596159319 0.94836878947175673 0.14206476096970591 0.28357405178629291 0.20230300178418223 0.41764546009589948 -0.88580232847424467 -0.24427471139064721 0.89743516387085298 0.36734179182759918 -0.065434792007348599 0.058906151474339363 -0.07896734911392915 4.877866502488839 -3.5347119128748501 -6.6876838807810808 
1 1.7274205242444082e-18 0.0030550458715596384 0.025000000000000001 1 0 0 0 1 0 0 0 1 0 0 0 0 0 0 
2 -0.00032687003643138183 -0.01604409519238182 0.012096753139777948 0.96724586790966427 0.13690835623857694 0.21375577887797836 0.14682838706128887 0.38516414756646145 -0.91109275278776169 -0.20706727352399418 0.91263611665408695 0.35244639707888537 -0.055527995804554246 0.0058637229177126576 -0.0059996663151969422 0.30222801694039203 -3.2876240675948218 -6.1019413689442494 
1 1.7274205242444082e-18 0.0030550458715596384 0.025000000000000001 1 0 0 0 1 0 0 0 1 0 0 0 0 0 0 
2 -0.00084069307115036576 -0.016265179445700485 0.012400758342193771 0.98038124773136859 0.12933860687211077 0.1487418363106574 0.086517811562731639 0.39567035804921047 -0.9143082828256589 -0.17710809518223747 0.90923951329316477 0.37671770609745486 -0.047119988352877555 -0.049502756062912726 0.067030577801657651 -4.2963624727645362 -3.3498325341426631 -5.4908397285484636 
1 1.7274205242444082e-18 0.0030550458715596384 0.025000000000000001 1 0 0 0 1 0 0 0 1 0 0 0 0 0 0 
2 -0.0012700214820663964 -0.017006707059549559 0.013460495925755406 0.98891226949777833 0.11952046388684684 0.088132751852115068 0.025422883683206603 0.448461764970432 -0.89344038544540583 -0.14630857877097878 0.88577474793080324 0.44045078692873096 -0.03863478710755254 -0.096084405867009864 0.14584941245224667 -8.8503207806403008 -3.6504068758760377 -4.7490425758454009 
1 1.7274205242444082e-18 0.0030550458715596384 0.025000000000000001 1 0 0 0 1 0 0 0 1 0 0 0 0 0 0 
2 -0.0016068270228742324 -0.018116808759812322 0.015345890131700755 0.99375555265447424 0.10694608609275709 0.031818803211954738 -0.031026597582773385 0.53877917759771454 -0.84187549437524734 -0.10717859772751812 0.83563121797630979 0.53873297256859254 -0.028586337478773885 -0.12117165789431414 0.23208091814173576 -13.181391011784751 -4.1560633442463608 -3.7926776497204338 
1 1.7274205242444082e-18 0.0030550458715596384 0.025000000000000001 1 0 0 0 1 0 0 0 1 0 0 0 0 0 0 
2 -0.0018351709616146682 -0.019317689430523224 0.018110739480310355 0.99569085149580594 0.090352727572528616 -0.020883315535649635 -0.075276429021976288 0.65596313628404046 -0.75102984166416764 -0.054158909527947871 0.74936556396501819 0.65993792440057097 -0.017004913429799581 -0.11268075782922993 0.32033300123365804 -17.042760943077692 -4.8243394685963912 -2.6006174672972011 
1 1.7274205242444082e-18 0.0030550458715596384 0.025000000000000001 1 0 0 0 1 0 0 0 1 0 0 0 0 0 0 
2 -0.0019466232062435758 -0.020234328424507012 0.02171604795961201 0.99508413632764126 0.068314019057861428 -0.071699068538122412 -0.098022528277182178 0.78258029034525334 -0.61478424923975417 0.014111894955010446 0.61879017765580391 0.78542954519006836 -0.0054717380020340052 -0.064053595393537888 0.39754801339687923 -20.179365666722919 -5.529425692652346 -1.1681684470466203 
1 1.7274205242444082e-18 0.0030550458715596384 0.025000000000000001 1 0 0 0 1 0 0 0 1 0 0 0 0 0 0 
2 -0.0019516009098087526 -0.020475881183313796 0.025964147427376624 0.99161927862997012 0.040214523880924752 -0.1227762123475391 -0.090157236185819611 0.89606723898452179 -0.4346667412880702 0.092535825563463875 0.44209308441513345 0.89218317945341341 0.0039409149670255762 0.020578067216307463 0.44598598612122303 -22.354796377199786 -6.0423435009307394 0.47630014583056712 
1 1.7274205242444082e-18 0.0030550458715596384 0.025000000000000001 1 0 0 0 1 0 0 0 1 0 0 0 0 0 0 
2 -0.0018799076812313043 -0.019758083365564932 0.030484811169893967 0.98444841220389667 0.0069194708556942772 -0.17553758751989307 -0.046651463334743147 0.9736441075157668 -0.22325051594241171 0.16936636229769486 0.22796770127126145 0.95882519913649689 0.0096634692886548024 0.12408497455954472 0.45033758400655233 -23.370768065076085 -6.1155054839681116 2.1865191878245747 
1 1.7274205242444082e-18 0.0030550458715596384 0.025000000000000001 1 0 0 0 1 0 0 0 1 0 0 0 0 0 0 
2 -0.0017726885612989666 -0.018019936243586516 0.034805007014412505 0.97278340597295887 -0.029219641201668187 -0.22986660834426423 0.02936691659770475 0.99956483022608089 -0.0027810761675136101 0.22984783939204878 -0.0040450887693391571 0.97321817080429351 0.011114898855814211 0.21966054347600902 0.40552781911441987 -23.073340551916687 -5.6037773380830114 3.6671954113679108 
1 1.7274205242444082e-18 0.0030550458715596384 0.025000000000000001 1 0 0 0 1 0 0 0 1 0 0 0 0 0 0 
2 -0.0016707542943648558 -0.015468287005132095 0.038488094527735758 0.9566174966277603 -0.064964029111779287 -0.2840116900185638 0.12581361524599785 0.97135719614006089 0.20158405622878872 0.26278108639011466 -0.22857137272301475 0.93739064866636457 0.0086154081440070179 0.28255120942553985 0.32535835491570531 -21.54811807132792 -4.6694441832728275 4.6248471155116482 
1 1.7274205242444082e-18 0.0030550458715596384 0.025000000000000001 1 0 0 0 1 0 0 0 1 0 0 0 0 0 0 
2 -0.0016041351147173392 -0.012512310810443213 0.041273890219961987 0.93710936907654707 -0.097131578537686031 -0.33524839573029025 0.22591131049062013 0.90096238713361287 0.37044683392210603 0.26606410915673423 -0.42288560323245711 0.86624341636595092 0.0040231678444097307 0.2994862403616933 0.23111258760264272 -18.913422897372008 -3.5408320997828882 4.9186527762984804 
1 1.7274205242444082e-18 0.0030550458715596384 0.025000000000000001 1 0 0 0 1 0 0 0 1 0 0 0 0 0 0 
2 -0.0015861560852201183 -0.0096194250782467069 0.04313601980278424 0.91631806485175049 -0.12350908898327424 -0.38092874525935266 0.31502494711713092 0.80959631454579339 0.49529091468319658 0.24722557861231104 -0.57384607031188273 0.78075617248115148 -0.00084941497728371895 0.2721354742277779 0.14466136108035227 -15.420152723574091 -2.4988004538267434 4.614142209213365 
1 1.7274205242444082e-18 0.0030550458715596384 0.025000000000000001 1 0 0 0 1 0 0 0 1 0 0 0 0 0 0 
2 -0.0016142463661508529 -0.0071804147066136395 0.04423064061856978 0.89645631333774745 -0.14328048782356401 -0.41932896404366804 0.38519472371872399 0.71976830022878191 0.57754533917695672 0.21906871774890685 -0.67926746999603294 0.70043172480195259 -0.0047567599861388999 0.21203789862139938 0.078950761643586664 -11.352740734140561 -1.7107907193039205 3.9161565826606366 
1 1.7274205242444082e-18 0.0030550458715596384 0.025000000000000001 1 0 0 0 1 0 0 0 1 0 0 0 0 0 0 
2 -0.0016755217743914285 -0.005450634268602008 0.044786182510674503 0.87926563343542008 -0.15679450122303781 -0.44978598271358822 0.43491809068584386 0.6493682683195704 0.62383259492737497 0.19426322414082786 -0.74413462255552998 0.63915996687883181 -0.007146639670917841 0.13259240777568321 0.035907721568451893 -6.950951213021499 -1.1928754212552477 3.0236150096829162 
1 1.7274205242444082e-18 0.0030550458715596384 0.025000000000000001 1 0 0 0 1 0 0 0 1 0 0 0 0 0 0 
2 -0.0017535249750004168 -0.0045653974728258268 0.045002652532042338 0.86594394831062371 -0.16489895576065458 -0.47217519288210535 0.46576542132987281 0.60984507322297588 0.64121100969888944 0.18221868915567849 -0.77517567109314567 0.6048958821712026 -0.0080530317349934259 0.043985464789230509 0.0092548705057184707 -2.3734136945031552 -0.86590955139496317 2.0363960084566122 
1 1.7274205242444082e-18 0.0030550458715596384 0.025000000000000001 1 0 0 0 1 0 0 0 1 0 0 0 0 0 0 
2 -0.0018350607454681576 -0.0045811671739872644 0.044991592048510345 0.85741360394619115 -0.16824520097616136 -0.48634911752412491 0.47888482815494993 0.6068962740701227 0.63430768076920419 0.18844424409094607 -0.77676924814792558 0.60093119572934339 -0.0080953861482846445 -0.047239503997563818 -0.011624751398817575 2.2747125419576468 -0.62713869392486687 0.97197824076966899 
1 1.7274205242444082e-18 0.0030550458715596384 0.025000000000000001 1 0 0 0 1 0 0 0 1 0 0 0 0 0 0 
2 -0.0019167428819358168 -0.0054994379472547879 0.044750771317076776 0.8544152469341606 -0.16688219958466224 -0.49206190389850596 0.47317084367253309 0.64117010019315712 0.60416078598045431 0.21467169935662406 -0.74903353334819534 0.62678930065473937 -0.0084168759076824542 -0.13567035416701287 -0.038623128039190144 6.8842609987459396 -0.38149673286051627 -0.16035125724998095 
1 1.7274205242444082e-18 0.0030550458715596384 0.025000000000000001 1 0 0 0 1 0 0 0 1 0 0 0 0 0 0 
2 -0.0020081581125229318 -0.0072597774678824049 0.044164462588158857 0.85726956841087432 -0.16026301614929742 -0.4892899475069597 0.44526693402036754 0.70791287238853451 0.54826701758788687 0.25850772627667246 -0.68787726431489538 0.67823198442267563 -0.010233804740381958 -0.21404474672929294 -0.082181372582848133 11.305505937816394 -0.038950471986324731 -1.3065249562598089 
1 1.7274205242444082e-18 0.0030550458715596384 0.025000000000000001 1 0 0 0 1 0 0 0 1 0 0 0 0 0 0 
2 -0.0021283511225456356 -0.0097112570501950383 0.043032848447739566 0.86559379497978084 -0.14759160837024932 -0.47850193231708482 0.39105721155234774 0.79609084251729667 0.46185888294261801 0.31276451107087483 -0.58690381460575258 0.74680805634099379 -0.014137651932432493 -0.27173874903888912 -0.14803578629137887 15.347851460865215 0.48549189802818388 -2.3568474047491019 
1 1.7274205242444082e-18 0.0030550458715596384 0.025000000000000001 1 0 0 0 1 0 0 0 1 0 0 0 0 0 0 
2 -0.0022966194275744764 -0.01258349432743917 0.04113715903539826 0.87824188257665425 -0.12833906759897928 -0.46067372338352325 0.30840567025005561 0.88822497762678865 0.34050305678144038 0.36548206282364698 -0.44111843403752177 0.81965687266468779 -0.019639972644890612 -0.29604396186764642 -0.23366625352375675 18.795532245219079 1.2427089559855895 -3.1542177928547561 
1 1.7274205242444082e-18 0.0030550458715596384 0.025000000000000001 1 0 0 0 1 0 0 0 1 0 0 0 0 0 0 
2 -0.0025217483177839462 -0.015486649528680535 0.038335240784714335 0.89348327644641423 -0.10277848996457865 -0.43717755741938724 0.20053029119120319 0.96233077759741037 0.18359487139769118 0.4018398151320397 -0.25170629012673584 0.88043665671374893 -0.025188580095735782 -0.27678051105620105 -0.32620135132030598 21.421561882861976 2.1965962297397672 -3.5179290008867636 
1 1.7274205242444082e-18 0.0030550458715596384 0.025000000000000001 1 0 0 0 1 0 0 0 1 0 0 0 0 0 0 
2 -0.0027934035825578126 -0.017969464641926093 0.034659437947800742 0.90937393905770025 -0.072383186575277966 -0.40963363297450373 0.078258541002107246 0.99693014010328107 -0.0024282738465493314 0.40855188131117864 -0.029849121509029995 0.91224689104553036 -0.028593843750356771 -0.21300035160118622 -0.40449705131187375 23.00599914826423 3.187773115155089 -3.3049674459609242 
1 1.7274205242444082e-18 0.0030550458715596384 0.025000000000000001 1 0 0 0 1 0 0 0 1 0 0 0 0 0 0 
2 -0.0030795185074370271 -0.019639453811973392 0.030365369464215586 0.92426854640416112 -0.039833077170496306 -0.37965903135717516 -0.041238932783456632 0.97830237075564019 -0.20303650360655762 0.37950889917210212 0.20331698733018702 0.90257143657006778 -0.027868459750244018 -0.11769841115122763 -0.44682474183440557 23.372170061950801 3.9652272602264311 -2.5024081767075304 
1 1.7274205242444082e-18 0.0030550458715596384 0.025000000000000001 1 0 0 0 1 0 0 0 1 0 0 0 0 0 0 
2 -0.003333758449071445 -0.02029889542927784 0.025885180299778435 0.93725186035019414 -0.0084237280321745357 -0.34855127467295266 -0.13999439111470946 0.90648633852520732 -0.3983517145985252 0.31931257527150708 0.42215110905125319 0.84842673248800637 -0.022287940213369023 -0.015542349597201854 -0.44117259891418936 22.439016151254986 4.3014304867096929 -1.2855092520758093 
1 1.7274205242444082e-18 0.0030550458715596384 0.025000000000000001 1 0 0 0 1 0 0 0 1 0 0 0 0 0 0 
2 -0.0035119342918782065 -0.020016390524861441 0.021693042933362324 0.94820507142416832 0.018952880528695624 -0.31709293723631382 -0.20627037572611148 0.79587467939886347 -0.56924162425947478 0.24157747126604473 0.60516467429239562 0.75856182501183256 -0.012940949892822934 0.066968425209975604 -0.39118071460881049 20.268271787738506 4.1295249261821381 0.036063786666502895 
1 1.7274205242444082e-18 0.0030550458715596384 0.025000000000000001 1 0 0 0 1 0 0 0 1 0 0 0 0 0 0 
2 -0.003587860868597401 -0.019085337283565162 0.018157408468023835 0.95749996473027821 0.040692999188944756 -0.28554841508669671 -0.23827374474620555 0.66948718619888981 -0.70357126865735009 0.16254057987510681 0.74170815509370092 0.65073003047451439 -0.0021206742195894633 0.11264778396330941 -0.31290101319514985 17.07316458335778 3.591151585469655 1.1769757489469681 
1 1.7274205242444082e-18 0.0030550458715596384 0.025000000000000001 1 0 0 0 1 0 0 0 1 0 0 0 0 0 0 
2 -0.0035578617137770382 -0.01789992415056 0.015464767386276539 0.96561715866566089 0.05671156962406896 -0.25370711610286034 -0.24222158934998161 0.55066018322843191 -0.79881290942222427 0.094404473110254572 0.83280079279357333 0.54546368804822476 0.0081006165677053286 0.11829837434620158 -0.22507475818297928 13.161938040279233 2.9423957448989828 2.0204805949574505 
1 1.7274205242444082e-18 0.0030550458715596384 0.025000000000000001 1 0 0 0 1 0 0 0 1 0 0 0 0 0 0 
2 -0.0034322172055533595 -0.016828887077145537 0.013640880535670748 0.97292921961520296 0.067965015089290121 -0.22088343157164306 -0.22715269865513824 0.45720596111056022 -0.85986298944579342 0.042548620572706246 0.88676009486719776 0.4602674755383856 0.01696078095023985 0.091260616259480315 -0.14040324268212406 8.8319724588002639 2.3972942580659429 2.6260167921524822 
1 1.7274205242444082e-18 0.0030550458715596384 0.025000000000000001 1 0 0 0 1 0 0 0 1 0 0 0 0 0 0 
2 -0.0032221231727851901 -0.016143846403956413 0.012629781187783842 0.97962396653085859 0.07564635740349003 -0.186049758962302 -0.200725877869913 0.40004883021653298 -0.89424272733734667 0.0067827834773042245 0.91336660879077847 0.40708160336022675 0.024966439217957756 0.042948315552382599 -0.062636129204588706 4.2853690629885257 2.0431171092253457 3.1116156817078622 
1 1.7274205242444082e-18 0.0030550458715596384 0.025000000000000001 1 0 0 0 1 0 0 0 1 0 0 0 0 0 0 
2 -0.0029317424625264375 -0.016000387223865979 0.012374272564830863 0.98566787182164317 0.080519337541243588 -0.14824129903812935 -0.16793083729361732 0.38463986145528545 -0.90766260849807145 -0.01606487922324424 0.91954815711934201 0.39264883343003132 0.03304502460545896 -0.015033601966796643 0.011334900498343296 -0.36793033819042864 1.8707623907754121 3.5411196044918949 
1 1.7274205242444082e-18 0.0030550458715596384 0.025000000000000001 1 0 0 0 1 0 0 0 1 0 0 0 0 0 0 
2 -0.0025576166274591757 -0.016438024045539661 0.012865051721081065 0.99081901442626896 0.08265231661021108 -0.10698726658029295 -0.13173780488876449 0.41243712125508242 -0.9014104346932702 -0.03037814040469005 0.90722886614667753 0.41953897675396867 0.041824198181300246 -0.071100705588938079 0.087484687806908726 -5.0361893919808631 1.848490614804041 3.9090497076038031 
1 1.7274205242444082e-18 0.0030550458715596384 0.025000000000000001 1 0 0 0 1 0 0 0 1 0 0 0 0 0 0 
2 -0.0020918071276221357 -0.017375298269619074 0.014149607136398994 0.99471378346717398 0.081522210282986424 -0.062438915837773695 -0.094137458197103396 0.48105610863835602 -0.87162099521862746 -0.041019848178761642 0.87289125873289541 0.48618743554630511 0.051476938049044303 -0.11272569755154738 0.17056752800354169 -9.5826285246753304 1.9603861799778033 4.1871315436405538 
1 1.7274205242444082e-18 0.0030550458715596384 0.025000000000000001 1 0 0 0 1 0 0 0 1 0 0 0 0 0 0 
2 -0.0015261001824960969 -0.018601597361092872 0.016301463853932274 0.9969683222909772 0.076293426542554374 -0.015279967758802799 -0.057052269007184839 0.58325015007753878 -0.81028655489009582 -0.052907494265425299 0.80870178403471105 0.58583463669335023 0.061735408894285686 -0.12685911235551162 0.26038017605165809 -13.819788531191868 2.1978331097663748 4.3468267887167089 
1 1.7274205242444082e-18 0.0030550458715596384 0.025000000000000001 1 0 0 0 1 0 0 0 1 0 0 0 0 0 0 
2 -0.00085832841054621931 -0.019784315920612423 0.01935544944986977 0.99725553872050421 0.066152844148107001 0.033244423628529793 -0.023206789715302309 0.70570434421912398 -0.70812627649407689 -0.070305301381806365 0.70541135499889163 0.70530276111485701 0.07161247682085907 -0.10274283272354831 0.34902297951198263 -17.533351716569925 2.5315914203386507 4.3422725651654686 
1 1.7274205242444082e-18 0.0030550458715596384 0.025000000000000001 1 0 0 0 1 0 0 0 1 0 0 0 0 0 0 
2 -0.00010168656537919943 -0.020514898556877444 0.023226493598592867 0.99540729921154403 0.050745036176884153 0.081174195282653891 0.0033378360813951097 0.82903276395050585 -0.55919007067979887 -0.095672187843037493 0.55689282415918362 0.82505588590915169 0.079117833615323929 -0.036842177390217681 0.42076396822611267 -20.495661948581613 2.8906729277171785 4.1068616817763015 
1 1.7274205242444082e-18 0.0030550458715596384 0.025000000000000001 1 0 0 0 1 0 0 0 1 0 0 0 0 0 0 
2 0.00070714771219524547 -0.02040814250478605 0.027649020771089067 0.99156145113715533 0.030687951948428709 0.12595292066478542 0.017689307685653383 0.93046161675409511 -0.36596211298569958 -0.12842498593490709 0.36510194378086591 0.92206702231185578 0.081720259973577056 0.062017890890154873 0.45649350079610485 -22.474789795468304 3.1662596508182705 3.5932896738525311 
1 1.7274205242444082e-18 0.0030550458715596384 0.025000000000000001 1 0 0 0 1 0 0 0 1 0 0 0 0 0 0 
2 0.0015092902083236645 -0.019237231030377607 0.032186484962906645 0.98624821690598707 0.0078640510238624332 0.16508364955759594 0.015925590667517718 0.98969701000563615 -0.14228915611456189 -0.16450176355179821 0.14296148113179852 0.97596167173765103 0.077689912676370418 0.17149271625055179 0.44278325440624144 -23.266541610366996 3.246794271905562 2.8250150510811771 
1 1.7274205242444082e-18 0.0030550458715596384 0.025000000000000001 1 0 0 0 1 0 0 0 1 0 0 0 0 0 0 
2 0.0022386596349764235 -0.017042017082381036 0.036337358168409786 0.98027916165202 -0.014896310657493608 0.1970554875145788 -0.0026838435966442115 0.9960594222003657 0.088647754790646877 -0.19759949952963349 -0.087428412856858775 0.97637631598219798 0.067394544867657183 0.26235559810644976 0.38092052183146763 -22.752037922136349 3.0713690597854373 1.9105381331842182 
1 1.7274205242444082e-18 0.0030550458715596384 0.025000000000000001 1 0 0 0 1 0 0 0 1 0 0 0 0 0 0 
2 0.0028443626546020011 -0.014136055030127709 0.039698678798947146 0.97444353208212287 -0.034728897847764555 0.2219317607680257 -0.034699189751943506 0.95284697208023583 0.30146080015166948 -0.22193640758982128 -0.30145737916296844 0.92729050439132554 0.05340292974059957 0.31100729465005894 0.28856226737021645 -20.954183893433935 2.67032825810709 1.0007074182890749 
1 1.7274205242444082e-18 0.0030550458715596384 0.025000000000000001 1 0 0 0 1 0 0 0 1 0 0 0 0 0 0 
2 0.0033068946188672273 -0.010994508622956724 0.042092731940353498 0.96919687322013692 -0.049710920069189847 0.24121825255602952 -0.073792232563014926 0.87581034969738514 0.47698106647571437 -0.23497260979457957 -0.48008859160452722 0.8451643726858733 0.039218233332150673 0.30941402882502755 0.19126045239437306 -18.055999267262099 2.1575374056078065 0.21297048114361472 
1 1.7274205242444082e-18 0.0030550458715596384 0.025000000000000001 1 0 0 0 1 0 0 0 1 0 0 0 0 0 0 
2 0.0036389432339966801 -0.0080909619577508307 0.043581874135965898 0.96453871402110114 -0.05927847640349173 0.25719862244926789 -0.11348127196050625 0.78665076527013977 0.60687937385787716 -0.23830037781914237 -0.61454587764884083 0.75202812061522661 0.027614488146631259 0.26515616462801317 0.10996864891639399 -14.353443215702384 1.669660042783645 -0.42100972030018391 
1 1.7274205242444082e-18 0.0030550458715596384 0.025000000000000001 1 0 0 0 1 0 0 0 1 0 0 0 0 0 0 
2 0.0038728119392242573 -0.0057805938983519212 0.044380132988383537 0.9601115126694596 -0.063929251365277204 0.27221119385403175 -0.14932771026257269 0.70583524247087115 0.69245782935412292 -0.23640456464987974 -0.70548540828706141 0.66813413361894558 0.019682388319951442 0.19305213942405969 0.053664351832387706 -10.153325422125974 1.296838782008789 -0.94216058257182633 
1 1.7274205242444082e-18 0.0030550458715596384 0.025000000000000001 1 0 0 0 1 0 0 0 1 0 0 0 0 0 0 
2 0.004043516668423815 -0.0042738848840202038 0.044732963493281187 0.95541122826594271 -0.064567186250022904 0.28813271831417853 -0.17929724264724689 0.64845404858443501 0.73983771575498203 -0.23461006730841108 -0.75851066263712474 0.60796356057195788 0.014882656032132208 0.10634898623861071 0.020036442937081941 -5.6792668938844377 1.0580146301077047 -1.402216972826368 
1 1.7274205242444082e-18 0.0030550458715596384 0.025000000000000001 1 0 0 0 1 0 0 0 1 0 0 0 0 0 0 
2 0.0041755105256534074 -0.0036723528550484047 0.044826298994387934 0.94999553784769764 -0.061941863648859598 0.306058300977395 -0.20261398437760614 0.62351717414501684 0.75509860738902435 -0.23760482192938509 -0.77935199946745426 0.579788245415502 0.01169301429836277 0.013351963972562516 5.2928550257084518e-05 -1.0560960902681309 0.92573047087375182 -1.8142318800886474 
1 1.7274205242444082e-18 0.0030550458715596384 0.025000000000000001 1 0 0 0 1 0 0 0 1 0 0 0 0 0 0 
2 0.0042762420894967975 -0.0040114201331341668 0.04473887967587746 0.9436354665585116 -0.056376280269800155 0.32614999812331902 -0.21829638424187017 0.63468712352991663 0.74129544977171291 -0.24879468418723472 -0.77071004291384537 0.58660654179092897 0.0083242548834276051 -0.080791122037454574 -0.018193862463953714 3.6268317964254977 0.85920852678163073 -2.1540271839975276 
1 1.7274205242444082e-18 0.0030550458715596384 0.025000000000000001 1 0 0 0 1 0 0 0 1 0 0 0 0 0 0 
2 0.0043358417626879493 -0.0052755573166912472 0.044426007534164307 0.93640090213061689 -0.047731423955809683 0.34767090999408856 -0.22427836902660267 0.68058489406657552 0.69749796785019746 -0.2699121406601302 -0.73111279098066595 0.62659518286428539 0.0032012189314267353 -0.17055690601600632 -0.047001541218715984 8.246028691114704 0.81446687301274046 -2.3933408820229958 
1 1.7274205242444082e-18 0.0030550458715596384 0.025000000000000001 1 0 0 0 1 0 0 0 1 0 0 0 0 0 0 
2 0.004330573237184024 -0.0073808899201680076 0.043728833244887744 0.92870070957810502 -0.035519870848212412 0.36912508828857821 -0.21740342873890187 0.75424589924100871 0.61955538303745805 -0.30041761133744072 -0.65563058367730864 0.69274656011073632 -0.0047977049280762173 -0.24738485492484028 -0.096339932247024446 12.624447717159381 0.73850420485662704 -2.5244870723586286 
1 1.7274205242444082e-18 0.0030550458715596384 0.025000000000000001 1 0 0 0 1 0 0 0 1 0 0 0 0 0 0 
2 0.0042287003524654762 -0.010139620102855913 0.042415682857658343 0.92130278305693292 -0.019166984886727269 0.38837328515476177 -0.19429521066640645 0.84247057630264865 0.50248651641251008 -0.33682421683074787 -0.53840129527577751 0.77244643322480189 -0.01609182722958661 -0.29907140953187139 -0.17016508316107493 16.547273363041377 0.5700008014085024 -2.5661771645015712 
1 1.7274205242444082e-18 0.0030550458715596384 0.025000000000000001 1 0 0 0 1 0 0 0 1 0 0 0 0 0 0 
2 0.0039997363379728826 -0.013232064634340616 0.040261558084990934 0.91530015245822005 0.0015513561581403331 0.40276944298696471 -0.15303453949293341 0.92633849395464274 0.34420549725422767 -0.37256685390966415 -0.3766889803430874 0.84811517581985307 -0.030044114541614757 -0.31178011967063607 -0.26272916979158478 19.769842925506559 0.25559161567824096 -2.5650881607960923 
1 1.7274205242444082e-18 0.0030550458715596384 0.025000000000000001 1 0 0 0 1 0 0 0 1 0 0 0 0 0 0 
2 0.0036275547200464529 -0.016220292471243694 0.0371551328007576 0.9119179090556806 0.02599458661709133 0.40954854243437627 -0.095191371911389017 0.98417030691097518 0.14949050039512457 -0.3991795709416292 -0.17530855216264737 0.89995698879529418 -0.044335692165700595 -0.27706528415337472 -0.35678241407003969 22.042023261098485 -0.19440938278634157 -2.5889934151826965 
1 1.7274205242444082e-18 0.0030550458715596384 0.025000000000000001 1 0 0 0 1 0 0 0 1 0 0 0 0 0 0 
2 0.0031230657633291199 -0.018630485882781267 0.033194732061305417 0.9121099166078287 0.052374552967892785 0.40658628386490503 -0.027026476589814948 0.99732995729253116 -0.0678419180891736 -0.40905387125511961 0.050890691568216559 0.91109004380626879 -0.055888978405821146 -0.19790362709948964 -0.4287465468392373 23.141202926911575 -0.69951804287868402 -2.6948376531207572 
1 1.7274205242444082e-18 0.0030550458715596384 0.025000000000000001 1 0 0 0 1 0 0 0 1 0 0 0 0 0 0 
2 0.0025283536425745072 -0.020094841467869488 0.028713895031167273 0.91608795273417309 0.078036323121709258 0.39331055812036841 0.041552136160158543 0.95712367722524083 -0.28668394875779307 -0.39881860893874943 0.27897060556352071 0.87356689405888288 -0.061902484517297338 -0.092533770467830123 -0.4577680664160208 22.933527289905513 -1.1246370207504919 -2.8751869701624218 
1 1.7274205242444082e-18 0.0030550458715596384 0.025000000000000001 1 0 0 0 1 0 0 0 1 0 0 0 0 0 0 
2 0.0019066878653895003 -0.02048623822491287 0.024197777339535959 0.92310506734858133 0.10030908100862623 0.37123459281507692 0.1004476245596905 0.86896647260098536 -0.48456944209856706 -0.37119713004775046 0.4845981404861206 0.79207154530490964 -0.061191395687474621 0.011099038264438702 -0.43625927889333116 21.42443499512483 -1.3480543089064327 -3.0403866012576244 
1 1.7274205242444082e-18 0.0030550458715596384 0.025000000000000001 1 0 0 0 1 0 0 0 1 0 0 0 0 0 0 
2 0.0013227870293028834 -0.019960277847845636 0.020122844251568604 0.93170920734054485 0.117450443528255 0.34369077129284359 0.14329081363922674 0.75065443460342873 -0.64496950512161044 -0.33374495604197807 0.65017175663452409 0.68256207863557372 -0.054641403063126981 0.087237919823540594 -0.37311349239371905 18.774427296111675 -1.3335128255834539 -3.0616649312496098 
1 1.7274205242444082e-18 0.0030550458715596384 0.025000000000000001 1 0 0 0 1 0 0 0 1 0 0 0 0 0 0 
2 0.0008247024277984853 -0.018875038673949417 0.016813933896259108 0.94033493035079385 0.12908404992682462 0.31481347940750071 0.16912908615427452 0.62551220504038341 -0.76166254572621428 -0.29523815976053613 0.76946201296750605 0.56635910835900383 -0.044495998973134804 0.12246052067363938 -0.28727635093970239 15.25931899481613 -1.1462688199993121 -2.851923382458081 
1 1.7274205242444082e-18 0.0030550458715596384 0.025000000000000001 1 0 0 0 1 0 0 0 1 0 0 0 0 0 0 
2 0.00043638247689538497 -0.017646644858694563 0.0143982369365287 0.94783828571835915 0.13593518982658143 0.28831269186994446 0.18105050554167712 0.51484062439165912 -0.83794978723018343 -0.26234194969464075 0.84644004846345611 0.46337452000255341 -0.033113930241579576 0.11754874621161909 -0.19705090357562982 11.182540697489923 -0.89867808733341437 -2.4147818812580413 
1 1.7274205242444082e-18 0.0030550458715596384 0.025000000000000001 1 0 0 0 1 0 0 0 1 0 0 0 0 0 0 
2 0.00016146020677447828 -0.016629952538056204 0.012857477374550888 0.95367402256057321 0.13919834152072488 0.26670148183130671 0.18339178209843457 0.43376281635863778 -0.88216623909747471 -0.2384812633141134 0.89020988584855787 0.38814049799731304 -0.022058406038900132 0.082196628583671133 -0.11275988749705722 6.7871433765945275 -0.67749966097736636 -1.8210493278482307 
1 1.7274205242444082e-18 0.0030550458715596384 0.025000000000000001 1 0 0 0 1 0 0 0 1 0 0 0 0 0 0 
2 -7.0291258275994011e-06 -0.016066132867205523 0.012119482647112122 0.95774251052529402 0.13998034369702814 0.25126636645434419 0.17966063222883999 0.39105449066107872 -0.90266186501975243 -0.22461375906172892 0.90966031501449274 0.34938055258971334 -0.011834182149971173 0.02870435596493065 -0.035709476348283864 2.2247063125450626 -0.51205062040265337 -1.1477241113876451 
1 1.7274205242444082e-18 0.0030550458715596384 0.025000000000000001 1 0 0 0 1 0 0 0 1 0 0 0 0 0 0 
2 -7.6502976341404527e-05 -0.016076476388644918 0.012133080290396326 0.96014908610477268 0.13896536770840229 0.24249197724839971 0.17184338200644705 0.39072115994318168 -0.90432672593108787 -0.22041684262495953 0.90995912092265074 0.35127028587246129 -0.002094987563300817 -0.030923093891203901 0.038684200939088115 -2.4065461702481081 -0.39148929830544998 -0.44405523658326784 
1 1.7274205242444082e-18 0.0030550458715596384 0.025000000000000001 1 0 0 0 1 0 0 0 1 0 0 0 0 0 0 
2 -4.8150315887588824e-05 -0.01666409225121987 0.012903985837785925 0.96107362965203391 0.13621775379822554 0.24037928766354044 0.160477375272603 0.43300819651931799 -0.8869898047738225 -0.22490996068000468 0.89103794829246941 0.39429289150283331 0.0078911012912547488 -0.084680685634227149 0.11663883226235115 -6.9994721427577193 -0.29847118973206743 0.25674495567978683 
1 1.7274205242444082e-18 0.0030550458715596384 0.025000000000000001 1 0 0 0 1 0 0 0 1 0 0 0 0 0 0 
2 8.3739526083728005e-05 -0.017707388996434033 0.014490367896729348 0.96077882603178766 0.13110593698641601 0.24436710240106754 0.14488404713597053 0.51405034142967176 -0.84543530761468655 -0.23645858058967067 0.84768123711861876 0.4748935248058942 0.01862991513536514 -0.11976550903826592 0.20194626514743544 -11.403097080918403 -0.23039139703631684 0.91529397713923732 
1 1.7274205242444082e-18 0.0030550458715596384 0.025000000000000001 1 0 0 0 1 0 0 0 1 0 0 0 0 0 0 
2 0.00032610753482092302 -0.018954831815629729 0.01696088039461522 0.95967429980762153 0.12245873065963828 0.2530397154084344 0.12359478309837227 0.62466448229908567 -0.77105033178443128 -0.25248676773173206 0.77123157601283754 0.58433918941068552 0.02982790840824065 -0.12350610589923594 0.29242257740166533 -15.423823438271402 -0.20296639788190141 1.4875441264642573 
1 1.7274205242444082e-18 0.0030550458715596384 0.025000000000000001 1 0 0 0 1 0 0 0 1 0 0 0 0 0 0 
2 0.00067752582346750523 -0.020042169376426919 0.020322536821195954 0.95834929544851688 0.10901202141515222 0.26397539108847573 0.09523577633682577 0.74940617927483399 -0.65522555305041119 -0.26925225127908109 0.65307484842985464 0.70781103942328338 0.040136299326856785 -0.086802112567867948 0.37772074256237598 -18.838468823146332 -0.24240257802249388 1.9460649916252781 
1 1.7274205242444082e-18 0.0030550458715596384 0.025000000000000001 1 0 0 0 1 0 0 0 1 0 0 0 0 0 0 
2 0.0011187058122549027 -0.020553910538683634 0.024440532598103273 0.95752457822249148 0.090037262354353803 0.27393425030027385 0.059795416290605613 0.86734957903028864 -0.49409433911613915 -0.28208365831872112 0.48948748619726162 0.82512472424828764 0.047400073059100573 -0.0094278574359109371 0.44039431668066187 -21.406317836247975 -0.37016688627258754 2.2960369701622909 
1 1.7274205242444082e-18 0.0030550458715596384 0.025000000000000001 1 0 0 0 1 0 0 0 1 0 0 0 0 0 0 
2 0.0016078905961830995 -0.020136769361075564 0.028992798042306731 0.95790275201292119 0.065912099618991679 0.2794242523652668 0.019697756452985007 0.9559062070810298 -0.29301078760803057 -0.28641633346719442 0.28617987068935447 0.91436686594355188 0.049432601927289793 0.095516869092488077 0.46196257747724284 -22.893640428950377 -0.58298641075248336 2.5702018309180441 
1 1.7274205242444082e-18 0.0030550458715596384 0.025000000000000001 1 0 0 0 1 0 0 0 1 0 0 0 0 0 0 
2 0.0020858585551626944 -0.018634927195303987 0.033507569949423319 0.95993840994557234 0.038330453437460582 0.27757706218354006 -0.020144205469350609 0.99747670164140423 -0.068076726335757093 -0.27948606422713596 0.059757895058842589 0.95828833546118131 0.045126514698264959 0.20257817542980347 0.43269372272443485 -23.123054288483658 -0.83823490503335962 2.8037956426908477 
1 1.7274205242444082e-18 0.0030550458715596384 0.025000000000000001 1 0 0 0 1 0 0 0 1 0 0 0 0 0 0 
2 0.0024916795143085212 -0.016175068518261448 0.037494568581781844 0.96363141572878919 0.0099307324799373115 0.26705032329682993 -0.053761756646004639 0.98608222600895434 0.15732614872156878 -0.26177121335789622 -0.16596151391704439 0.9507537050969076 0.035323280222693716 0.2828747117113235 0.35909703992144026 -22.034964872494463 -1.0616349792321 3.0034051053212041 
1 1.7274205242444082e-18 0.0030550458715596384 0.025000000000000001 1 0 0 0 1 0 0 0 1 0 0 0 0 0 0 
2 0.0027826754531230687 -0.013135636318509636 0.040609215534652174 0.96849428639280621 -0.016556613431476838 0.24848479988959035 -0.076466276581783316 0.92981764937551992 0.35998895462986225 -0.23700575050029343 -0.3676479531582672 0.89925705822547164 0.022680859547778643 0.3167672887417658 0.26240607534392113 -19.728341463324366 -1.183439717533658 3.133209064342994 
1 1.7274205242444082e-18 0.0030550458715596384 0.025000000000000001 1 0 0 0 1 0 0 0 1 0 0 0 0 0 0 
2 0.0029467942037457 -0.010008649262402868 0.04275079287052766 0.97375636641840313 -0.039169297181002712 0.22419702276786571 -0.08659041001849202 0.84723779553389833 0.52410897598847694 -0.21047717157083343 -0.52976776419220417 0.82161151176838754 0.010405209719459392 0.30126078542679724 0.16801689913153739 -16.447823092795588 -1.1814185948781692 3.1364503227976281 
1 1.7274205242444082e-18 0.0030550458715596384 0.025000000000000001 1 0 0 0 1 0 0 0 1 0 0 0 0 0 0 
2 0.0030000014107691608 -0.0072408410287621138 0.044040801751397664 0.97868859926245955 -0.057088136032256522 0.19725508966322586 -0.085488003778865188 0.7601160679035458 0.64413924311809867 -0.18670947186361336 -0.64727467742776312 0.73903657898455599 0.00073180293113242825 0.24706054543707365 0.093779036883017378 -12.507255376732269 -1.0936299680165855 2.979146125760098 
1 1.7274205242444082e-18 0.0030550458715596384 0.025000000000000001 1 0 0 0 1 0 0 0 1 0 0 0 0 0 0 
