       1 -3.255213e-20 -6.388835e-20 -8.526513e-20 1.000000e+00 0.000000e+00 0.000000e+00 0.000000e+00 1.000000e+00 0.000000e+00 0.000000e+00 0.000000e+00 1.000000e+00 0.000000e+00 0.000000e+00 0.000000e+00 0.000000e+00 0.000000e+00 0.000000e+00
       2 9.733310e-03 1.143543e-19 2.700000e-02 2.220446e-16 -0.000000e+00 -1.000000e+00 0.000000e+00 1.000000e+00 -0.000000e+00 1.000000e+00 0.000000e+00 2.220446e-16 0.000000e+00 0.000000e+00 0.000000e+00 0.000000e+00 0.000000e+00 0.000000e+00
       3 0.000000e+00 0.000000e+00 2.700000e-02 1.000000e+00 -0.000000e+00 0.000000e+00 0.000000e+00 1.000000e+00 0.000000e+00 0.000000e+00 0.000000e+00 1.000000e+00 0.000000e+00 0.000000e+00 0.000000e+00 0.000000e+00 0.000000e+00 0.000000e+00
       1 -3.255213e-20 -6.388835e-20 -8.526513e-20 1.000000e+00 0.000000e+00 0.000000e+00 0.000000e+00 1.000000e+00 0.000000e+00 0.000000e+00 0.000000e+00 1.000000e+00 0.000000e+00 0.000000e+00 0.000000e+00 0.000000e+00 0.000000e+00 0.000000e+00
       2 9.730250e-03 1.143543e-19 2.747326e-02 -1.485559e-02 3.500845e-20 -9.998896e-01 -1.740308e-19 1.000000e+00 3.759793e-20 9.998896e-01 1.745701e-19 -1.485559e-02 -6.119803e-04 0.000000e+00 9.465124e-02 3.486009e-17 -2.971118e+00 -7.260639e-18
       3 -1.985827e-06 3.659523e-22 2.732866e-02 9.998896e-01 3.500845e-20 -1.485559e-02 -3.759793e-20 1.000000e+00 -1.740308e-19 1.485559e-02 1.745701e-19 9.998896e-01 -1.823743e-04 7.570281e-20 6.573562e-02 3.486009e-17 -2.971118e+00 -7.260639e-18
       1 -3.255213e-20 -6.388835e-20 -8.526513e-20 1.000000e+00 0.000000e+00 0.000000e+00 0.000000e+00 1.000000e+00 0.000000e+00 0.000000e+00 0.000000e+00 1.000000e+00 0.000000e+00 0.000000e+00 0.000000e+00 0.000000e+00 0.000000e+00 0.000000e+00
       2 9.719710e-03 1.143543e-19 2.884805e-02 -9.784669e-02 1.042038e-19 -9.952015e-01 -1.137311e-18 1.000000e+00 2.165250e-19 9.952015e-01 1.153040e-18 -9.784669e-02 -1.428014e-03 0.000000e+00 1.825566e-01 1.372677e-16 -1.172600e+01 -1.680925e-17
       3 3.310533e-05 2.107504e-21 2.789568e-02 9.952015e-01 1.042038e-19 -9.784669e-02 -2.165250e-19 1.000000e+00 -1.137311e-18 9.784669e-02 1.153040e-18 9.952015e-01 9.739506e-03 2.935545e-19 6.897144e-02 1.372677e-16 -1.172600e+01 -1.680925e-17
       1 -3.255213e-20 -6.388835e-20 -8.526513e-20 1.000000e+00 0.000000e+00 0.000000e+00 0.000000e+00 1.000000e+00 0.000000e+00 0.000000e+00 0.000000e+00 1.000000e+00 0.000000e+00 0.000000e+00 0.000000e+00 0.000000e+00 0.000000e+00 0.000000e+00
       2 9.692159e-03 1.143543e-19 3.107708e-02 -2.813470e-01 -5.390182e-21 -9.596061e-01 -3.237425e-18 1.000000e+00 9.435638e-19 9.596061e-01 3.372121e-18 -2.813470e-01 -3.605529e-03 0.000000e+00 2.656141e-01 2.820218e-16 -2.388551e+01 -4.062421e-17
       3 3.520162e-04 9.183999e-21 2.833864e-02 9.596061e-01 -5.390182e-21 -2.813470e-01 -9.435638e-19 1.000000e+00 -3.237425e-18 2.813470e-01 3.372121e-18 9.596061e-01 6.180346e-02 1.151735e-18 4.252000e-02 2.820218e-16 -2.388551e+01 -4.062421e-17
       1 -3.255213e-20 -6.388835e-20 -8.526513e-20 1.000000e+00 0.000000e+00 0.000000e+00 0.000000e+00 1.000000e+00 0.000000e+00 0.000000e+00 0.000000e+00 1.000000e+00 0.000000e+00 0.000000e+00 0.000000e+00 0.000000e+00 0.000000e+00 0.000000e+00
       2 9.616797e-03 1.143543e-19 3.411267e-02 -5.552173e-01 -8.560672e-19 -8.317054e-01 -6.307276e-18 1.000000e+00 3.181225e-18 8.317054e-01 7.012066e-18 -5.552173e-01 -9.926872e-03 0.000000e+00 3.438870e-01 4.462857e-16 -3.594241e+01 -9.539770e-17
       3 1.521551e-03 3.096384e-20 2.870857e-02 8.317054e-01 -8.560672e-19 -5.552173e-01 -3.181225e-18 1.000000e+00 -6.307276e-18 5.552173e-01 7.012066e-18 8.317054e-01 1.843096e-01 3.184041e-18 5.292430e-02 4.462857e-16 -3.594241e+01 -9.539770e-17
       1 -3.255213e-20 -6.388835e-20 -8.526513e-20 1.000000e+00 0.000000e+00 0.000000e+00 0.000000e+00 1.000000e+00 0.000000e+00 0.000000e+00 0.000000e+00 1.000000e+00 0.000000e+00 0.000000e+00 0.000000e+00 0.000000e+00 0.000000e+00 0.000000e+00
       2 9.432510e-03 1.143543e-19 3.785149e-02 -8.354994e-01 -3.404482e-18 -5.494914e-01 -9.197390e-18 1.000000e+00 7.788896e-18 5.494914e-01 1.156150e-17 -8.354994e-01 -2.387489e-02 0.000000e+00 4.090434e-01 6.034883e-16 -4.393556e+01 -1.549591e-16
       3 4.084140e-03 7.581174e-20 2.971931e-02 5.494914e-01 -3.404482e-18 -8.354994e-01 -7.788896e-18 1.000000e+00 -9.197390e-18 8.354994e-01 1.156150e-17 5.494914e-01 3.334167e-01 5.736451e-18 1.740598e-01 6.034883e-16 -4.393556e+01 -1.549591e-16
       1 -3.255213e-20 -6.388835e-20 -8.526513e-20 1.000000e+00 0.000000e+00 0.000000e+00 0.000000e+00 1.000000e+00 0.000000e+00 0.000000e+00 0.000000e+00 1.000000e+00 0.000000e+00 0.000000e+00 0.000000e+00 0.000000e+00 0.000000e+00 0.000000e+00
       2 9.067366e-03 1.143543e-19 4.204780e-02 -9.854833e-01 -7.551137e-18 -1.697726e-01 -9.986648e-18 1.000000e+00 1.349180e-17 1.697726e-01 1.499140e-17 -9.854833e-01 -4.555732e-02 0.000000e+00 4.425061e-01 5.746069e-16 -3.991627e+01 -1.384426e-16
       3 7.414916e-03 1.313199e-19 3.245579e-02 1.697726e-01 -7.551137e-18 -9.854833e-01 -1.349180e-17 1.000000e+00 -9.986648e-18 9.854833e-01 1.499140e-17 1.697726e-01 3.373201e-01 5.740407e-18 3.765464e-01 5.746069e-16 -3.991627e+01 -1.384426e-16
       1 -3.255213e-20 -6.388835e-20 -8.526513e-20 1.000000e+00 0.000000e+00 0.000000e+00 0.000000e+00 1.000000e+00 0.000000e+00 0.000000e+00 0.000000e+00 1.000000e+00 0.000000e+00 0.000000e+00 0.000000e+00 0.000000e+00 0.000000e+00 0.000000e+00
       2 8.484519e-03 1.143543e-19 4.632059e-02 -9.958219e-01 -1.055521e-17 9.131624e-02 -9.073834e-18 1.000000e+00 1.663768e-17 -9.131624e-02 1.573957e-17 -9.958219e-01 -6.916979e-02 0.000000e+00 4.311036e-01 1.627926e-16 -1.738808e+01 -6.194175e-17
       3 9.373328e-03 1.619396e-19 3.662795e-02 -9.131624e-02 -1.055521e-17 -9.958219e-01 -1.663768e-17 1.000000e+00 -9.073834e-18 9.958219e-01 1.573957e-17 -9.131624e-02 9.936669e-02 1.522836e-18 4.465583e-01 1.627926e-16 -1.738808e+01 -6.194175e-17
       1 -3.255213e-20 -6.388835e-20 -8.526513e-20 1.000000e+00 0.000000e+00 0.000000e+00 0.000000e+00 1.000000e+00 0.000000e+00 0.000000e+00 0.000000e+00 1.000000e+00 0.000000e+00 0.000000e+00 0.000000e+00 0.000000e+00 0.000000e+00 0.000000e+00
       2 7.703452e-03 1.143543e-19 5.025677e-02 -9.941467e-01 -1.036596e-17 1.080388e-01 -8.772136e-18 1.000000e+00 1.522757e-17 -1.080388e-01 1.419071e-17 -9.941467e-01 -8.801770e-02 0.000000e+00 3.767866e-01 -3.522724e-16 1.051568e+01 -8.597917e-18
       3 8.755027e-03 1.482147e-19 4.058043e-02 -1.080388e-01 -1.036596e-17 -9.941467e-01 -1.522757e-17 1.000000e+00 -8.772136e-18 9.941467e-01 1.419071e-17 -1.080388e-01 -1.897709e-01 -3.417748e-18 3.657286e-01 -3.522724e-16 1.051568e+01 -8.597917e-18
       1 -3.255213e-20 -6.388835e-20 -8.526513e-20 1.000000e+00 0.000000e+00 0.000000e+00 0.000000e+00 1.000000e+00 0.000000e+00 0.000000e+00 0.000000e+00 1.000000e+00 0.000000e+00 0.000000e+00 0.000000e+00 0.000000e+00 0.000000e+00 0.000000e+00
       2 6.776528e-03 1.143543e-19 5.347580e-02 -9.995915e-01 -8.606620e-18 -2.858164e-02 -8.937767e-18 1.000000e+00 1.145826e-17 2.858164e-02 1.170903e-17 -9.995915e-01 -9.998532e-02 0.000000e+00 2.860452e-01 -4.818963e-16 2.132947e+01 1.411374e-17
       3 6.498334e-03 1.115268e-19 4.374646e-02 2.858164e-02 -8.606620e-18 -9.995915e-01 -1.145826e-17 1.000000e+00 -8.937767e-18 9.995915e-01 1.170903e-17 2.858164e-02 -3.075068e-01 -4.692456e-18 2.919790e-01 -4.818963e-16 2.132947e+01 1.411374e-17
       1 -3.255213e-20 -6.388835e-20 -8.526513e-20 1.000000e+00 0.000000e+00 0.000000e+00 0.000000e+00 1.000000e+00 0.000000e+00 0.000000e+00 0.000000e+00 1.000000e+00 0.000000e+00 0.000000e+00 0.000000e+00 0.000000e+00 0.000000e+00 0.000000e+00
       2 5.747380e-03 1.143543e-19 5.567461e-02 -9.897355e-01 -7.406498e-18 -1.429111e-01 -8.801574e-18 1.000000e+00 9.129674e-18 1.429111e-01 1.029381e-17 -9.897355e-01 -1.080259e-01 0.000000e+00 1.688713e-01 -1.440830e-16 9.480879e+00 1.080271e-17
       3 4.356382e-03 8.886195e-20 4.604121e-02 1.429111e-01 -7.406498e-18 -9.897355e-01 -9.129674e-18 1.000000e+00 -8.801574e-18 9.897355e-01 1.029381e-17 1.429111e-01 -1.993591e-01 -1.403036e-18 1.820592e-01 -1.440830e-16 9.480879e+00 1.080271e-17
       1 -3.255213e-20 -6.388835e-20 -8.526513e-20 1.000000e+00 0.000000e+00 0.000000e+00 0.000000e+00 1.000000e+00 0.000000e+00 0.000000e+00 0.000000e+00 1.000000e+00 0.000000e+00 0.000000e+00 0.000000e+00 0.000000e+00 0.000000e+00 0.000000e+00
       2 4.633193e-03 1.143543e-19 5.667423e-02 -9.916610e-01 -7.468056e-18 -1.288742e-01 -8.824266e-18 1.000000e+00 9.952526e-18 1.288742e-01 1.100675e-17 -9.916610e-01 -1.156706e-01 0.000000e+00 4.000172e-02 2.312475e-16 -7.590196e+00 -2.171335e-18
       3 3.378821e-03 9.687102e-20 4.702209e-02 1.288742e-01 -7.468056e-18 -9.916610e-01 -9.952526e-18 1.000000e+00 -8.824266e-18 9.916610e-01 1.100675e-17 1.288742e-01 -4.240893e-02 2.234758e-18 3.048079e-02 2.312475e-16 -7.590196e+00 -2.171335e-18
       1 -3.255213e-20 -6.388835e-20 -8.526513e-20 1.000000e+00 0.000000e+00 0.000000e+00 0.000000e+00 1.000000e+00 0.000000e+00 0.000000e+00 0.000000e+00 1.000000e+00 0.000000e+00 0.000000e+00 0.000000e+00 0.000000e+00 0.000000e+00 0.000000e+00
       2 3.438552e-03 1.143543e-19 5.643036e-02 -9.993680e-01 -8.474268e-18 -3.554587e-02 -8.913642e-18 1.000000e+00 1.220230e-17 3.554587e-02 1.251143e-17 -9.993680e-01 -1.234869e-01 0.000000e+00 -8.656159e-02 2.884141e-16 -1.330730e+01 -1.004792e-18
       3 3.092573e-03 1.187688e-19 4.670320e-02 3.554587e-02 -8.474268e-18 -9.993680e-01 -1.220230e-17 1.000000e+00 -8.913642e-18 9.993680e-01 1.251143e-17 3.554587e-02 5.955275e-03 2.805798e-18 -9.116563e-02 2.884141e-16 -1.330730e+01 -1.004792e-18
       1 -3.255213e-20 -6.388835e-20 -8.526513e-20 1.000000e+00 0.000000e+00 0.000000e+00 0.000000e+00 1.000000e+00 0.000000e+00 0.000000e+00 0.000000e+00 1.000000e+00 0.000000e+00 0.000000e+00 0.000000e+00 0.000000e+00 0.000000e+00 0.000000e+00
       2 2.176525e-03 1.143543e-19 5.502670e-02 -9.990396e-01 -9.445324e-18 4.381742e-02 -8.861542e-18 1.000000e+00 1.351731e-17 -4.381742e-02 1.311604e-17 -9.990396e-01 -1.295719e-01 0.000000e+00 -1.983559e-01 7.783191e-17 -7.040207e+00 4.999287e-18
       3 2.603014e-03 1.315682e-19 4.530274e-02 -4.381742e-02 -9.445324e-18 -9.990396e-01 -1.351731e-17 1.000000e+00 -8.861542e-18 9.990396e-01 1.311604e-17 -4.381742e-02 -6.111322e-02 7.589666e-19 -1.953533e-01 7.783191e-17 -7.040207e+00 4.999287e-18
       1 -3.255213e-20 -6.388835e-20 -8.526513e-20 1.000000e+00 0.000000e+00 0.000000e+00 0.000000e+00 1.000000e+00 0.000000e+00 0.000000e+00 0.000000e+00 1.000000e+00 0.000000e+00 0.000000e+00 0.000000e+00 0.000000e+00 0.000000e+00 0.000000e+00
       2 8.757133e-04 1.143543e-19 5.266336e-02 -9.981553e-01 -9.630153e-18 6.071255e-02 -8.853874e-18 1.000000e+00 1.305515e-17 -6.071255e-02 1.249352e-17 -9.981553e-01 -1.320205e-01 0.000000e+00 -2.843181e-01 -1.338591e-16 1.441334e+00 6.049978e-18
       3 1.466647e-03 1.270698e-19 4.294800e-02 -6.071255e-02 -9.630153e-18 -9.981553e-01 -1.305515e-17 1.000000e+00 -8.853874e-18 9.981553e-01 1.249352e-17 -6.071255e-02 -1.460235e-01 -1.296913e-18 -2.851698e-01 -1.338591e-16 1.441334e+00 6.049978e-18
       1 -3.255213e-20 -6.388835e-20 -8.526513e-20 1.000000e+00 0.000000e+00 0.000000e+00 0.000000e+00 1.000000e+00 0.000000e+00 0.000000e+00 0.000000e+00 1.000000e+00 0.000000e+00 0.000000e+00 0.000000e+00 0.000000e+00 0.000000e+00 0.000000e+00
       2 -4.270757e-04 1.143543e-19 4.963167e-02 -9.994082e-01 -9.333129e-18 3.439871e-02 -8.938953e-18 1.000000e+00 1.161282e-17 -3.439871e-02 1.129846e-17 -9.994082e-01 -1.303778e-01 0.000000e+00 -3.365855e-01 -1.914739e-16 4.793959e+00 7.364123e-18
       3 -9.226246e-05 1.130312e-19 3.990412e-02 -3.439871e-02 -9.333129e-18 -9.994082e-01 -1.161282e-17 1.000000e+00 -8.938953e-18 9.994082e-01 1.129846e-17 -3.439871e-02 -1.770112e-01 -1.860107e-18 -3.381906e-01 -1.914739e-16 4.793959e+00 7.364123e-18
       1 -3.255213e-20 -6.388835e-20 -8.526513e-20 1.000000e+00 0.000000e+00 0.000000e+00 0.000000e+00 1.000000e+00 0.000000e+00 0.000000e+00 0.000000e+00 1.000000e+00 0.000000e+00 0.000000e+00 0.000000e+00 0.000000e+00 0.000000e+00 0.000000e+00
       2 -1.697593e-03 1.143543e-19 4.627886e-02 -9.999637e-01 -9.164834e-18 8.516095e-03 -9.077405e-18 1.000000e+00 1.030497e-17 -8.516095e-03 1.022729e-17 -9.999637e-01 -1.254382e-01 0.000000e+00 -3.513374e-01 -1.239520e-16 2.554119e+00 1.381881e-17
       3 -1.614703e-03 1.003015e-19 3.654590e-02 -8.516095e-03 -9.164834e-18 -9.999637e-01 -1.030497e-17 1.000000e+00 -9.077405e-18 9.999637e-01 1.022729e-17 -8.516095e-03 -1.502973e-01 -1.205274e-18 -3.515491e-01 -1.239520e-16 2.554119e+00 1.381881e-17
       1 -3.255213e-20 -6.388835e-20 -8.526513e-20 1.000000e+00 0.000000e+00 0.000000e+00 0.000000e+00 1.000000e+00 0.000000e+00 0.000000e+00 0.000000e+00 1.000000e+00 0.000000e+00 0.000000e+00 0.000000e+00 0.000000e+00 0.000000e+00 0.000000e+00
       2 -2.910896e-03 1.143543e-19 4.296923e-02 -9.998817e-01 -9.462182e-18 1.538043e-02 -9.314271e-18 1.000000e+00 9.688471e-18 -1.538043e-02 9.544067e-18 -9.998817e-01 -1.184696e-01 0.000000e+00 -3.288040e-01 -2.853661e-17 -2.315952e+00 2.531691e-17
       3 -2.761194e-03 9.430088e-20 3.323707e-02 -1.538043e-02 -9.462182e-18 -9.998817e-01 -9.688471e-18 1.000000e+00 -9.314271e-18 9.998817e-01 9.544067e-18 -1.538043e-02 -9.593036e-02 -2.739328e-19 -3.284573e-01 -2.853661e-17 -2.315952e+00 2.531691e-17
       1 -3.255213e-20 -6.388835e-20 -8.526513e-20 1.000000e+00 0.000000e+00 0.000000e+00 0.000000e+00 1.000000e+00 0.000000e+00 0.000000e+00 0.000000e+00 1.000000e+00 0.000000e+00 0.000000e+00 0.000000e+00 0.000000e+00 0.000000e+00 0.000000e+00
       2 -4.053741e-03 1.143543e-19 4.004386e-02 -9.976710e-01 -1.029721e-17 6.820917e-02 -9.656834e-18 1.000000e+00 9.718089e-18 -6.820917e-02 9.036771e-18 -9.976710e-01 -1.107615e-01 0.000000e+00 -2.733244e-01 3.341985e-17 -7.581454e+00 3.841803e-17
       3 -3.389840e-03 9.458917e-20 3.033322e-02 -6.820917e-02 -1.029721e-17 -9.976710e-01 -9.718089e-18 1.000000e+00 -9.656834e-18 9.976710e-01 9.036771e-18 -6.820917e-02 -3.714076e-02 3.500339e-19 -2.682911e-01 3.341985e-17 -7.581454e+00 3.841803e-17
       1 -3.255213e-20 -6.388835e-20 -8.526513e-20 1.000000e+00 0.000000e+00 0.000000e+00 0.000000e+00 1.000000e+00 0.000000e+00 0.000000e+00 0.000000e+00 1.000000e+00 0.000000e+00 0.000000e+00 0.000000e+00 0.000000e+00 0.000000e+00 0.000000e+00
       2 -5.125001e-03 1.143543e-19 3.778005e-02 -9.854242e-01 -1.160113e-17 1.701150e-01 -1.002343e-17 1.000000e+00 1.013313e-17 -1.701150e-01 8.280298e-18 -9.854242e-01 -1.035468e-01 0.000000e+00 -1.933024e-01 5.510871e-17 -1.275031e+01 4.820531e-17
       3 -3.469219e-03 9.862891e-20 2.818861e-02 -1.701150e-01 -1.160113e-17 -9.854242e-01 -1.013313e-17 1.000000e+00 -1.002343e-17 9.854242e-01 8.280298e-18 -1.701150e-01 1.874699e-02 6.083893e-19 -1.721907e-01 5.510871e-17 -1.275031e+01 4.820531e-17
       1 -3.255213e-20 -6.388835e-20 -8.526513e-20 1.000000e+00 0.000000e+00 0.000000e+00 0.000000e+00 1.000000e+00 0.000000e+00 0.000000e+00 0.000000e+00 1.000000e+00 0.000000e+00 0.000000e+00 0.000000e+00 0.000000e+00 0.000000e+00 0.000000e+00
       2 -6.134115e-03 1.143543e-19 3.635406e-02 -9.487986e-01 -1.319342e-17 3.158817e-01 -1.032568e-17 1.000000e+00 1.075221e-17 -3.158817e-01 6.939991e-18 -9.487986e-01 -9.780412e-02 0.000000e+00 -1.007086e-01 5.776758e-17 -1.737777e+01 5.153514e-17
       3 -3.059541e-03 1.046546e-19 2.711911e-02 -3.158817e-01 -1.319342e-17 -9.487986e-01 -1.075221e-17 1.000000e+00 -1.032568e-17 9.487986e-01 6.939991e-18 -3.158817e-01 6.267877e-02 6.919294e-19 -4.727932e-02 5.776758e-17 -1.737777e+01 5.153514e-17
       1 -3.255213e-20 -6.388835e-20 -8.526513e-20 1.000000e+00 0.000000e+00 0.000000e+00 0.000000e+00 1.000000e+00 0.000000e+00 0.000000e+00 0.000000e+00 1.000000e+00 0.000000e+00 0.000000e+00 0.000000e+00 0.000000e+00 0.000000e+00 0.000000e+00
       2 -7.094298e-03 1.143543e-19 3.581907e-02 -8.785622e-01 -1.474445e-17 4.776279e-01 -1.052676e-17 1.000000e+00 1.150695e-17 -4.776279e-01 5.081692e-18 -8.785622e-01 -9.357169e-02 0.000000e+00 -8.947810e-03 6.098456e-17 -1.882895e+01 5.096601e-17
       3 -2.445398e-03 1.120007e-19 2.726776e-02 -4.776279e-01 -1.474445e-17 -8.785622e-01 -1.150695e-17 1.000000e+00 -1.052676e-17 8.785622e-01 5.081692e-18 -4.776279e-01 6.744064e-02 7.584343e-19 7.858609e-02 6.098456e-17 -1.882895e+01 5.096601e-17
       1 -3.255213e-20 -6.388835e-20 -8.526513e-20 1.000000e+00 0.000000e+00 0.000000e+00 0.000000e+00 1.000000e+00 0.000000e+00 0.000000e+00 0.000000e+00 1.000000e+00 0.000000e+00 0.000000e+00 0.000000e+00 0.000000e+00 0.000000e+00 0.000000e+00
       2 -8.010872e-03 1.143543e-19 3.612060e-02 -7.980704e-01 -1.592167e-17 6.025642e-01 -1.064706e-17 1.000000e+00 1.232161e-17 -6.025642e-01 3.417979e-18 -7.980704e-01 -8.947693e-02 0.000000e+00 7.197829e-02 6.286565e-17 -1.328937e+01 5.357156e-17
       3 -2.145928e-03 1.199301e-19 2.835274e-02 -6.025642e-01 -1.592167e-17 -7.980704e-01 -1.232161e-17 1.000000e+00 -1.064706e-17 7.980704e-01 3.417979e-18 -6.025642e-01 1.375311e-02 8.025262e-19 1.499197e-01 6.286565e-17 -1.328937e+01 5.357156e-17
       1 -3.255213e-20 -6.388835e-20 -8.526513e-20 1.000000e+00 0.000000e+00 0.000000e+00 0.000000e+00 1.000000e+00 0.000000e+00 0.000000e+00 0.000000e+00 1.000000e+00 0.000000e+00 0.000000e+00 0.000000e+00 0.000000e+00 0.000000e+00 0.000000e+00
       2 -8.871670e-03 1.143543e-19 3.714852e-02 -7.647911e-01 -1.668297e-17 6.442784e-01 -1.080028e-17 1.000000e+00 1.307356e-17 -6.442784e-01 3.040158e-18 -7.647911e-01 -8.329099e-02 0.000000e+00 1.391111e-01 4.543472e-17 -5.092571e-01 5.886981e-17
       3 -2.600709e-03 1.272490e-19 2.970457e-02 -6.442784e-01 -1.668297e-17 -7.647911e-01 -1.307356e-17 1.000000e+00 -1.080028e-17 7.647911e-01 3.040158e-18 -6.442784e-01 -7.950010e-02 7.073840e-19 1.423047e-01 4.543472e-17 -5.092571e-01 5.886981e-17
       1 -3.255213e-20 -6.388835e-20 -8.526513e-20 1.000000e+00 0.000000e+00 0.000000e+00 0.000000e+00 1.000000e+00 0.000000e+00 0.000000e+00 0.000000e+00 1.000000e+00 0.000000e+00 0.000000e+00 0.000000e+00 0.000000e+00 0.000000e+00 0.000000e+00
       2 -9.642751e-03 1.143543e-19 3.878213e-02 -8.133518e-01 -1.695932e-17 5.817721e-01 -1.116515e-17 1.000000e+00 1.354160e-17 -5.817721e-01 4.518512e-18 -8.133518e-01 -7.262233e-02 0.000000e+00 1.936464e-01 -2.329959e-18 1.447929e+01 5.297219e-17
       3 -3.980183e-03 1.318046e-19 3.086553e-02 -5.817721e-01 -1.695932e-17 -8.133518e-01 -1.354160e-17 1.000000e+00 -1.116515e-17 8.133518e-01 4.518512e-18 -5.817721e-01 -1.872492e-01 2.815133e-19 1.116564e-01 -2.329959e-18 1.447929e+01 5.297219e-17
       1 -3.255213e-20 -6.388835e-20 -8.526513e-20 1.000000e+00 0.000000e+00 0.000000e+00 0.000000e+00 1.000000e+00 0.000000e+00 0.000000e+00 0.000000e+00 1.000000e+00 0.000000e+00 0.000000e+00 0.000000e+00 0.000000e+00 0.000000e+00 0.000000e+00
       2 -1.027117e-02 1.143543e-19 4.088805e-02 -9.087321e-01 -1.625099e-17 4.173799e-01 -1.174130e-17 1.000000e+00 1.337222e-17 -4.173799e-01 7.251177e-18 -9.087321e-01 -5.570860e-02 0.000000e+00 2.342065e-01 -7.629870e-17 2.453032e+01 2.690944e-17
       3 -6.208681e-03 1.301559e-19 3.204308e-02 -4.173799e-01 -1.625099e-17 -9.087321e-01 -1.337222e-17 1.000000e+00 -1.174130e-17 9.087321e-01 7.251177e-18 -4.173799e-01 -2.726786e-01 -5.655405e-19 1.345523e-01 -7.629870e-17 2.453032e+01 2.690944e-17
       1 -3.255213e-20 -6.388835e-20 -8.526513e-20 1.000000e+00 0.000000e+00 0.000000e+00 0.000000e+00 1.000000e+00 0.000000e+00 0.000000e+00 0.000000e+00 1.000000e+00 0.000000e+00 0.000000e+00 0.000000e+00 0.000000e+00 0.000000e+00 0.000000e+00
       2 -1.070097e-02 1.143543e-19 4.328765e-02 -9.791081e-01 -1.452461e-17 2.033405e-01 -1.225895e-17 1.000000e+00 1.240169e-17 -2.033405e-01 9.649857e-18 -9.791081e-01 -3.304988e-02 0.000000e+00 2.546441e-01 -1.455796e-16 2.372292e+01 5.770611e-20
       3 -8.721798e-03 1.207095e-19 3.375769e-02 -2.033405e-01 -1.452461e-17 -9.791081e-01 -1.240169e-17 1.000000e+00 -1.225895e-17 9.791081e-01 9.649857e-18 -2.033405e-01 -2.591284e-01 -1.387254e-18 2.076923e-01 -1.455796e-16 2.372292e+01 5.770611e-20
       1 -3.255213e-20 -6.388835e-20 -8.526513e-20 1.000000e+00 0.000000e+00 0.000000e+00 0.000000e+00 1.000000e+00 0.000000e+00 0.000000e+00 0.000000e+00 1.000000e+00 0.000000e+00 0.000000e+00 0.000000e+00 0.000000e+00 0.000000e+00 0.000000e+00
       2 -1.089757e-02 1.143543e-19 4.575242e-02 -9.988106e-01 -1.304363e-17 4.875859e-02 -1.251642e-17 1.000000e+00 1.111815e-17 -4.875859e-02 1.049464e-17 -9.988106e-01 -7.999407e-03 0.000000e+00 2.497355e-01 -1.435563e-16 1.151575e+01 -4.321446e-19
       3 -1.042299e-02 1.082164e-19 3.603068e-02 -4.875859e-02 -1.304363e-17 -9.988106e-01 -1.111815e-17 1.000000e+00 -1.251642e-17 9.988106e-01 1.049464e-17 -4.875859e-02 -1.199525e-01 -1.395821e-18 2.442703e-01 -1.435563e-16 1.151575e+01 -4.321446e-19
       1 -3.255213e-20 -6.388835e-20 -8.526513e-20 1.000000e+00 0.000000e+00 0.000000e+00 0.000000e+00 1.000000e+00 0.000000e+00 0.000000e+00 0.000000e+00 1.000000e+00 0.000000e+00 0.000000e+00 0.000000e+00 0.000000e+00 0.000000e+00 0.000000e+00
       2 -1.085971e-02 1.143543e-19 4.803784e-02 -9.997430e-01 -1.296265e-17 2.267206e-02 -1.272977e-17 1.000000e+00 1.041608e-17 -2.267206e-02 1.012479e-17 -9.997430e-01 1.550972e-02 0.000000e+00 2.195752e-01 -3.975418e-17 -3.889718e+00 1.810460e-17
       3 -1.063903e-02 1.013830e-19 3.830703e-02 -2.267206e-02 -1.296265e-17 -9.997430e-01 -1.041608e-17 1.000000e+00 -1.272977e-17 9.997430e-01 1.012479e-17 -2.267206e-02 5.335982e-02 -3.828451e-19 2.204336e-01 -3.975418e-17 -3.889718e+00 1.810460e-17
       1 -3.255213e-20 -6.388835e-20 -8.526513e-20 1.000000e+00 0.000000e+00 0.000000e+00 0.000000e+00 1.000000e+00 0.000000e+00 0.000000e+00 0.000000e+00 1.000000e+00 0.000000e+00 0.000000e+00 0.000000e+00 0.000000e+00 0.000000e+00 0.000000e+00
       2 -1.060914e-02 1.143543e-19 4.991674e-02 -9.959791e-01 -1.396468e-17 8.958572e-02 -1.305058e-17 1.000000e+00 1.078945e-17 -8.958572e-02 9.576919e-18 -9.959791e-01 3.569210e-02 0.000000e+00 1.675640e-01 9.384392e-17 -1.135751e+01 3.431654e-17
       3 -9.737172e-03 1.050170e-19 4.022257e-02 -8.958572e-02 -1.396468e-17 -9.959791e-01 -1.078945e-17 1.000000e+00 -1.305058e-17 9.959791e-01 9.576919e-18 -8.958572e-02 1.457938e-01 9.396621e-19 1.774674e-01 9.384392e-17 -1.135751e+01 3.431654e-17
       1 -3.255213e-20 -6.388835e-20 -8.526513e-20 1.000000e+00 0.000000e+00 0.000000e+00 0.000000e+00 1.000000e+00 0.000000e+00 0.000000e+00 0.000000e+00 1.000000e+00 0.000000e+00 0.000000e+00 0.000000e+00 0.000000e+00 0.000000e+00 0.000000e+00
       2 -1.016962e-02 1.143543e-19 5.120779e-02 -9.871239e-01 -1.508824e-17 1.599576e-01 -1.336421e-17 1.000000e+00 1.185380e-17 -1.599576e-01 9.563461e-18 -9.871239e-01 5.339859e-02 0.000000e+00 9.971222e-02 1.400051e-16 -7.145112e+00 4.058470e-17
       3 -8.612706e-03 1.153767e-19 4.159981e-02 -1.599576e-01 -1.508824e-17 -9.871239e-01 -1.185380e-17 1.000000e+00 -1.336421e-17 9.871239e-01 9.563461e-18 -1.599576e-01 1.220487e-01 1.408354e-18 1.108366e-01 1.400051e-16 -7.145112e+00 4.058470e-17
       1 -3.255213e-20 -6.388835e-20 -8.526513e-20 1.000000e+00 0.000000e+00 0.000000e+00 0.000000e+00 1.000000e+00 0.000000e+00 0.000000e+00 0.000000e+00 1.000000e+00 0.000000e+00 0.000000e+00 0.000000e+00 0.000000e+00 0.000000e+00 0.000000e+00
       2 -9.554383e-03 1.143543e-19 5.180247e-02 -9.856037e-01 -1.561012e-17 1.690718e-01 -1.366587e-17 1.000000e+00 1.266315e-17 -1.690718e-01 1.017034e-17 -9.856037e-01 7.031043e-02 0.000000e+00 2.464984e-02 6.367730e-17 2.152257e+00 3.454440e-17
       3 -7.908754e-03 1.232544e-19 4.220929e-02 -1.690718e-01 -1.561012e-17 -9.856037e-01 -1.266315e-17 1.000000e+00 -1.366587e-17 9.856037e-01 1.017034e-17 -1.690718e-01 4.966343e-02 6.677155e-19 2.110802e-02 6.367730e-17 2.152257e+00 3.454440e-17
       1 -3.255213e-20 -6.388835e-20 -8.526513e-20 1.000000e+00 0.000000e+00 0.000000e+00 0.000000e+00 1.000000e+00 0.000000e+00 0.000000e+00 0.000000e+00 1.000000e+00 0.000000e+00 0.000000e+00 0.000000e+00 0.000000e+00 0.000000e+00 0.000000e+00
       2 -8.769073e-03 1.143543e-19 5.167490e-02 -9.926222e-01 -1.543682e-17 1.212487e-01 -1.401185e-17 1.000000e+00 1.260512e-17 -1.212487e-01 1.081320e-17 -9.926222e-01 8.703440e-02 0.000000e+00 -4.887025e-02 -5.454436e-17 7.690670e+00 2.250914e-17
       3 -7.588922e-03 1.226895e-19 4.201340e-02 -1.212487e-01 -1.543682e-17 -9.926222e-01 -1.260512e-17 1.000000e+00 -1.401185e-17 9.926222e-01 1.081320e-17 -1.212487e-01 1.273101e-02 -5.004161e-19 -5.794641e-02 -5.454436e-17 7.690670e+00 2.250914e-17
       1 -3.255213e-20 -6.388835e-20 -8.526513e-20 1.000000e+00 0.000000e+00 0.000000e+00 0.000000e+00 1.000000e+00 0.000000e+00 0.000000e+00 0.000000e+00 1.000000e+00 0.000000e+00 0.000000e+00 0.000000e+00 0.000000e+00 0.000000e+00 0.000000e+00
       2 -7.822600e-03 1.143543e-19 5.087584e-02 -9.980693e-01 -1.504474e-17 6.211026e-02 -1.433573e-17 1.000000e+00 1.186090e-17 -6.211026e-02 1.094760e-17 -9.980693e-01 1.027054e-01 0.000000e+00 -1.134802e-01 -1.127806e-16 6.468771e+00 1.684276e-17
       3 -7.218062e-03 1.154458e-19 4.116132e-02 -6.211026e-02 -1.504474e-17 -9.980693e-01 -1.186090e-17 1.000000e+00 -1.433573e-17 9.980693e-01 1.094760e-17 -6.211026e-02 3.986446e-02 -1.085427e-18 -1.173908e-01 -1.127806e-16 6.468771e+00 1.684276e-17
       1 -3.255213e-20 -6.388835e-20 -8.526513e-20 1.000000e+00 0.000000e+00 0.000000e+00 0.000000e+00 1.000000e+00 0.000000e+00 0.000000e+00 0.000000e+00 1.000000e+00 0.000000e+00 0.000000e+00 0.000000e+00 0.000000e+00 0.000000e+00 0.000000e+00
       2 -6.734496e-03 1.143543e-19 4.952179e-02 -9.995168e-01 -1.494633e-17 3.108328e-02 -1.460870e-17 1.000000e+00 1.108941e-17 -3.108328e-02 1.062997e-17 -9.995168e-01 1.158920e-01 0.000000e+00 -1.631541e-01 -8.013654e-17 1.664638e+00 1.982273e-17
       3 -6.431953e-03 1.079367e-19 3.979319e-02 -3.108328e-02 -1.494633e-17 -9.995168e-01 -1.108941e-17 1.000000e+00 -1.460870e-17 9.995168e-01 1.062997e-17 -3.108328e-02 9.969737e-02 -7.736197e-19 -1.636577e-01 -8.013654e-17 1.664638e+00 1.982273e-17
       1 -3.255213e-20 -6.388835e-20 -8.526513e-20 1.000000e+00 0.000000e+00 0.000000e+00 0.000000e+00 1.000000e+00 0.000000e+00 0.000000e+00 0.000000e+00 1.000000e+00 0.000000e+00 0.000000e+00 0.000000e+00 0.000000e+00 0.000000e+00 0.000000e+00
       2 -5.534337e-03 1.143543e-19 4.778016e-02 -9.993837e-01 -1.524654e-17 3.510422e-02 -1.487549e-17 1.000000e+00 1.083103e-17 -3.510422e-02 1.030216e-17 -9.993837e-01 1.256187e-01 0.000000e+00 -1.935432e-01 -1.100055e-18 -2.153585e+00 2.518096e-17
       3 -5.192656e-03 1.054218e-19 3.805285e-02 -3.510422e-02 -1.524654e-17 -9.993837e-01 -1.083103e-17 1.000000e+00 -1.487549e-17 9.993837e-01 1.030216e-17 -3.510422e-02 1.465673e-01 -2.096742e-21 -1.928073e-01 -1.100055e-18 -2.153585e+00 2.518096e-17
       1 -3.255213e-20 -6.388835e-20 -8.526513e-20 1.000000e+00 0.000000e+00 0.000000e+00 0.000000e+00 1.000000e+00 0.000000e+00 0.000000e+00 0.000000e+00 1.000000e+00 0.000000e+00 0.000000e+00 0.000000e+00 0.000000e+00 0.000000e+00 0.000000e+00
       2 -4.256114e-03 1.143543e-19 4.584994e-02 -9.984706e-01 -1.574244e-17 5.528462e-02 -1.514776e-17 1.000000e+00 1.117571e-17 -5.528462e-02 1.032118e-17 -9.984706e-01 1.317254e-01 0.000000e+00 -2.024511e-01 6.380407e-17 -2.828525e+00 2.869742e-17
       3 -3.718012e-03 1.087766e-19 3.613151e-02 -5.528462e-02 -1.574244e-17 -9.984706e-01 -1.117571e-17 1.000000e+00 -1.514776e-17 9.984706e-01 1.032118e-17 -5.528462e-02 1.592142e-01 6.355171e-19 -2.009291e-01 6.380407e-17 -2.828525e+00 2.869742e-17
       1 -3.255213e-20 -6.388835e-20 -8.526513e-20 1.000000e+00 0.000000e+00 0.000000e+00 0.000000e+00 1.000000e+00 0.000000e+00 0.000000e+00 0.000000e+00 1.000000e+00 0.000000e+00 0.000000e+00 0.000000e+00 0.000000e+00 0.000000e+00 0.000000e+00
       2 -2.932404e-03 1.143543e-19 4.394050e-02 -9.976951e-01 -1.618612e-17 6.785639e-02 -1.541654e-17 1.000000e+00 1.186496e-17 -6.785639e-02 1.079150e-17 -9.976951e-01 1.346455e-01 0.000000e+00 -1.899040e-01 8.492739e-17 -8.768409e-01 3.019064e-17
       3 -2.271936e-03 1.154853e-19 3.422963e-02 -6.785639e-02 -1.618612e-17 -9.976951e-01 -1.186496e-17 1.000000e+00 -1.541654e-17 9.976951e-01 1.079150e-17 -6.785639e-02 1.431604e-01 8.446593e-19 -1.893249e-01 8.492739e-17 -8.768409e-01 3.019064e-17
       1 -3.255213e-20 -6.388835e-20 -8.526513e-20 1.000000e+00 0.000000e+00 0.000000e+00 0.000000e+00 1.000000e+00 0.000000e+00 0.000000e+00 0.000000e+00 1.000000e+00 0.000000e+00 0.000000e+00 0.000000e+00 0.000000e+00 0.000000e+00 0.000000e+00
       2 -1.590901e-03 1.143543e-19 4.225028e-02 -9.983393e-01 -1.639759e-17 5.760843e-02 -1.570047e-17 1.000000e+00 1.255350e-17 -5.760843e-02 1.162817e-17 -9.983393e-01 1.350399e-01 0.000000e+00 -1.580611e-01 6.735316e-17 2.167817e+00 3.105729e-17
       3 -1.030180e-03 1.221871e-19 3.253314e-02 -5.760843e-02 -1.639759e-17 -9.983393e-01 -1.255350e-17 1.000000e+00 -1.570047e-17 9.983393e-01 1.162817e-17 -5.760843e-02 1.139749e-01 6.718949e-19 -1.592767e-01 6.735316e-17 2.167817e+00 3.105729e-17
       1 -3.255213e-20 -6.388835e-20 -8.526513e-20 1.000000e+00 0.000000e+00 0.000000e+00 0.000000e+00 1.000000e+00 0.000000e+00 0.000000e+00 0.000000e+00 1.000000e+00 0.000000e+00 0.000000e+00 0.000000e+00 0.000000e+00 0.000000e+00 0.000000e+00
       2 -2.533661e-04 1.143543e-19 4.094631e-02 -9.997957e-01 -1.628323e-17 2.021485e-02 -1.602388e-17 1.000000e+00 1.299170e-17 -2.021485e-02 1.266512e-17 -9.997957e-01 1.335551e-01 0.000000e+00 -1.110855e-01 3.004317e-17 5.099540e+00 3.253692e-17
       3 -5.660871e-05 1.264522e-19 3.121499e-02 -2.021485e-02 -1.628323e-17 -9.997957e-01 -1.299170e-17 1.000000e+00 -1.602388e-17 9.997957e-01 1.266512e-17 -2.021485e-02 8.392982e-02 2.987616e-19 -1.120889e-01 3.004317e-17 5.099540e+00 3.253692e-17
       1 -3.255213e-20 -6.388835e-20 -8.526513e-20 1.000000e+00 0.000000e+00 0.000000e+00 0.000000e+00 1.000000e+00 0.000000e+00 0.000000e+00 0.000000e+00 1.000000e+00 0.000000e+00 0.000000e+00 0.000000e+00 0.000000e+00 0.000000e+00 0.000000e+00
       2 1.063773e-03 1.143543e-19 4.014630e-02 -9.991731e-01 -1.583518e-17 -4.065796e-02 -1.637958e-17 1.000000e+00 1.305668e-17 4.065796e-02 1.371184e-17 -9.991731e-01 1.306941e-01 0.000000e+00 -5.480291e-02 -1.198930e-17 7.258217e+00 3.497687e-17
       3 6.680366e-04 1.270847e-19 3.042103e-02 4.065796e-02 -1.583518e-17 -9.991731e-01 -1.305668e-17 1.000000e+00 -1.637958e-17 9.991731e-01 1.371184e-17 4.065796e-02 6.010607e-02 -1.304407e-19 -5.193057e-02 -1.198930e-17 7.258217e+00 3.497687e-17
       1 -3.255213e-20 -6.388835e-20 -8.526513e-20 1.000000e+00 0.000000e+00 0.000000e+00 0.000000e+00 1.000000e+00 0.000000e+00 0.000000e+00 0.000000e+00 1.000000e+00 0.000000e+00 0.000000e+00 0.000000e+00 0.000000e+00 0.000000e+00 0.000000e+00
       2 2.347394e-03 1.143543e-19 3.990627e-02 -9.933979e-01 -1.515870e-17 -1.147201e-01 -1.672850e-17 1.000000e+00 1.272106e-17 1.147201e-01 1.455617e-17 -9.933979e-01 1.266861e-01 0.000000e+00 3.996617e-03 -5.064911e-17 8.088327e+00 3.798726e-17
       3 1.230787e-03 1.238180e-19 3.023722e-02 1.147201e-01 -1.515870e-17 -9.933979e-01 -1.272106e-17 1.000000e+00 -1.672850e-17 9.933979e-01 1.455617e-17 1.147201e-01 4.847970e-02 -5.321456e-19 1.302809e-02 -5.064911e-17 8.088327e+00 3.798726e-17
       1 -3.255213e-20 -6.388835e-20 -8.526513e-20 1.000000e+00 0.000000e+00 0.000000e+00 0.000000e+00 1.000000e+00 0.000000e+00 0.000000e+00 0.000000e+00 1.000000e+00 0.000000e+00 0.000000e+00 0.000000e+00 0.000000e+00 0.000000e+00 0.000000e+00
       2 3.584192e-03 1.143543e-19 4.021728e-02 -9.827567e-01 -1.450656e-17 -1.849036e-01 -1.702982e-17 1.000000e+00 1.205823e-17 1.849036e-01 1.499918e-17 -9.827567e-01 1.213387e-01 0.000000e+00 5.865210e-02 -7.695634e-17 6.916191e+00 4.070014e-17
       3 1.784468e-03 1.173665e-19 3.065180e-02 1.849036e-01 -1.450656e-17 -9.827567e-01 -1.205823e-17 1.000000e+00 -1.702982e-17 9.827567e-01 1.499918e-17 1.849036e-01 5.518201e-02 -8.093730e-19 7.109933e-02 -7.695634e-17 6.916191e+00 4.070014e-17
       1 -3.255213e-20 -6.388835e-20 -8.526513e-20 1.000000e+00 0.000000e+00 0.000000e+00 0.000000e+00 1.000000e+00 0.000000e+00 0.000000e+00 0.000000e+00 1.000000e+00 0.000000e+00 0.000000e+00 0.000000e+00 0.000000e+00 0.000000e+00 0.000000e+00
       2 4.756656e-03 1.143543e-19 4.101303e-02 -9.729917e-01 -1.421133e-17 -2.308401e-01 -1.728281e-17 1.000000e+00 1.128357e-17 2.308401e-01 1.496838e-17 -9.729917e-01 1.140297e-01 0.000000e+00 1.038130e-01 -7.590534e-17 3.483205e+00 4.087072e-17
       3 2.509817e-03 1.098264e-19 3.154260e-02 2.308401e-01 -1.421133e-17 -9.729917e-01 -1.128357e-17 1.000000e+00 -1.728281e-17 9.729917e-01 1.496838e-17 2.308401e-01 8.104227e-02 -8.106861e-19 1.116392e-01 -7.590534e-17 3.483205e+00 4.087072e-17
       1 -3.255213e-20 -6.388835e-20 -8.526513e-20 1.000000e+00 0.000000e+00 0.000000e+00 0.000000e+00 1.000000e+00 0.000000e+00 0.000000e+00 0.000000e+00 1.000000e+00 0.000000e+00 0.000000e+00 0.000000e+00 0.000000e+00 0.000000e+00 0.000000e+00
       2 5.840641e-03 1.143543e-19 4.218486e-02 -9.712323e-01 -1.447663e-17 -2.381340e-01 -1.753783e-17 1.000000e+00 1.073630e-17 2.381340e-01 1.460379e-17 -9.712323e-01 1.039746e-01 0.000000e+00 1.359863e-01 -3.605411e-17 -1.223029e+00 3.507900e-17
       3 3.522809e-03 1.044997e-19 3.273155e-02 2.381340e-01 -1.447663e-17 -9.712323e-01 -1.073630e-17 1.000000e+00 -1.753783e-17 9.712323e-01 1.460379e-17 2.381340e-01 1.155363e-01 -4.221378e-19 1.331515e-01 -3.605411e-17 -1.223029e+00 3.507900e-17
       1 -3.255213e-20 -6.388835e-20 -8.526513e-20 1.000000e+00 0.000000e+00 0.000000e+00 0.000000e+00 1.000000e+00 0.000000e+00 0.000000e+00 0.000000e+00 1.000000e+00 0.000000e+00 0.000000e+00 0.000000e+00 0.000000e+00 0.000000e+00 0.000000e+00
       2 6.806699e-03 1.143543e-19 4.359659e-02 -9.781361e-01 -1.521488e-17 -2.079656e-01 -1.783512e-17 1.000000e+00 1.072436e-17 2.079656e-01 1.419897e-17 -9.781361e-01 9.070944e-02 0.000000e+00 1.531683e-01 3.179144e-17 -5.017216e+00 2.352330e-17
       3 4.782506e-03 1.043835e-19 3.407609e-02 2.079656e-01 -1.521488e-17 -9.781361e-01 -1.072436e-17 1.000000e+00 -1.783512e-17 9.781361e-01 1.419897e-17 2.079656e-01 1.384759e-01 2.550548e-19 1.430125e-01 3.179144e-17 -5.017216e+00 2.352330e-17
       1 -3.255213e-20 -6.388835e-20 -8.526513e-20 1.000000e+00 0.000000e+00 0.000000e+00 0.000000e+00 1.000000e+00 0.000000e+00 0.000000e+00 0.000000e+00 1.000000e+00 0.000000e+00 0.000000e+00 0.000000e+00 0.000000e+00 0.000000e+00 0.000000e+00
       2 7.625411e-03 1.143543e-19 4.509654e-02 -9.872087e-01 -1.611450e-17 -1.594333e-01 -1.814525e-17 1.000000e+00 1.128149e-17 1.594333e-01 1.403014e-17 -9.872087e-01 7.450389e-02 0.000000e+00 1.544064e-01 8.851794e-17 -5.852348e+00 1.361602e-17
       3 6.073597e-03 1.098062e-19 3.548773e-02 1.594333e-01 -1.611450e-17 -9.872087e-01 -1.128149e-17 1.000000e+00 -1.814525e-17 9.872087e-01 1.403014e-17 1.594333e-01 1.307380e-01 8.294223e-19 1.453246e-01 8.851794e-17 -5.852348e+00 1.361602e-17
       1 -3.255213e-20 -6.388835e-20 -8.526513e-20 1.000000e+00 0.000000e+00 0.000000e+00 0.000000e+00 1.000000e+00 0.000000e+00 0.000000e+00 0.000000e+00 1.000000e+00 0.000000e+00 0.000000e+00 0.000000e+00 0.000000e+00 0.000000e+00 0.000000e+00
       2 8.274008e-03 1.143543e-19 4.652983e-02 -9.927747e-01 -1.684377e-17 -1.199931e-01 -1.842294e-17 1.000000e+00 1.205125e-17 1.199931e-01 1.417480e-17 -9.927747e-01 5.635397e-02 0.000000e+00 1.399949e-01 9.061842e-17 -3.492015e+00 1.325688e-17
       3 7.106079e-03 1.172985e-19 3.686684e-02 1.199931e-01 -1.684377e-17 -9.927747e-01 -1.205125e-17 1.000000e+00 -1.842294e-17 9.927747e-01 1.417480e-17 1.199931e-01 9.009726e-02 8.601612e-19 1.359165e-01 9.061842e-17 -3.492015e+00 1.325688e-17
       1 -3.255213e-20 -6.388835e-20 -8.526513e-20 1.000000e+00 0.000000e+00 0.000000e+00 0.000000e+00 1.000000e+00 0.000000e+00 0.000000e+00 0.000000e+00 1.000000e+00 0.000000e+00 0.000000e+00 0.000000e+00 0.000000e+00 0.000000e+00 0.000000e+00
       2 8.740037e-03 1.143543e-19 4.775287e-02 -9.942135e-01 -1.723137e-17 -1.074226e-01 -1.868249e-17 1.000000e+00 1.250217e-17 1.074226e-01 1.443675e-17 -9.942135e-01 3.747442e-02 0.000000e+00 1.117927e-01 3.204851e-17 9.579626e-02 2.177288e-17
       3 7.694459e-03 1.216875e-19 3.807588e-02 1.074226e-01 -1.723137e-17 -9.942135e-01 -1.250217e-17 1.000000e+00 -1.868249e-17 9.942135e-01 1.443675e-17 1.074226e-01 3.654740e-02 2.873678e-19 1.118928e-01 3.204851e-17 9.579626e-02 2.177288e-17
       1 -3.255213e-20 -6.388835e-20 -8.526513e-20 1.000000e+00 0.000000e+00 0.000000e+00 0.000000e+00 1.000000e+00 0.000000e+00 0.000000e+00 0.000000e+00 1.000000e+00 0.000000e+00 0.000000e+00 0.000000e+00 0.000000e+00 0.000000e+00 0.000000e+00
       2 9.020079e-03 1.143543e-19 4.864799e-02 -9.929506e-01 -1.735460e-17 -1.185289e-01 -1.895209e-17 1.000000e+00 1.235050e-17 1.185289e-01 1.450981e-17 -9.929506e-01 1.870495e-02 0.000000e+00 7.311563e-02 -4.195893e-17 2.308948e+00 3.166207e-17
       3 7.866401e-03 1.202112e-19 3.898329e-02 1.185289e-01 -1.735460e-17 -9.929506e-01 -1.235050e-17 1.000000e+00 -1.895209e-17 9.929506e-01 1.450981e-17 1.185289e-01 -3.610331e-03 -4.420482e-19 7.577942e-02 -4.195893e-17 2.308948e+00 3.166207e-17
       1 -3.255213e-20 -6.388835e-20 -8.526513e-20 1.000000e+00 0.000000e+00 0.000000e+00 0.000000e+00 1.000000e+00 0.000000e+00 0.000000e+00 0.000000e+00 1.000000e+00 0.000000e+00 0.000000e+00 0.000000e+00 0.000000e+00 0.000000e+00 0.000000e+00
       2 9.115576e-03 1.143543e-19 4.913572e-02 -9.907579e-01 -1.744743e-17 -1.356424e-01 -1.922379e-17 1.000000e+00 1.178607e-17 1.356424e-01 1.428470e-17 -9.907579e-01 3.223599e-04 0.000000e+00 2.840283e-02 -7.336224e-17 2.028021e+00 3.589062e-17
       3 7.795326e-03 1.147174e-19 3.949236e-02 1.356424e-01 -1.744743e-17 -9.907579e-01 -1.178607e-17 1.000000e+00 -1.922379e-17 9.907579e-01 1.428470e-17 1.356424e-01 -1.923456e-02 -7.548426e-19 3.108032e-02 -7.336224e-17 2.028021e+00 3.589062e-17
       1 -3.255213e-20 -6.388835e-20 -8.526513e-20 1.000000e+00 0.000000e+00 0.000000e+00 0.000000e+00 1.000000e+00 0.000000e+00 0.000000e+00 0.000000e+00 1.000000e+00 0.000000e+00 0.000000e+00 0.000000e+00 0.000000e+00 0.000000e+00 0.000000e+00
       2 9.029519e-03 1.143543e-19 4.918308e-02 -9.897548e-01 -1.768068e-17 -1.427777e-01 -1.949112e-17 1.000000e+00 1.128155e-17 1.427777e-01 1.394887e-17 -9.897548e-01 -1.768341e-02 0.000000e+00 -1.728095e-02 -4.372996e-17 2.174073e-01 3.237757e-17
       3 7.639819e-03 1.098068e-19 3.954949e-02 1.427777e-01 -1.768068e-17 -9.897548e-01 -1.128155e-17 1.000000e+00 -1.949112e-17 9.897548e-01 1.394887e-17 1.427777e-01 -1.977782e-02 -4.662716e-19 -1.697882e-02 -4.372996e-17 2.174073e-01 3.237757e-17
       1 -3.255213e-20 -6.388835e-20 -8.526513e-20 1.000000e+00 0.000000e+00 0.000000e+00 0.000000e+00 1.000000e+00 0.000000e+00 0.000000e+00 0.000000e+00 1.000000e+00 0.000000e+00 0.000000e+00 0.000000e+00 0.000000e+00 0.000000e+00 0.000000e+00
       2 8.766062e-03 1.143543e-19 4.880578e-02 -9.906662e-01 -1.805260e-17 -1.363104e-01 -1.976245e-17 1.000000e+00 1.119053e-17 1.363104e-01 1.377991e-17 -9.906662e-01 -3.521562e-02 0.000000e+00 -5.896471e-02 1.494404e-17 -1.339539e+00 2.497419e-17
       3 7.439311e-03 1.089209e-19 3.916332e-02 1.363104e-01 -1.805260e-17 -9.906662e-01 -1.119053e-17 1.000000e+00 -1.976245e-17 9.906662e-01 1.377991e-17 1.363104e-01 -2.229917e-02 1.109627e-19 -6.074195e-02 1.494404e-17 -1.339539e+00 2.497419e-17
       1 -3.255213e-20 -6.388835e-20 -8.526513e-20 1.000000e+00 0.000000e+00 0.000000e+00 0.000000e+00 1.000000e+00 0.000000e+00 0.000000e+00 0.000000e+00 1.000000e+00 0.000000e+00 0.000000e+00 0.000000e+00 0.000000e+00 0.000000e+00 0.000000e+00
